json/gfs_20240724_00.json
{"header": { "discipline":0, "disciplineName":"Meteorological products", "gribEdition":2, "gribLength":79734, "center":7, "centerName":"US National Weather Service - NCEP(WMC)", "subcenter":0, "refTime":"2024-07-24T00:00:00.000Z", "significanceOfRT":1, "significanceOfRTName":"Start of forecast", "productStatus":0, "productStatusName":"Operational products", "productType":1, "productTypeName":"Forecast products", "productDefinitionTemplate":0, "productDefinitionTemplateName":"Analysis/forecast at horizontal level/layer at a point in time", "parameterCategory":2, "parameterCategoryName":"Momentum", "parameterNumber":3, "parameterNumberName":"V-component_of_wind", "parameterUnit":"m.s-1", "genProcessType":2, "genProcessTypeName":"Forecast", "forecastTime":0, "surface1Type":103, "surface1TypeName":"Specified height level above ground", "surface1Value":10.0, "surface2Type":255, "surface2TypeName":"Missing", "surface2Value":0.0, "gridDefinitionTemplate":0, "gridDefinitionTemplateName":"Latitude_Longitude", "numberPoints":65160, "shape":6, "shapeName":"Earth spherical with radius of 6,371,229.0 m", "gridUnits":"degrees", "resolution":48, "winds":"true", "scanMode":0, "nx":360, "ny":181, "basicAngle":0, "lo1":0.0, "la1":90.0, "lo2":359.0, "la2":-90.0, "dx":1.0, "dy":1.0 }, "data":
[rows 130 to 155 of 181, columns 236 to 294 of 360]
5.27522,4.48522,4.7852197,4.9252195,4.91522,5.14522,5.8052197,6.1352196,6.8852196,7.27522,7.9652195,8.57522,9.42522,10.09522,10.03522,10.085219,9.57522,8.335219,7.1352196,6.9752197,3.8252196,4.6552196,4.41522,2.5652196,0.52521974,0.07521973,-0.8147803,-1.8247802,-1.7547803,0.16521972,1.4452198,2.6952198,-0.8247803,6.2852197,-9.624781,-9.32478,-7.99478,-6.72478,-5.10478,-5.3047805,-4.3647804,-5.06478,-4.9447803,-3.6147802,-0.9447803,-3.2647803,-2.8447802,-1.9347802,-3.3947802,-7.9047804,-8.124781,-2.7047803,-1.0747802,-1.6047803,3.1952198,4.4552197,1.5452198,-2.2947803,-5.9047804
3.3452196,5.6552196,4.9252195,4.12522,3.9652197,4.1952195,4.41522,5.0952196,5.6552196,6.6752195,7.37522,8.06522,8.36522,8.585219,8.31522,8.15522,7.93522,7.8052197,7.29522,6.00522,4.41522,5.18522,5.9952197,5.2652197,2.8752198,1.4952197,-0.034780275,-1.2147803,-2.9547803,-2.5047803,-1.2947803,0.7352197,1.1452197,1.5752198,3.0252197,-9.954781,-9.92478,-8.47478,-6.99478,-5.74478,-5.2547803,-5.66478,-5.2547803,-4.7847805,-3.0947802,-1.3747803,-2.5447803,-3.2347803,-2.8247802,-6.76478,-9.60478,-2.3947802,-0.33478028,-0.7447803,1.9952197,-1.0347803,1.6052197,-2.4247804,-3.6647804
3.1652198,4.10522,4.1552196,3.6352198,3.0652196,3.1552198,3.3452196,3.6252198,4.5352197,5.16522,6.6552196,7.16522,7.75522,7.7052197,8.415219,7.83522,7.4252195,6.62522,7.16522,6.8652196,5.83522,5.9052196,5.7452197,5.50522,3.8152196,2.9552197,0.15521973,0.5652197,-2.0947802,-4.3847804,-4.3647804,-2.8747802,-0.8747803,0.10521973,-0.55478024,0.6652197,6.12522,-7.74478,-7.2347803,-5.8247805,-6.0547805,-6.1547804,-5.41478,-5.1547804,-4.3247805,-3.5347803,-2.7247803,-3.3247802,-3.9247804,-6.4247804,-7.24478,-10.98478,-0.18478027,0.14521973,-0.36478028,1.8952197,0.94521976,-1.4947803,-2.4947803
0.5352197,4.33522,2.8652198,3.8052197,2.9352198,3.3752198,3.3352196,3.5952196,3.2452197,4.41522,5.3852196,6.9552197,7.2052197,6.8252196,6.18522,4.9052196,5.3252196,6.4452195,6.5152197,5.2052197,5.12522,4.7852197,5.79522,6.14522,5.4252195,3.6052198,2.3452196,0.45521972,3.0052197,-2.9847803,-5.60478,-6.31478,-4.9447803,-3.1947803,-2.1647804,-3.5747802,-4.3647804,-3.0347803,-1.7447803,-1.3647803,-0.19478028,-0.9647803,-2.3647802,-4.6747804,-4.12478,-4.0747805,-3.7347803,-3.3247802,-4.56478,-6.6147804,-2.3347802,-5.68478,-1.1047803,0.7452197,-2.0347803,-2.6247802,-1.0847802,2.9452198,1.7552197
3.6952198,1.8952197,3.0952196,3.1452198,4.1152196,3.5952196,4.4652195,3.8552198,3.8552198,4.2652197,4.5752196,5.4652195,5.9252195,6.3452196,6.60522,6.2452197,5.4952197,5.31522,4.68522,5.7252197,4.1952195,5.3252196,4.60522,4.06522,3.5752196,2.8552198,2.8852198,1.7052197,1.7652197,-2.1447802,-1.7147803,-6.1547804,-7.6747804,-7.18478,-5.76478,-4.31478,-5.0247803,-5.2347803,-3.9447803,-5.1347804,-4.0547805,-3.2347803,-0.85478026,1.1652198,1.5352197,-2.9647803,-3.8847802,-5.2947803,-4.1547804,-5.4047804,-6.14478,-2.4247804,-0.8747803,-3.1347802,1.3752197,0.3652197,0.015219727,0.41521972,2.8252196
3.5152197,3.4752197,3.3452196,2.5952196,2.2452197,2.3452196,3.1152198,3.4452198,3.3652198,3.7852197,3.3252196,3.5252197,3.7152197,4.98522,5.54522,5.54522,5.62522,4.5352197,3.8252196,3.9952197,5.0552197,5.14522,4.6752195,4.7152195,4.79522,4.37522,2.4552197,0.7352197,-0.8847803,-0.20478028,-0.054780275,-3.7847803,-7.7347803,-9.47478,-9.124781,-7.66478,-6.95478,-5.2947803,-6.0747805,-4.43478,-3.5147803,-4.0547805,-4.7347803,-2.2847803,-3.2047803,-1.0747802,-0.54478025,-2.9047804,-4.6547804,-6.0747805,-1.3047802,-1.3547803,-1.8247802,-1.3147802,-3.2247803,-0.5147803,1.2952198,-0.18478027,0.30521974
4.3652196,3.3752198,3.5352197,4.16522,3.9152198,2.8552198,1.4352198,1.2052197,1.2952198,1.9352198,2.2652197,2.3752198,2.1552198,2.8252196,3.7752197,4.7252197,5.31522,4.5152197,4.1352196,4.2252197,4.14522,4.5152197,3.8952198,3.3052197,3.5152197,4.5552197,2.1852198,1.2752197,-0.65478027,-1.8147802,-2.5247803,-3.1047802,-7.2547803,-10.75478,-11.59478,-10.47478,-9.494781,-8.21478,-7.06478,-5.7747803,-4.3647804,-4.0347805,-3.1347802,-3.8147802,-3.3147802,-0.21478027,-4.20478,-2.1447802,-1.6147803,-3.0947802,-1.4447802,-1.2947803,-0.46478027,-2.6547804,-5.0747805,-1.1147803,-2.9947803,1.9052197,1.8852197
2.8152196,2.9152198,2.9352198,2.9952197,3.2252197,3.8152196,3.3252196,1.9652197,1.0552198,0.32521972,1.6752198,0.89521974,0.6852197,0.7952197,0.6252197,2.1252198,2.4352198,2.7052197,4.12522,3.1752198,4.5352197,4.62522,5.91522,5.4452195,4.41522,4.04522,2.1552198,1.2452197,1.0652198,-2.5747802,-3.0147803,-3.1247802,-6.08478,-11.27478,-13.27478,-13.084781,-12.46478,-10.61478,-9.21478,-7.33478,-6.2347803,-3.7647803,-2.5247803,-2.9947803,-2.8147802,-5.8647804,-3.7047803,-2.8647802,-3.5747802,-1.6647803,-1.3347802,-0.16478027,-1.8947803,-2.2847803,0.6852197,0.34521973,-1.7847803,2.5252197,2.0052197
5.2252197,5.31522,5.1952195,5.4552197,4.9952197,4.9552197,4.4652195,3.6452198,2.6152198,1.1152197,-0.18478027,-1.1647803,-1.2147803,-1.8947803,-1.7247803,-1.8847803,-0.49478027,0.84521973,0.7952197,1.8452197,2.1952198,2.6152198,4.35522,5.2252197,6.35522,5.75522,3.4852197,2.9852197,0.7352197,0.6152197,-2.4047804,-3.6647804,-6.0447803,-12.30478,-14.744781,-15.17478,-14.204781,-12.92478,-11.44478,-9.88478,-9.11478,-6.74478,-3.9747803,-3.3647802,-2.0747802,-3.0247803,-3.3347802,-3.9247804,-1.0447803,-1.8047802,-1.5947803,-1.5647802,-2.3047802,-1.1047803,-1.8547803,0.88521975,1.2552197,4.3652196,3.9652197
5.64522,5.9652195,6.00522,5.6152196,5.0152197,4.60522,4.14522,4.4952197,4.3452196,3.4552197,2.3252196,0.8552197,-0.10478027,-2.0947802,-3.1347802,-4.3647804,-4.2347803,-2.9447803,-1.1447803,-0.19478028,0.9152197,2.6052198,4.04522,4.1352196,5.23522,6.08522,6.73522,6.6552196,3.2452197,0.7852197,-1.7747803,-2.4047804,-9.40478,-12.834781,-14.834781,-17.11478,-15.81478,-14.39478,-12.86478,-11.23478,-8.60478,-7.7347803,-5.66478,-3.6747804,-2.8247802,-3.4347804,-3.4647803,-2.6047802,-4.3047805,-1.9847803,-2.3347802,-1.3447803,-1.8447803,-2.5347803,-0.5147803,2.3752198,1.7652197,3.7952197,3.1152198
5.79522,5.4952197,5.3852196,5.6352196,5.4752197,4.8652196,4.62522,4.0952196,3.6252198,3.0452197,2.7252197,2.7652197,2.5552197,2.1352198,-0.10478027,-5.18478,-7.37478,-6.1547804,-4.6347804,-2.1447802,-0.91478026,1.0752198,2.3252196,5.3452196,5.02522,6.35522,7.7052197,7.9752197,6.5952196,1.8852197,-5.4047804,-6.8047805,-7.99478,-14.914781,-16.62478,-17.88478,-17.07478,-15.76478,-14.11478,-12.43478,-10.32478,-8.94478,-7.2547803,-5.3047805,-3.3847802,-3.1147802,-3.4447803,-2.5647802,-1.7847803,-3.5147803,-0.7447803,-2.0047803,1.7352197,0.14521973,1.7352197,3.4052198,6.06522,6.00522,4.10522
6.31522,6.3052197,5.75522,5.7252197,5.4952197,5.1152196,4.7652197,4.5552197,4.98522,4.2152195,3.9952197,5.35522,5.7152195,3.2052197,2.9152198,1.5552198,-6.4847803,-7.43478,-6.8247805,-4.8447804,-3.0947802,-0.7647803,1.4352198,4.1352196,5.48522,6.6752195,9.31522,12.57522,9.28522,3.2952197,-7.31478,-8.90478,-5.81478,-17.50478,-16.48478,-17.93478,-17.65478,-15.914781,-14.5347805,-12.794781,-11.36478,-9.92478,-8.80478,-7.0747805,-5.35478,-4.01478,-2.7847803,-1.9247802,-0.85478026,-0.8247803,-2.1047802,0.4252197,2.5152197,5.5152197,6.31522,5.5752196,6.02522,6.35522,5.4652195
8.69522,8.205219,7.93522,6.9552197,6.6952195,6.98522,6.41522,6.9052196,6.0752196,7.02522,6.75522,6.9252195,6.7452197,4.64522,3.5452197,2.9252198,2.6452198,-8.23478,-9.77478,-8.26478,-5.95478,-3.8547802,-1.0947803,1.4952197,4.18522,6.4952197,9.42522,13.165219,12.35522,-0.06478027,2.3952198,-5.64478,-13.32478,-14.76478,-18.23478,-17.814781,-16.99478,-15.90478,-14.27478,-13.06478,-11.994781,-10.584781,-9.80478,-8.124781,-7.33478,-6.58478,-5.0247803,-3.3247802,-1.7447803,-0.6847803,0.10521973,1.4352198,2.8552198,6.2852197,5.64522,7.0152197,7.0352197,5.7152195,7.56522
8.73522,8.375219,8.23522,7.75522,6.1152196,8.27522,7.4952197,9.43522,7.06522,7.0152197,6.4952197,6.4452195,6.37522,5.79522,6.16522,4.9452195,2.9752197,-0.24478027,-9.57478,-10.584781,-8.56478,-6.12478,-3.8847802,-0.98478025,2.4152198,5.0552197,8.88522,11.06522,14.125219,5.4052196,5.4652195,-6.16478,-10.72478,-17.88478,-17.37478,-16.96478,-16.59478,-15.35478,-13.93478,-12.65478,-11.874781,-10.94478,-10.164781,-8.55478,-6.70478,-5.8247805,-4.6747804,-3.2747803,-2.1347802,-1.1547803,-0.07478027,-0.5847803,0.90521973,3.2452197,7.5552197,5.8652196,8.01522,5.4752197,6.12522
8.31522,8.61522,9.93522,9.375219,8.045219,7.85522,6.8052197,7.16522,6.81522,7.81522,7.56522,7.10522,6.6552196,5.9952197,6.04522,5.48522,5.58522,3.5252197,2.0752196,-11.794781,-12.0347805,-9.30478,-7.0447803,-4.1347804,-0.67478025,2.5452197,6.0352197,8.255219,10.835219,10.57522,5.93522,-1.1047803,-12.374781,-16.38478,-16.33478,-15.60478,-14.81478,-13.94478,-13.02478,-12.34478,-12.11478,-10.90478,-8.954781,-8.09478,-7.0347805,-6.1947803,-5.26478,-4.6747804,-3.4347804,-2.0547802,-0.23478027,0.40521973,2.1952198,4.4052196,3.7352197,4.16522,2.3552198,4.31522,11.03522
8.98522,8.76522,8.64522,9.005219,7.4652195,7.5552197,7.2052197,7.18522,6.39522,7.29522,7.58522,8.545219,7.8252196,6.27522,6.7252197,6.29522,4.83522,4.1952195,2.2852197,4.1152196,-14.88478,-12.94478,-10.834781,-7.74478,-4.2547803,-1.1247803,1.8552197,3.9052198,6.4052196,7.58522,9.94522,0.9952197,-5.1747804,-15.544781,-14.57478,-13.84478,-12.72478,-12.15478,-11.494781,-11.13478,-11.15478,-10.65478,-9.25478,-8.22478,-7.8047805,-6.2947803,-5.0747805,-4.16478,-3.2147803,-2.1247802,-1.6447803,-0.084780276,1.3552197,2.4552197,3.6452198,1.2452197,4.2252197,5.50522,5.9052196
7.0152197,6.9452195,7.2152195,7.6152196,7.1152196,7.31522,7.4252195,7.25522,7.5952196,7.2152195,8.18522,7.8252196,7.6552196,6.5152197,5.08522,4.10522,2.9852197,1.4452198,1.0652198,0.5452197,-3.6247802,-16.19478,-13.874781,-11.17478,-7.43478,-4.5747805,-2.7247803,0.5652197,2.5452197,3.6452198,3.8552198,2.8352196,2.9652197,-3.2247803,-8.69478,-8.454781,-8.71478,-8.2847805,-8.81478,-9.36478,-9.75478,-9.68478,-8.81478,-7.93478,-7.14478,-6.01478,-5.5447803,-3.8147802,-2.9147804,-1.8247802,-2.0147803,-0.7647803,1.2052197,3.3252196,4.5352197,5.4552197,7.1152196,7.9252195,6.98522
7.3852196,7.27522,7.6152196,6.5952196,6.27522,7.06522,6.54522,7.5152197,6.7052197,6.77522,7.85522,7.54522,8.23522,8.01522,8.795219,13.69522,1.8852197,-2.3447802,-2.9547803,-2.6347802,-5.6347804,-17.35478,-15.25478,-13.89478,-10.05478,-7.18478,-4.87478,-3.9947803,-0.97478026,0.46521974,0.64521974,1.1752198,0.22521973,-2.2747803,-3.6247802,-4.20478,-4.2947803,-3.8747802,-3.3147802,-3.8147802,-4.56478,-4.8847804,-5.2347803,-6.5047803,-6.4247804,-5.8047805,-4.43478,-3.8547802,-2.5747802,-1.2147803,-0.97478026,-1.1047803,1.8052198,4.4952197,5.4552197,8.82522,9.205219,12.005219,7.7452197
8.06522,7.50522,7.0152197,6.9952197,6.1552196,6.54522,6.25522,6.8852196,6.9252195,7.73522,7.7452197,8.03522,8.13522,8.255219,9.09522,10.94522,13.295219,0.27521974,-7.58478,-6.87478,-7.2147803,-11.48478,-17.62478,-15.874781,-12.00478,-8.874781,-7.31478,-5.8847804,-5.0447803,-2.0047803,-1.5647802,-0.44478026,-1.3947803,-1.3247802,-1.1247803,-0.90478027,-0.5247803,0.12521973,-0.25478026,-0.29478028,-1.2247803,-2.0747802,-3.4647803,-4.9847803,-5.60478,-5.5347805,-4.6347804,-3.4247804,-2.7647803,-1.9647803,-1.5847802,0.58521974,3.2952197,4.9952197,2.1652198,4.00522,9.585219,13.59522,16.01522
7.4552197,7.02522,7.1152196,6.33522,5.93522,6.08522,6.5352197,6.89522,7.56522,7.83522,8.05522,7.8452196,8.68522,8.24522,9.23522,9.86522,9.955219,1.5052197,-6.51478,-7.3847804,-11.46478,-16.59478,-17.94478,-16.12478,-12.50478,-9.61478,-7.9647803,-6.8447804,-4.99478,-6.56478,-4.12478,-1.7947803,1.1852198,0.8552197,-2.6247802,-2.0047803,-0.084780276,1.0652198,1.2452197,-0.044780273,-1.2047802,-2.3747802,-2.5047803,-4.5047803,-5.7347803,-4.8447804,-4.0047803,-1.4147803,-2.0547802,-2.5447803,-0.67478025,2.6452198,1.5752198,-0.41478026,-0.9547803,1.5252197,4.9652195,7.6752195,9.24522
7.4952197,8.625219,7.1552196,6.9552197,6.0152197,6.66522,7.2152195,7.9652195,7.73522,8.585219,9.32522,8.94522,8.48522,8.44522,8.11522,9.545219,7.81522,-5.58478,-5.14478,-6.0947804,-5.8247805,-17.75478,-17.42478,-14.92478,-12.244781,-10.57478,-9.63478,-7.43478,-8.164781,-6.41478,-3.2747803,-1.3947803,0.30521974,1.5052197,2.7552197,4.5552197,4.4552197,3.4952197,2.4852197,1.1352197,1.2952198,-5.1547804,-4.45478,-2.1547804,-5.31478,-0.59478027,-1.7047802,-0.28478026,-0.8847803,-0.61478025,-1.4747803,-2.0447803,-7.10478,-4.60478,-2.3447802,-0.41478026,1.3952197,3.0252197,4.41522
8.585219,6.9452195,7.54522,7.1552196,7.75522,7.50522,7.7052197,9.14522,9.585219,9.7152195,10.13522,9.64522,9.39522,8.625219,6.8652196,6.4252195,-5.8447804,-5.5747805,-6.85478,-6.89478,-17.00478,-15.64478,-13.71478,-12.59478,-10.68478,-9.69478,-8.42478,-8.374781,-5.81478,-7.8447804,-5.39478,-2.5347803,-0.18478027,1.8852197,3.8352196,5.27522,7.9052196,8.19522,6.58522,-3.1947803,-4.2847805,-4.18478,-2.7447803,-0.46478027,1.4952197,1.0652198,5.1152196,2.7552197,-2.8147802,-2.0447803,-5.3247805,-12.584781,-10.14478,-7.01478,-4.7847805,-2.7347803,-1.2847803,0.27521974,1.6152197
8.915219,7.7052197,7.7652197,8.11522,7.23522,8.28522,9.415219,10.125219,10.165219,10.77522,11.02522,12.78522,13.89522,5.7152195,-3.8047802,-6.97478,-5.2147803,-7.56478,-5.1947803,-13.00478,-12.55478,-12.14478,-11.39478,-9.75478,-8.22478,-7.91478,-6.49478,-6.5747805,-5.45478,-5.49478,-5.49478,-3.6547804,-1.0947803,0.9152197,2.4552197,5.2152195,0.58521974,1.0552198,0.58521974,1.0352197,0.43521973,0.18521972,0.8552197,3.0652196,5.25522,8.085219,13.48522,0.89521974,0.3952197,-7.0447803,-11.67478,-10.38478,-9.69478,-8.67478,-7.37478,-5.7747803,-3.6547804,-1.5347803,0.21521972
8.165219,7.9752197,8.2152195,8.835219,8.77522,9.67522,7.93522,10.34522,11.24522,12.14522,13.89522,13.625219,11.085219,-4.62478,-0.084780276,-3.4347804,-7.74478,-6.3447804,-7.1347804,-9.52478,-8.67478,-8.77478,-8.5347805,-8.11478,-7.2547803,-6.1547804,-4.2847805,-4.35478,-3.2947803,-5.0447803,-0.7547803,-3.4847803,-4.35478,-0.10478027,2.8352196,2.4352198,4.9952197,-5.97478,-4.4847803,-2.9347804,-1.0947803,0.3952197,1.9652197,2.8752198,4.2452197,6.9252195,9.03522,11.705219,6.58522,-4.18478,-7.7547803,-8.2847805,-8.044781,-7.7747803,-6.8447804,-5.1547804,-3.2547803,0.11521973,2.6252198
9.49522,9.48522,8.84522,9.005219,9.72522,10.13522,10.27522,10.74522,11.36522,13.32522,10.65522,-1.1847802,0.71521974,2.2952197,1.8552197,-0.5247803,-3.3947802,-5.6747804,-6.74478,-7.01478,-7.41478,-7.3447804,-7.2847805,-7.31478,-6.0747805,-4.91478,-3.6847804,-2.8647802,-2.0447803,-3.6947803,-3.8947802,-0.42478028,1.7552197,-0.5047803,0.9752197,2.3952198,3.3952198,-9.084781,-7.43478,-6.0447803,-4.64478,-3.0247803,-0.8847803,0.26521972,1.5252197,2.3652198,2.5652196,2.7352197,2.9752197,2.8052197,1.9252198,0.6752197,-0.5147803,0.07521973,-0.15478027,-0.5047803,-0.17478028,1.3152198,2.9352198
9.13522,9.18522,8.49522,8.68522,9.77522,9.59522,9.94522,10.53522,11.38522,14.01522,8.01522,-2.9747803,-2.5247803,-2.1047802,-2.3247802,-2.3947802,-2.7847803,-3.9747803,-5.58478,-7.10478,-7.9447803,-7.7747803,-7.06478,-6.39478,-5.85478,-4.56478,-3.6147802,-1.8847803,-1.1547803,-1.1647803,-1.6347803,-0.11478028,-1.6247803,1.6452197,2.3852198,5.2652197,4.14522,-9.454781,-7.89478,-5.97478,-4.24478,-3.0747802,-3.3747802,-2.7847803,-1.8547803,-1.0647802,-0.34478027,-0.25478026,-0.13478027,-0.20478028,-0.7047803,-0.90478027,-1.4347802,-1.1947802,-0.86478025,-0.7647803,0.22521973,1.7252197,3.3152196
