json/gfs_20240717_18.json
{"header": { "discipline":0, "disciplineName":"Meteorological products", "gribEdition":2, "gribLength":79612, "center":7, "centerName":"US National Weather Service - NCEP(WMC)", "subcenter":0, "refTime":"2024-07-17T18:00:00.000Z", "significanceOfRT":1, "significanceOfRTName":"Start of forecast", "productStatus":0, "productStatusName":"Operational products", "productType":1, "productTypeName":"Forecast products", "productDefinitionTemplate":0, "productDefinitionTemplateName":"Analysis/forecast at horizontal level/layer at a point in time", "parameterCategory":2, "parameterCategoryName":"Momentum", "parameterNumber":2, "parameterNumberName":"U-component_of_wind", "parameterUnit":"m.s-1", "genProcessType":2, "genProcessTypeName":"Forecast", "forecastTime":0, "surface1Type":103, "surface1TypeName":"Specified height level above ground", "surface1Value":10.0, "surface2Type":255, "surface2TypeName":"Missing", "surface2Value":0.0, "gridDefinitionTemplate":0, "gridDefinitionTemplateName":"Latitude_Longitude", "numberPoints":65160, "shape":6, "shapeName":"Earth spherical with radius of 6,371,229.0 m", "gridUnits":"degrees", "resolution":48, "winds":"true", "scanMode":0, "nx":360, "ny":181, "basicAngle":0, "lo1":0.0, "la1":90.0, "lo2":359.0, "la2":-90.0, "dx":1.0, "dy":1.0 }, "data":
[rows 100 to 124 of 181, columns 285 to 341 of 360]
-0.14009766,-0.47009766,-0.99009764,-1.5400977,-1.3500977,-1.1800977,-1.4000976,-1.1100976,-0.85009766,-1.2200977,-0.31009766,-1.4400977,-1.4000976,-0.74009764,-1.2800976,-1.4400977,-1.5800977,-1.6000977,-2.0600977,-2.3800976,-2.3100977,-1.7100977,-1.9300977,-1.9300977,-2.4400976,-1.6000977,-2.6100976,-2.9100976,-3.2700977,-3.9800978,-3.8300977,-4.460098,-4.480098,-2.1600976,-5.5100975,-4.0600977,-4.9900975,-5.2000976,-3.8900976,-5.6800976,-6.5000978,-7.4900975,-7.4900975,-7.860098,-8.420097,-8.690098,-8.350098,-7.8500977,-8.350098,-7.7400975,-7.8700976,-7.400098,-7.190098,-7.7700977,-7.3400974,-7.6400976,-6.730098
-1.4800977,-2.1400976,-0.68009764,-1.5600977,-1.2900977,-1.5300976,-1.3000977,-1.6000977,-0.78009766,-1.3200977,-1.0700977,-1.0500977,-0.84009767,-0.79009765,-1.6600976,-1.7600976,-1.7300977,-0.98009765,-1.2100977,-1.6800977,-1.6100976,-1.1700977,-1.4100976,-2.0400977,-2.7000976,-1.9500977,-1.5700977,-1.9600977,-2.7300978,-4.4900975,-3.2800977,-1.9700977,-2.4300976,-8.0100975,-4.130098,-4.6600976,-5.1600976,-5.3400974,-3.3700976,-6.4500976,-6.670098,-6.7600975,-7.6800976,-8.170097,-8.220098,-8.070098,-8.210097,-7.8300977,-8.020098,-8.020098,-7.8400974,-8.160098,-8.020098,-8.420097,-7.420098,-7.7600975,-7.150098
-6.440098,-0.070097655,-0.110097654,-1.7000977,-1.4200977,-1.2400976,-1.5600977,-1.2700976,-1.3700976,-1.3100977,-1.3200977,-1.3400977,-0.47009766,0.21990234,-0.12009766,-1.5400977,-1.2400976,-0.53009766,-0.91009766,-0.8200977,-1.3500977,-1.4000976,-1.1300976,-1.4400977,-2.7400978,-2.2700977,-2.8400977,-2.2900977,-2.1800976,-3.3400977,-3.5300977,-3.5800977,-3.9400976,-3.1000977,-1.5200976,-2.8800976,-4.440098,-3.0800977,-5.5400977,-6.7400975,-6.6400976,-7.0600977,-8.420097,-7.6600976,-7.670098,-8.700098,-8.880097,-9.020098,-8.320098,-8.180098,-7.7200975,-7.4300976,-7.610098,-7.960098,-8.480098,-8.130097,-7.9900975
-4.5500975,-2.8100977,0.89990234,-1.8300977,-1.7400976,-1.2700976,-1.5100976,-2.2900977,-1.9200977,-1.6100976,-1.8500977,-2.0000978,-0.31009766,-0.65009767,0.11990234,-1.6600976,-1.5200976,-1.8000977,-0.9500977,-0.7000977,-1.1700977,-1.3700976,-1.0000976,-2.4000976,-0.69009763,-1.5900977,-1.3100977,-2.9700975,-1.4100976,-2.8000977,-3.3700976,-2.7200975,-2.0600977,-4.3900976,1.4899024,-4.0800977,-2.2700977,-5.3700976,-5.3100977,-5.8400974,-6.650098,-7.2800975,-7.6800976,-7.170098,-8.210097,-7.4100976,-8.120098,-8.070098,-7.360098,-8.090097,-8.800097,-7.5800977,-7.150098,-8.0100975,-7.6200976,-7.5800977,-7.1000977
1.0799023,-2.9200976,-0.49009764,0.15990235,-0.30009764,-2.9500976,-1.0400977,-1.7600976,-1.6500976,-1.9700977,-1.6200976,-1.2400976,-1.2900977,-0.80009764,0.16990234,-0.17009765,-2.3100977,-2.5700977,-0.67009765,-1.3900976,-1.1400976,-1.7400976,-2.4100976,-1.1500976,-0.7700977,-0.8200977,-0.66009766,0.82990235,1.1499023,-3.3300977,-3.3100977,-2.3900976,-2.9600976,-3.6800976,-4.420098,-3.3100977,-2.0000978,-5.230098,-5.1600976,-5.650098,-6.920098,-6.7500978,-7.0500975,-6.7600975,-7.920098,-7.1800976,-8.950098,-8.290097,-7.2600975,-7.6400976,-7.690098,-6.7000976,-7.2600975,-7.1000977,-8.040097,-7.710098,-7.380098
1.8699024,3.5799024,0.90990233,0.7899023,-0.91009766,-2.4800978,-3.0900977,-1.9500977,-1.5500977,-1.2700976,-1.5100976,-1.1200976,-1.0500977,-1.0500977,-1.3500977,-1.7100977,-1.4700977,-1.1200976,-1.4600977,1.3899024,-2.1700976,-1.5400977,0.81990236,-0.93009764,-0.61009765,-1.3500977,-1.5000976,-2.7400978,-1.7800976,-2.4100976,-2.9400976,-1.6300976,-1.6100976,-3.3400977,-3.6300976,-3.5000978,-2.8400977,-4.4700975,-4.960098,-5.3500977,-6.0900974,-6.3400974,-5.6200976,-6.8100977,-6.7800975,-7.1600976,-6.8300977,-6.8100977,-6.940098,-7.230098,-6.6000977,-6.480098,-6.460098,-6.5700974,-6.360098,-5.8100977,-7.3400974
-3.5500977,0.70990235,3.4999022,1.3099023,-3.1500976,-2.3400977,0.25990236,-2.3800976,-0.7700977,-1.6000977,-1.1000977,-1.2800976,-0.41009766,-1.6300976,-1.6700977,-1.3200977,-0.80009764,-1.5300976,-0.7600977,-0.67009765,-1.4500977,0.22990234,-1.9000976,-2.2100976,-0.070097655,-0.92009765,-0.8800976,-2.4800978,-2.3500977,-1.3900976,-1.8500977,-1.4500977,-2.6800976,-2.4700975,-2.4500976,-2.2900977,-2.3700976,-3.1700976,-3.3300977,-4.0700974,-5.0400977,-5.1800976,-6.0200977,-6.3300977,-6.110098,-5.8500977,-7.0100975,-6.2600975,-6.3700976,-5.8200974,-5.360098,-4.880098,-5.6000977,-5.690098,-5.7200975,-5.0400977,-5.4700975
-3.4400976,-2.7400978,-1.0100976,0.38990235,1.9199023,-1.6900977,-0.41009766,-3.2700977,1.7199024,-2.5600977,-1.0800977,-1.9200977,-1.3600976,-0.68009764,-0.19009766,-0.75009763,-1.2800976,-1.1100976,-0.41009766,0.26990235,2.0499024,-1.1500976,-1.2900977,-1.5500977,-1.9500977,-1.2900977,-2.1300976,-2.6600976,-1.8700976,-1.8600976,-1.3900976,-1.9100976,-2.0500977,-2.2100976,-1.5900977,-0.5100977,-2.2600977,-1.5400977,-2.0900977,-2.4400976,-3.5700977,-4.5400977,-5.7900977,-6.0100975,-6.5100975,-6.2000976,-5.7600975,-5.1200976,-4.5400977,-4.3400974,-4.5600977,-4.0700974,-4.0700974,-3.7300978,-4.2600975,-4.3300977,-4.3700976
-1.8700976,-1.6300976,-0.40009767,0.6099023,1.0499023,3.1099024,0.47990236,0.57990235,2.0299025,-2.4700975,-3.1200976,-0.56009763,-1.7000977,-0.59009767,-0.43009767,-1.3900976,-0.54009765,-1.3600976,-0.46009767,-0.97009766,-1.5600977,-1.0200976,-2.2900977,-2.9300976,-2.6200976,-1.8400977,-1.7900977,-2.5600977,-1.7100977,-0.61009765,2.0099022,0.48990235,-1.1500976,-0.24009766,-2.8400977,-1.8300977,-1.9000976,-1.2100977,-1.9200977,-2.4100976,-2.7200975,-4.0600977,-4.7500978,-5.0600977,-4.7700977,-4.3200974,-4.0900974,-3.7200975,-3.1400976,-2.6200976,-1.7700976,-2.0500977,-2.1000977,-2.5000978,-3.3600976,-3.7000976,-3.9700975
-1.9400977,-0.8200977,0.25990236,0.70990235,1.3499024,3.7999024,-0.50009763,-1.2500976,0.50990236,1.2599024,0.46990234,-2.4900978,-1.7800976,-1.5900977,-0.99009764,-0.91009766,-1.5900977,1.0899024,-1.2100977,-0.9600977,-1.4700977,-1.7300977,-2.5000978,-2.4600976,-2.5500977,-1.4600977,-2.3400977,-0.94009763,-0.19009766,0.069902346,0.7299023,2.3299024,0.36990234,-0.5800977,0.13990234,-2.3200977,0.009902344,-0.67009765,-1.3300977,-0.68009764,-2.4700975,-3.5500977,-3.7300978,-3.8200977,-3.1500976,-2.9300976,-3.2200975,-3.8000977,-3.1700976,-2.6500976,-1.7100977,-0.8300977,0.28990233,0.88990235,-0.31009766,-1.9000976,-3.0000978
-1.2600976,-0.5700977,-0.020097656,0.76990235,1.5199023,3.2799025,1.8299023,-1.4000976,2.6799023,1.1699023,-2.3100977,-2.3400977,-2.0800977,-1.4900976,-1.0900977,-0.18009765,-0.09009766,0.42990234,-1.6100976,-0.7600977,-0.49009764,-1.7300977,-1.7800976,-1.4600977,0.30990234,2.1599023,-0.68009764,0.36990234,0.99990237,-0.60009766,0.80990237,2.7299023,-1.2700976,-0.13009766,0.65990233,-6.880098,0.89990234,1.4399023,1.5299023,-0.32009766,-1.4100976,-1.9200977,-2.1500976,-2.0000978,-1.4100976,-2.4700975,-4.5400977,-4.3200974,-3.4500976,-3.4900978,-3.4900978,-3.6300976,-1.0900977,1.4699024,2.2099023,-0.65009767,-2.5100977
-0.7000977,-0.41009766,0.029902345,0.56990236,1.3699024,3.5299025,3.2599022,-1.4900976,1.2999023,3.9299023,-3.4800978,-0.66009766,-2.1000977,-1.3000977,-0.7700977,-0.74009764,-0.68009764,0.88990235,1.6599023,0.29990235,-0.84009767,-0.7700977,-0.7000977,-0.6300976,-0.68009764,1.6399024,1.8799024,0.8599023,1.9499023,0.18990235,1.8799024,1.2899023,-0.33009765,-0.050097656,-5.3200974,-0.7100977,2.8699024,3.3399024,2.6599023,2.1499023,-1.4800977,-0.8300977,-0.45009765,-0.010097656,0.15990235,-4.8500977,-4.9900975,-4.6400976,-5.110098,-5.210098,-5.0700974,-4.0800977,-2.5100977,-0.23009765,1.3699024,0.56990236,-3.3800976
-1.6800977,-0.7700977,-0.08009765,0.68990237,1.0799023,1.6499023,5.2099023,1.4099023,1.3699024,-1.3900976,-3.4900978,-2.0200977,-1.5100976,-0.53009766,0.049902342,0.26990235,0.22990234,-0.030097656,0.41990235,0.80990237,-0.8800976,-0.72009766,-1.1100976,-0.36009765,0.27990234,0.64990234,1.4599023,2.3699024,1.8299023,0.48990235,0.9299023,-0.80009764,0.68990237,-0.41009766,-1.5500977,2.4899023,5.0699024,5.2799025,4.1299024,2.2799025,1.6899023,1.3699024,2.0499024,1.9799024,-2.2100976,-6.0800977,-5.920098,-5.8700976,-5.610098,-5.7700977,-5.130098,-4.5900974,-5.110098,-5.4100976,-3.6500976,-2.6600976,-5.670098
-1.3900976,-1.2900977,-0.56009763,0.38990235,0.94990236,3.2999024,4.3399024,1.6699023,2.5399024,-1.5000976,-3.0900977,-2.7700977,-1.0800977,-0.23009765,1.0899024,1.6999023,1.1999023,0.49990234,1.0099024,1.0099024,0.14990234,-0.42009765,-0.7600977,-0.53009766,0.36990234,1.3799024,2.7599022,0.71990234,2.9899023,0.08990234,3.3599024,-0.69009763,2.5199022,5.3999023,5.2199025,5.6999025,6.0899024,5.0299025,4.4199023,2.6199024,3.5199022,3.1999023,2.9399023,0.32990235,-5.5500975,-5.7600975,-6.1200976,-6.2500978,-5.960098,-5.4900975,-5.3700976,-6.1000977,-6.900098,-7.0800977,-8.720098,-8.680098,-7.0200977
-1.1500976,-0.8900977,-0.110097654,0.029902345,0.95990235,1.2599024,2.8499024,2.4699023,0.68990237,0.75990236,-2.5600977,0.17990234,-9.765625E-5,0.68990237,0.76990235,1.6599023,1.2399024,1.0799023,1.0799023,0.25990236,1.1999023,0.71990234,2.3699024,1.1799023,2.2199023,2.1699023,2.7199023,1.1799023,-0.13009766,1.3599024,5.1499023,5.2299023,6.5499024,7.4999022,8.179902,7.3199024,6.9699025,6.2099023,5.4099026,3.5099022,4.769902,5.3199024,0.7299023,-4.0000978,-5.7800975,-6.8200974,-7.1600976,-6.4900975,-5.1600976,-3.4800978,-5.0100975,-6.380098,-6.8400974,-8.210097,-7.900098,-7.230098,-6.4100976
-0.13009766,-0.6400977,0.23990235,0.6099023,0.84990233,-0.49009764,0.8699024,-0.33009765,1.1299024,1.3299023,1.2199024,-1.3900976,-0.98009765,-0.50009763,0.30990234,1.0399023,0.81990236,0.5399023,1.3199023,1.9499023,1.0199023,2.3899024,2.2999024,2.8499024,0.33990234,2.5799024,2.3999023,-2.0000978,2.6299024,4.4499025,4.0899024,5.079902,3.3499024,7.6899023,6.8599024,5.1699023,-3.1300976,3.6599023,6.099902,5.0299025,0.41990235,-5.730098,-7.8500977,-9.070098,-9.060098,-9.120098,-7.0400977,-6.1600976,-4.960098,-5.9900975,-6.360098,-6.730098,-7.400098,-7.6600976,-7.440098,-7.3900976,-7.4500976
-0.29009765,0.16990234,-0.25009766,0.5399023,0.27990234,4.1299024,1.5999024,-0.5200977,2.3999023,-2.4600976,-2.4600976,-1.5800977,-1.3900976,-0.90009767,-0.65009767,-0.5100977,0.059902344,-0.15009765,0.93990237,1.3299023,1.2999023,1.7499024,3.1599023,2.5499024,2.7899024,2.0999024,1.8899024,-0.050097656,3.4299023,2.8499024,1.5099024,-3.4000976,-5.7600975,-9.420097,-8.360098,-8.630097,-9.700098,-12.820098,-12.630097,-11.560098,-9.860098,-10.430098,-8.380097,-7.8300977,-8.130097,-8.680098,-8.170097,-5.730098,-3.9200976,-5.360098,-3.9300976,-4.4700975,-5.880098,-5.710098,-4.3900976,-5.0400977,-4.9300976
0.38990235,0.8699024,1.0799023,0.32990235,0.40990233,3.5899024,1.8699024,1.1599023,-0.110097654,-0.21009766,-4.2800975,-2.3700976,-1.2400976,-1.1500976,-0.94009763,-1.3100977,-0.85009766,0.29990235,0.069902346,1.1199024,1.5399023,1.9499023,2.4099023,2.6499023,2.4699023,0.58990234,1.3799024,1.6399024,1.0599023,-1.9800977,-3.1800976,-4.1600976,-4.7600975,-7.5500975,-6.670098,-6.110098,-6.5400977,-8.710097,-8.390098,-10.430098,-8.770098,-12.110098,-10.040097,-8.7600975,-8.270098,-7.3000975,-7.650098,-5.3300977,-3.1800976,-3.4800978,-4.2800975,-5.0300975,-4.7900977,-4.1400976,-4.4100976,-3.8100977,-3.6000977
1.0199023,2.7199023,1.9999024,-0.030097656,2.2099023,2.7799025,2.2899024,-1.9000976,-1.7000977,-2.6000977,0.16990234,-1.6300976,-1.4300977,-1.7300977,-0.9600977,-0.23009765,-1.0500977,0.19990234,0.63990235,0.96990234,1.4599023,2.8499024,4.2299023,4.599902,3.6099024,4.0099025,1.8099023,-0.5100977,0.109902345,-3.5500977,-4.5800977,-5.860098,-7.880098,-7.2900977,-6.860098,-6.2500978,-5.8000975,-9.140098,-10.300097,-10.250097,-9.790097,-7.9300976,-6.8100977,-6.7200975,-6.7800975,-7.0000978,-5.8500977,-4.5300975,-3.6900976,-2.8900976,-2.5400977,-2.6300976,-2.4900978,-3.7500978,-3.2300978,-2.7700977,-2.2800977
0.89990234,2.9499023,2.1099024,1.7799023,2.7799025,-0.7000977,1.3499024,2.5299025,-2.8600976,-0.68009764,-3.7300978,-3.1900976,-1.2200977,-0.93009764,-0.15009765,-1.3400977,-0.99009764,0.57990235,1.2999023,1.6199024,2.3799024,3.4599023,2.6199024,2.3099024,2.9399023,2.9699023,-1.7300977,0.8699024,-0.8300977,-4.3100977,-5.7700977,-7.210098,-7.5200977,-7.8700976,-7.6200976,-7.9700975,-9.250097,-10.140098,-10.2600975,-9.350098,-7.860098,-6.5100975,-6.110098,-5.730098,-5.8900976,-4.8300977,-4.8100977,-3.9200976,-2.5700977,-3.5300977,-1.9900976,-1.7900977,0.70990235,-1.5000976,-0.5700977,-0.47009766,0.16990234
1.7899023,2.9199023,1.4499023,2.7699022,2.2499022,2.1999023,1.2499024,-3.0600977,-6.4700975,-7.8000975,-6.0800977,-1.0900977,-1.0500977,-0.39009765,0.30990234,0.22990234,-0.30009764,0.83990234,1.7399024,2.3899024,3.0499024,1.7399024,3.6199024,3.7499022,5.0499024,3.8099024,5.6299024,1.2299024,-1.3600976,-5.6400976,-6.9700975,-7.0900974,-7.3500977,-7.8300977,-8.030098,-9.520098,-9.950098,-8.860098,-7.9700975,-7.230098,-6.5800977,-5.5100975,-4.9300976,-4.2500978,-3.2600977,-4.190098,-2.7900977,-2.0500977,-2.2700977,0.16990234,-0.7000977,-0.08009765,1.2299024,-0.44009766,1.5099024,2.0999024,1.3299023
3.8099024,1.7999023,1.5099024,0.83990234,1.0799023,2.4199023,-1.8300977,-0.75009763,1.0499023,-4.130098,-4.0900974,-3.9300976,-2.2400978,-0.100097656,0.51990235,1.0099024,0.7999023,-0.20009765,1.9599023,3.1499023,2.3199024,3.8799024,2.3599024,4.139902,4.7299023,6.8799024,8.7399025,4.8399024,-5.0700974,-6.0900974,-4.7400975,-6.920098,-8.300097,-7.4900975,-7.0700974,-7.3200974,-8.000097,-7.1800976,-6.190098,-5.8100977,-4.5600977,-3.5600977,-3.1900976,-2.8700976,-3.3800976,-3.7400978,-3.6500976,-1.5000976,-0.8200977,1.6799023,0.109902345,0.9299023,2.2699022,3.7399023,4.5699024,3.5099022,2.2099023
4.4299026,2.8699024,2.4099023,1.7099023,1.8999023,5.869902,-1.4800977,2.4599023,-5.7800975,-2.6500976,1.0099024,-1.5500977,-1.1600976,0.28990233,0.69990236,1.0199023,0.9199023,0.95990235,3.0599024,3.3699024,3.7199023,5.6499023,5.0499024,4.9799023,6.1699023,10.279902,11.379902,4.9399023,-10.310098,-5.880098,-5.4900975,-7.7800975,-7.4300976,-6.210098,-5.8000975,-5.0200977,-6.6000977,-5.3500977,-5.5600977,-4.5400977,-4.0300975,-3.2900977,-2.0100977,-0.62009764,-1.8800976,-1.4600977,0.19990234,1.3199023,1.0199023,2.4999022,4.079902,3.4799023,3.7999024,3.8299024,5.0499024,3.8699024,2.5699024
4.2799025,5.0499024,1.2999023,2.5599024,1.7099023,3.0599024,-2.0200977,-2.8800976,-4.7200975,0.13990234,1.4899024,-2.6800976,-1.7700976,-0.060097657,0.51990235,0.12990235,1.0999024,1.9199023,2.5799024,3.6299024,5.119902,3.9999022,3.7399023,5.2099023,7.639902,9.939902,4.599902,-6.5800977,-8.420097,-7.0500975,-6.5400977,-6.8300977,-6.8500977,-6.190098,-5.670098,-4.2500978,-2.8100977,-4.7600975,-4.610098,-3.0400977,-3.0400977,-1.0200976,0.20990235,0.94990236,1.0999024,2.3599024,2.2899024,3.7299023,3.5499024,4.619902,4.789902,5.289902,5.7599025,5.2599025,5.6499023,4.0099025,5.389902
5.639902,4.1499023,2.5699024,3.1799023,1.5299023,0.22990234,0.65990233,1.0399023,1.3299023,-3.1400976,-4.6600976,-3.0100977,-1.2400976,-0.42009765,0.8599023,0.44990236,0.7399023,1.7799023,2.3399024,3.0499024,4.2799025,2.4599023,5.369902,6.039902,5.9899025,-2.9100976,-8.370098,-7.6400976,-5.670098,-4.4700975,-4.670098,-4.150098,-5.4500976,-5.170098,-4.2600975,-3.1800976,-4.380098,-4.690098,-3.0200977,-0.14009766,0.95990235,1.2499024,2.4899023,2.4799023,4.099902,4.7799025,4.5099025,4.7499022,5.309902,5.4899025,6.1499023,6.3599024,5.2999024,6.3199024,5.119902,5.5499024,5.4299026
