json/gfs_20240725_12.json
{"header": { "discipline":0, "disciplineName":"Meteorological products", "gribEdition":2, "gribLength":79344, "center":7, "centerName":"US National Weather Service - NCEP(WMC)", "subcenter":0, "refTime":"2024-07-25T12:00:00.000Z", "significanceOfRT":1, "significanceOfRTName":"Start of forecast", "productStatus":0, "productStatusName":"Operational products", "productType":1, "productTypeName":"Forecast products", "productDefinitionTemplate":0, "productDefinitionTemplateName":"Analysis/forecast at horizontal level/layer at a point in time", "parameterCategory":2, "parameterCategoryName":"Momentum", "parameterNumber":3, "parameterNumberName":"V-component_of_wind", "parameterUnit":"m.s-1", "genProcessType":2, "genProcessTypeName":"Forecast", "forecastTime":0, "surface1Type":103, "surface1TypeName":"Specified height level above ground", "surface1Value":10.0, "surface2Type":255, "surface2TypeName":"Missing", "surface2Value":0.0, "gridDefinitionTemplate":0, "gridDefinitionTemplateName":"Latitude_Longitude", "numberPoints":65160, "shape":6, "shapeName":"Earth spherical with radius of 6,371,229.0 m", "gridUnits":"degrees", "resolution":48, "winds":"true", "scanMode":0, "nx":360, "ny":181, "basicAngle":0, "lo1":0.0, "la1":90.0, "lo2":359.0, "la2":-90.0, "dx":1.0, "dy":1.0 }, "data":
[rows 135 to 161 of 181, columns 60 to 119 of 360]
13.443877,14.433877,15.613877,15.073877,14.003877,9.153877,7.9638767,6.863877,7.323877,6.743877,6.563877,8.213877,6.033877,1.833877,-5.456123,-2.616123,-4.726123,-3.1961231,-0.16612305,1.1538769,1.9938769,2.713877,4.553877,3.613877,0.883877,-0.59612304,-1.586123,-7.906123,-8.886123,-8.626123,-8.206123,-7.896123,-7.5361233,-7.186123,-7.986123,-9.906123,-13.186123,-14.566123,-13.376123,-12.686123,-12.376123,-11.436123,-9.216123,-6.976123,-4.916123,-2.876123,-0.81612307,1.3938769,3.173877,4.283877,4.123877,6.053877,7.4638767,7.933877,8.973877,10.343877,11.143877,12.423877,12.683877,11.993877
14.283877,14.803877,14.673877,13.123877,10.073877,10.723877,8.963877,8.823877,7.973877,7.143877,3.103877,2.613877,5.543877,4.603877,4.103877,1.9938769,1.2538769,2.8438768,2.613877,2.5538769,3.633877,3.0838768,4.2138767,5.563877,4.383877,3.383877,0.65387696,-7.986123,-9.896123,-9.756123,-9.086123,-8.626123,-9.186123,-8.446123,-9.056123,-13.006123,-15.586123,-15.466123,-14.356123,-12.846123,-12.096123,-10.376123,-8.436123,-6.686123,-4.436123,-1.916123,0.34387696,1.933877,3.3238769,4.7138767,4.573877,5.273877,6.533877,6.773877,9.133877,9.443877,10.543877,12.083877,11.613877,11.833877
14.083877,14.363877,14.013877,11.673877,9.763877,9.123877,7.953877,6.973877,7.173877,5.613877,5.813877,5.7138767,5.873877,6.103877,5.733877,5.313877,5.023877,5.033877,2.963877,2.783877,3.5938768,5.483877,6.373877,6.793877,5.143877,4.363877,1.2438769,-4.146123,-7.296123,-9.786123,-9.686123,-9.786123,-10.006123,-9.726123,-10.986123,-13.526123,-17.606123,-16.056124,-14.726123,-13.776123,-11.556123,-10.456123,-9.086123,-6.906123,-4.276123,-1.7361231,-0.22612305,1.7438769,3.483877,4.253877,4.783877,5.453877,6.103877,7.603877,7.893877,7.803877,8.963877,9.973877,12.553877,10.823877
12.4538765,13.053877,12.993877,12.043877,7.773877,8.103877,6.9438767,6.263877,5.623877,4.6938767,4.9438767,5.203877,5.863877,6.4638767,6.903877,5.683877,4.373877,2.853877,3.913877,5.863877,6.073877,6.653877,7.593877,7.9638767,8.373877,5.733877,-0.556123,-1.4661231,-5.346123,-7.346123,-8.566123,-9.0461235,-10.856123,-11.106123,-11.596123,-18.036123,-16.626123,-15.216123,-14.846123,-13.0461235,-11.426123,-10.556123,-8.7961235,-6.216123,-3.136123,-0.50612307,1.193877,3.263877,4.103877,5.423877,7.313877,8.083877,8.133877,8.803877,9.503877,8.123877,7.223877,7.803877,11.723877,11.043877
11.643877,12.153877,11.833877,11.793877,11.313877,8.833877,6.733877,6.613877,5.733877,7.653877,5.883877,6.143877,5.473877,4.973877,4.703877,5.973877,6.513877,6.973877,6.873877,6.753877,7.2138767,7.723877,6.953877,7.303877,6.593877,8.093877,7.643877,2.753877,-5.046123,-7.276123,-7.246123,-8.496123,-10.416123,-14.726123,-14.616123,-14.396123,-15.316123,-14.906123,-13.946123,-12.486123,-11.626123,-10.066123,-7.956123,-4.876123,-2.706123,-0.44612303,1.3938769,2.683877,3.923877,5.863877,6.7138767,8.173877,8.913877,10.033877,10.893877,10.543877,8.383877,5.613877,9.933877,10.463877
10.753877,11.193877,11.393877,11.623877,11.653877,11.103877,10.153877,8.983877,7.153877,7.133877,6.773877,6.403877,6.263877,6.493877,7.323877,7.853877,7.673877,7.733877,8.2038765,6.583877,6.423877,6.083877,5.683877,4.653877,5.183877,8.193877,10.003877,2.133877,-1.946123,-1.6261231,-4.396123,-8.026123,-10.746123,-14.396123,-14.286123,-12.566123,-12.766123,-12.836123,-11.986123,-10.866123,-10.606123,-8.816123,-6.226123,-4.326123,-2.4061232,-0.616123,0.96387696,1.223877,3.8038769,5.293877,6.143877,8.183877,9.993877,10.563877,10.283877,8.923877,6.803877,6.163877,7.613877,9.7038765
9.463877,9.893877,10.783877,11.093877,10.843877,11.023877,10.403877,10.143877,9.873877,9.483877,10.483877,9.163877,7.873877,8.053877,8.443877,8.943877,8.923877,7.533877,7.083877,8.683877,7.433877,6.183877,2.433877,3.963877,6.253877,6.253877,9.513877,-0.20612305,-3.9461231,-6.686123,-7.956123,-8.996123,-8.786123,-10.306123,-11.516123,-11.366123,-11.156123,-10.836123,-10.836123,-10.386123,-9.316123,-7.346123,-5.136123,-2.756123,-1.176123,0.45387694,-0.65612304,0.633877,2.613877,4.9438767,6.033877,8.413877,9.093877,10.553877,10.713877,8.663877,4.073877,4.233877,7.313877,8.873877
9.513877,9.823877,9.7038765,9.463877,9.933877,10.533877,10.663877,10.743877,10.613877,10.393877,10.093877,9.993877,10.193877,10.213877,10.543877,11.593877,11.553877,11.413877,10.433877,9.033877,8.503877,7.703877,5.763877,4.363877,5.053877,2.883877,3.883877,3.023877,1.2638769,-2.816123,-6.716123,-8.116123,-9.446123,-10.076123,-9.916123,-10.976123,-10.356123,-10.126123,-10.156123,-8.946123,-6.816123,-5.576123,-3.126123,-2.056123,-0.50612307,0.65387696,-1.176123,-0.70612305,1.793877,3.393877,5.583877,7.453877,8.573877,9.433877,9.413877,9.693877,2.883877,5.603877,7.023877,7.823877
9.2038765,9.323877,9.373877,9.393877,9.623877,9.723877,9.9538765,9.593877,10.003877,9.643877,10.053877,10.543877,10.873877,11.523877,11.383877,11.073877,11.273877,11.233877,10.993877,10.753877,10.003877,7.823877,7.323877,3.713877,1.203877,0.68387693,0.39387694,-1.956123,-1.7361231,-4.0361233,-6.186123,-7.486123,-7.606123,-9.7961235,-9.256123,-9.406123,-9.516123,-9.416123,-8.346123,-6.706123,-5.006123,-3.766123,-2.616123,-1.6061231,-0.52612305,-0.866123,0.25387695,-0.31612304,1.6138769,3.5738769,4.753877,6.883877,7.4438767,7.343877,7.523877,6.603877,5.553877,5.233877,6.933877,8.583877
7.813877,8.2038765,8.573877,8.583877,8.723877,9.173877,9.323877,9.563877,9.643877,9.863877,10.193877,10.173877,10.043877,10.033877,10.333877,10.983877,10.863877,10.963877,10.403877,9.993877,9.543877,8.913877,7.423877,5.273877,2.163877,-0.066123046,-1.316123,-2.246123,-2.996123,-4.196123,-5.506123,-7.266123,-7.606123,-8.146123,-8.416123,-8.246123,-7.846123,-7.616123,-6.496123,-4.986123,-3.096123,-2.646123,-1.796123,-2.316123,-2.396123,-1.4761231,-1.396123,-0.85612303,1.103877,3.273877,4.113877,4.173877,5.603877,6.123877,6.343877,6.243877,5.2138767,4.263877,6.323877,8.053877
6.913877,7.363877,7.603877,7.703877,7.883877,8.153877,7.983877,8.503877,8.393877,8.2038765,9.123877,8.503877,8.283877,9.293877,9.543877,10.153877,10.843877,9.693877,10.373877,9.543877,8.7038765,8.313877,7.413877,5.913877,2.8338768,-0.97612303,-1.406123,-2.4261231,-3.116123,-4.066123,-5.176123,-5.816123,-6.2861233,-7.356123,-8.156123,-8.016123,-7.086123,-5.966123,-5.426123,-4.616123,-2.876123,-2.476123,-2.516123,-2.576123,-2.546123,-4.066123,-2.856123,-1.7261231,1.733877,3.0938768,4.333877,3.743877,4.003877,4.593877,6.123877,5.733877,5.293877,4.663877,4.803877,6.483877
5.703877,6.273877,6.833877,7.543877,7.863877,7.9438767,8.533877,9.223877,9.733877,9.973877,10.113877,10.713877,10.313877,9.523877,8.413877,7.663877,7.833877,8.443877,9.333877,8.013877,9.113877,8.433877,6.983877,5.083877,3.733877,1.1538769,-1.2361231,-3.046123,-3.9261231,-5.516123,-6.396123,-6.906123,-6.906123,-6.826123,-6.346123,-5.656123,-4.826123,-4.616123,-3.896123,-3.036123,-2.766123,-3.6761231,-3.296123,-3.566123,-1.576123,-3.316123,-3.1661232,-0.63612306,2.033877,3.183877,2.8438768,2.873877,3.393877,4.203877,5.403877,5.373877,5.063877,4.853877,4.413877,4.803877
3.893877,5.003877,5.493877,6.673877,6.723877,7.593877,9.153877,9.823877,10.263877,10.333877,9.753877,9.503877,10.223877,10.313877,12.493877,9.7038765,8.823877,7.763877,5.263877,6.483877,6.833877,6.893877,7.533877,7.183877,8.623877,1.043877,-0.30612305,-0.75612307,-3.376123,-5.516123,-5.466123,-5.666123,-5.816123,-5.626123,-5.396123,-4.446123,-4.0561233,-3.9461231,-3.566123,-3.556123,-4.236123,-3.316123,-1.5061231,-3.636123,-4.876123,-4.5361233,-1.6161231,0.59387696,1.0338769,1.6138769,2.403877,3.183877,4.023877,4.4638767,4.4638767,4.313877,4.363877,4.063877,3.903877,3.923877
2.853877,3.3338768,4.553877,4.843877,5.723877,7.433877,8.343877,8.613877,8.413877,8.663877,9.793877,10.353877,10.043877,11.503877,10.823877,10.813877,10.193877,8.323877,5.613877,5.363877,4.673877,3.763877,5.373877,5.663877,5.053877,4.933877,5.143877,3.983877,4.333877,0.54387695,-0.91612303,-3.846123,-3.216123,-3.476123,-2.896123,-2.4161232,-2.046123,-0.34612304,-4.516123,-6.736123,-4.986123,-4.026123,-3.106123,-6.816123,-4.866123,-3.136123,-1.4761231,-0.26612306,1.1238769,2.033877,2.8338768,3.883877,4.043877,3.953877,3.923877,3.413877,2.8138769,2.853877,2.923877,2.8438768
1.5038769,2.173877,0.68387693,2.943877,5.263877,5.983877,6.343877,6.813877,7.583877,8.473877,9.473877,9.7038765,9.673877,9.623877,10.513877,7.333877,7.973877,9.243877,9.783877,0.11387695,-1.276123,-1.6061231,0.19387695,2.113877,3.5638769,2.383877,3.173877,3.233877,3.703877,4.243877,3.353877,2.653877,2.3238769,2.263877,1.343877,0.38387695,1.9938769,-1.6261231,-3.366123,-4.236123,-5.466123,-4.026123,-8.586123,-6.0361233,-4.346123,-3.256123,-0.83612305,0.43387696,1.983877,2.5938768,2.713877,3.743877,3.963877,4.143877,4.253877,3.863877,3.0738769,2.0538769,1.553877,1.543877
0.943877,-1.056123,-1.156123,2.293877,3.5638769,4.513877,5.123877,5.913877,7.1938767,7.763877,8.313877,6.6938767,6.063877,8.573877,6.933877,7.133877,7.6938767,8.103877,8.283877,6.733877,4.323877,3.213877,0.46387696,1.7738769,2.0938768,2.463877,2.183877,3.153877,4.4438767,4.273877,4.133877,3.383877,2.673877,3.143877,2.673877,1.443877,1.2738769,2.193877,-4.886123,-5.076123,-5.386123,-8.756123,-6.826123,-5.156123,-3.356123,-1.286123,-1.2361231,1.4038769,2.363877,2.653877,3.3338768,3.783877,4.4638767,4.183877,3.473877,2.463877,1.4038769,0.66387695,-0.03612305,0.40387696
-3.116123,-1.576123,0.06387696,1.843877,2.473877,2.683877,3.8138769,5.1938767,5.313877,4.423877,3.913877,3.703877,3.763877,3.903877,4.563877,4.913877,4.703877,4.643877,5.083877,5.753877,5.763877,-2.646123,-1.806123,-0.25612304,1.2738769,2.5638769,1.213877,2.873877,3.743877,3.473877,3.413877,4.123877,4.183877,3.713877,2.453877,1.3838769,2.023877,0.883877,-5.046123,-6.926123,-5.756123,-5.976123,-4.7861233,-1.696123,-1.706123,-0.24612305,1.1238769,1.853877,2.673877,3.123877,3.253877,2.443877,3.0638769,3.863877,3.623877,0.513877,-2.1861231,-0.88612306,-2.1761231,-0.82612306
-2.4061232,-1.6161231,-0.57612306,0.52387697,1.453877,2.033877,2.3338768,2.673877,2.8438768,2.653877,3.023877,3.0638769,3.5738769,4.7138767,5.143877,5.033877,4.353877,3.8038769,2.673877,2.503877,2.703877,2.8338768,-1.9661231,-1.826123,-0.18612304,1.713877,-0.7461231,0.39387694,1.063877,1.8738769,2.653877,2.953877,3.183877,3.983877,3.453877,2.013877,-4.276123,-5.516123,-4.696123,-4.066123,-3.016123,-1.7561231,-1.3561231,-1.266123,-0.006123047,1.2738769,1.7738769,1.573877,1.543877,1.0338769,1.213877,1.443877,1.4938769,1.933877,1.8638769,-0.76612306,-1.446123,-2.4361231,-1.456123,-2.536123
-2.046123,-1.076123,-0.34612304,-0.28612304,0.47387695,1.413877,1.3838769,1.563877,2.183877,2.5638769,2.883877,3.353877,4.233877,5.353877,5.013877,4.533877,3.703877,3.0838768,2.5838768,2.393877,0.36387694,0.17387696,0.19387695,-0.28612304,-0.89612305,0.18387695,0.85387695,1.053877,1.2538769,2.3338768,2.5938768,2.293877,3.5638769,3.363877,-0.676123,-0.43612304,-0.48612306,-1.196123,-1.656123,-1.7161231,-1.946123,-1.6361231,-1.4661231,-1.3661231,0.073876955,2.153877,2.523877,1.8938769,1.4038769,1.3838769,1.973877,0.98387694,1.6538769,0.83387697,0.91387695,0.73387694,0.98387694,-0.12612304,-2.1961231,-2.356123
-0.40612304,0.35387695,0.74387693,0.36387694,0.30387697,0.573877,0.71387696,1.573877,2.513877,3.393877,4.273877,4.793877,5.423877,5.413877,6.393877,6.083877,5.663877,5.273877,-0.6261231,0.103876956,-0.08612305,-0.34612304,-1.166123,0.35387695,0.30387697,0.42387694,0.72387695,0.80387694,0.96387696,1.3938769,1.7638769,2.5538769,1.333877,0.11387695,-0.40612304,-0.34612304,-0.676123,-0.97612303,-0.82612306,-1.1161231,-1.536123,-1.266123,-0.41612303,-0.38612306,0.20387696,1.6138769,2.8338768,3.123877,3.5538769,2.413877,3.133877,2.933877,2.393877,-0.84612304,-0.56612307,1.723877,0.96387696,0.27387697,-0.59612304,-0.16612305
0.45387694,0.55387694,-0.046123046,-0.43612304,-0.38612306,0.24387695,1.0038769,1.593877,2.3038769,3.253877,5.003877,7.133877,7.763877,7.223877,5.933877,4.763877,5.153877,3.143877,1.5238769,0.89387697,0.41387695,0.41387695,0.11387695,0.023876954,0.34387696,0.61387694,0.703877,0.36387694,0.32387695,0.573877,-0.106123045,-0.45612305,-0.6261231,-1.306123,-0.9961231,-0.58612305,-0.15612304,-0.30612305,-0.08612305,0.15387696,0.83387697,1.5238769,0.79387695,0.49387696,1.443877,2.8138769,3.0738769,3.213877,3.273877,2.903877,2.113877,2.5638769,3.5638769,4.313877,4.633877,4.203877,3.493877,2.783877,2.423877,2.123877
0.96387696,0.22387695,1.043877,-0.40612304,-0.52612305,-0.27612305,0.98387694,1.963877,2.493877,3.123877,7.283877,7.923877,7.773877,7.143877,5.253877,3.893877,3.603877,3.163877,2.413877,1.4038769,0.35387695,-0.21612304,-0.18612304,-0.45612305,-0.32612306,0.24387695,-0.026123047,-0.796123,-0.81612307,-0.94612306,-0.866123,-0.006123047,0.943877,0.633877,0.24387695,-0.17612305,-0.24612305,0.97387695,1.2538769,1.093877,0.17387696,0.11387695,0.44387695,3.263877,2.293877,1.1238769,2.633877,4.113877,5.573877,4.203877,1.073877,-0.986123,2.0838768,5.183877,4.013877,3.533877,3.413877,2.963877,2.713877,1.663877
0.66387695,1.573877,1.423877,1.2638769,1.703877,0.80387694,0.89387697,0.08387695,0.54387695,2.153877,7.453877,9.043877,8.013877,7.453877,7.023877,3.943877,2.203877,2.173877,2.693877,1.443877,1.6138769,0.13387695,-0.69612306,-1.176123,-1.6361231,-1.1161231,-1.926123,-1.586123,-0.82612306,-1.826123,0.42387694,0.65387696,0.89387697,2.213877,2.723877,3.453877,3.603877,3.923877,5.043877,7.883877,2.683877,1.833877,0.52387697,0.46387696,2.223877,3.993877,5.483877,5.113877,8.013877,5.4438767,7.503877,7.4638767,0.21387695,-1.556123,0.47387695,2.453877,3.713877,2.923877,2.5538769,2.873877
13.833877,11.4538765,10.433877,11.233877,9.733877,8.923877,8.813877,8.493877,6.863877,10.903877,8.503877,10.333877,9.123877,7.343877,5.733877,4.603877,2.993877,0.05387695,-0.51612306,0.0038769532,0.09387695,1.183877,1.093877,1.093877,2.123877,2.603877,3.0838768,2.8138769,2.183877,2.393877,1.9038769,1.7638769,1.953877,2.793877,3.153877,2.673877,3.143877,5.473877,6.333877,3.713877,2.5938768,1.683877,1.563877,1.713877,2.243877,3.863877,4.423877,4.563877,4.913877,5.743877,5.613877,5.413877,4.423877,4.623877,4.833877,5.6938767,5.743877,4.563877,5.533877,4.773877
14.743877,13.743877,12.233877,12.223877,10.053877,9.173877,10.273877,9.263877,7.843877,4.033877,4.293877,6.673877,6.923877,6.143877,3.253877,1.683877,1.213877,1.663877,1.183877,1.0238769,1.563877,0.693877,1.7638769,2.453877,2.943877,2.293877,1.353877,1.853877,1.8738769,1.603877,1.813877,1.7538769,1.843877,2.133877,2.693877,3.023877,3.3038769,3.5938768,3.763877,3.853877,3.0538769,1.983877,1.4938769,1.053877,1.7738769,2.103877,2.743877,2.923877,3.203877,3.633877,4.273877,4.7138767,4.433877,3.973877,3.793877,4.173877,4.413877,4.393877,4.453877,3.783877
13.793877,14.153877,14.823877,14.653877,12.253877,11.333877,10.393877,6.883877,-1.2361231,0.11387695,4.303877,7.203877,6.243877,2.673877,3.263877,5.063877,3.203877,1.3638769,0.13387695,0.52387697,1.2538769,1.213877,1.293877,1.553877,2.223877,2.603877,2.5838768,2.3138769,2.013877,1.693877,1.413877,1.4038769,1.543877,1.943877,2.123877,2.533877,2.483877,3.003877,3.183877,3.3138769,3.0938768,2.693877,2.233877,1.8938769,2.263877,2.683877,2.903877,3.3438768,2.8338768,2.663877,3.103877,3.603877,3.683877,3.353877,3.153877,2.973877,3.363877,3.693877,3.603877,3.223877
10.303877,9.933877,9.623877,9.643877,11.283877,12.903877,12.103877,9.083877,9.263877,6.763877,7.333877,4.343877,0.61387694,-1.656123,-3.206123,-3.086123,-2.1961231,-0.926123,-0.58612305,-0.48612306,-0.40612304,0.26387694,0.58387697,0.98387694,1.2638769,1.5338769,1.723877,1.7638769,1.723877,1.563877,1.293877,1.173877,1.0238769,1.043877,1.5138769,1.853877,2.423877,2.893877,3.223877,3.8338768,4.253877,4.083877,3.763877,3.373877,3.033877,2.763877,2.653877,2.373877,1.973877,1.853877,1.8938769,1.813877,1.843877,2.373877,2.293877,2.033877,1.963877,2.3138769,2.413877,2.153877
