json/gfs_20240718_12.json
{"header": { "discipline":0, "disciplineName":"Meteorological products", "gribEdition":2, "gribLength":79948, "center":7, "centerName":"US National Weather Service - NCEP(WMC)", "subcenter":0, "refTime":"2024-07-18T12:00:00.000Z", "significanceOfRT":1, "significanceOfRTName":"Start of forecast", "productStatus":0, "productStatusName":"Operational products", "productType":1, "productTypeName":"Forecast products", "productDefinitionTemplate":0, "productDefinitionTemplateName":"Analysis/forecast at horizontal level/layer at a point in time", "parameterCategory":2, "parameterCategoryName":"Momentum", "parameterNumber":3, "parameterNumberName":"V-component_of_wind", "parameterUnit":"m.s-1", "genProcessType":2, "genProcessTypeName":"Forecast", "forecastTime":0, "surface1Type":103, "surface1TypeName":"Specified height level above ground", "surface1Value":10.0, "surface2Type":255, "surface2TypeName":"Missing", "surface2Value":0.0, "gridDefinitionTemplate":0, "gridDefinitionTemplateName":"Latitude_Longitude", "numberPoints":65160, "shape":6, "shapeName":"Earth spherical with radius of 6,371,229.0 m", "gridUnits":"degrees", "resolution":48, "winds":"true", "scanMode":0, "nx":360, "ny":181, "basicAngle":0, "lo1":0.0, "la1":90.0, "lo2":359.0, "la2":-90.0, "dx":1.0, "dy":1.0 }, "data":
[rows 104 to 129 of 181, columns 300 to 359 of 360]
0.24796386,0.5179639,0.10796387,0.36796388,-0.012036133,-0.032036133,0.17796387,0.59796387,1.0379639,-0.032036133,0.27796388,0.85796386,-0.16203614,1.0179639,0.34796387,0.17796387,-0.27203614,1.1679639,0.36796388,-0.50203615,0.7579639,2.257964,2.7879639,1.9579638,1.6979638,0.7579639,0.04796387,0.61796385,0.25796387,2.5479639,3.5879638,3.917964,2.517964,1.2879639,2.267964,4.287964,5.457964,4.267964,1.6679639,1.6679639,2.487964,2.5579638,2.3079638,1.8479638,0.9479639,2.1079638,1.9779639,1.7779639,1.9479638,1.8479638,2.0879638,2.5579638,3.1079638,3.0679638,3.697964,3.237964,3.467964,3.727964,3.667964,3.767964
-1.6220361,-0.71203613,-0.17203613,-0.36203614,-0.77203614,-0.46203613,-0.18203613,-0.10203613,0.92796385,-0.5520361,0.47796386,1.0379639,0.15796387,0.027963867,0.5179639,-1.5520362,0.06796387,-0.34203613,-0.15203613,0.54796386,0.45796385,1.9379638,2.747964,2.3879638,0.38796386,1.1779639,0.8279639,0.26796386,0.80796385,1.1579639,1.7179638,2.207964,2.757964,3.3579638,4.097964,4.267964,3.237964,3.6579638,3.207964,1.7479639,0.79796386,1.7379639,2.187964,2.6579638,2.427964,0.80796385,0.59796387,0.81796384,0.99796385,1.2479639,0.85796386,0.61796385,0.9479639,1.8579639,2.5379639,3.0879638,3.0779638,3.3179638,3.237964,3.2779639
-0.96203613,-1.2620361,-0.8520361,-0.42203614,-0.7220361,-0.93203616,-0.24203613,1.0679638,0.61796385,0.91796386,-0.5420361,-0.27203614,-0.62203616,0.87796384,-0.16203614,-1.1920362,0.09796387,-0.022036133,-0.7420361,-0.43203613,-0.69203615,-0.21203613,-0.04203613,0.81796384,1.0979638,1.1079639,1.0279639,0.6979639,0.14796387,0.98796386,1.1979638,0.92796385,-0.16203614,0.78796387,1.0579638,1.8279638,2.747964,2.1279638,2.8079638,2.5479639,1.7579639,0.037963867,-0.13203613,1.3379638,1.7879639,2.0379639,2.197964,2.217964,3.5779638,4.357964,5.127964,4.727964,1.3179638,2.8879638,1.6379639,0.29796386,2.3579638,2.7979639,2.957964,2.9079638
-1.1320361,-0.48203614,-0.87203616,-0.57203615,-0.70203614,-1.8320361,-1.5420362,0.17796387,-0.29203615,0.19796386,-0.39203614,-1.0520362,-0.65203613,0.40796387,-0.35203612,-0.10203613,0.23796387,0.057963867,-0.9120361,-0.56203616,-0.6020361,-1.7220361,-1.7720361,-1.4020362,-1.7220361,-1.0120361,0.027963867,-0.34203613,0.06796387,0.54796386,0.61796385,1.0779638,1.6379639,2.167964,0.36796388,0.037963867,-1.4920361,-0.6020361,1.1779639,-0.36203614,2.2979639,2.447964,-0.41203612,-0.43203613,-0.23203613,-0.39203614,0.24796386,1.8679639,3.6179638,3.937964,4.327964,4.387964,4.457964,0.84796387,0.47796386,2.2879639,-0.65203613,0.61796385,1.6279639,1.9579638
-1.0120361,-0.9720361,-0.6120361,-0.50203615,-1.5320362,-0.56203616,-1.1720362,-0.56203616,-0.41203612,-1.1520362,-1.1220361,-0.30203614,0.04796387,0.42796385,1.2179638,0.9479639,-1.4020362,-0.63203615,0.087963864,-0.41203612,-1.5620362,-1.7320361,-0.56203616,-0.44203612,-2.6020362,-1.7320361,-2.002036,-2.1020362,-1.4720361,-0.39203614,0.29796386,0.26796386,0.55796385,0.68796384,-0.8620361,0.17796387,1.5479639,-1.7320361,-2.282036,-0.31203613,0.25796387,0.87796384,0.84796387,-0.40203613,-0.90203613,-0.012036133,1.4079639,2.2879639,2.5779638,3.1279638,3.517964,3.467964,2.917964,3.8379638,4.087964,1.4279639,1.4479638,0.31796387,-1.2020361,-0.11203613
-2.1720362,-0.9720361,-0.7820361,-0.40203613,-1.4720361,-1.7820362,-0.70203614,-0.49203613,-0.9120361,-0.89203614,-1.1820362,-0.9920361,-0.14203614,0.30796388,0.44796386,0.48796386,0.17796387,0.45796385,0.12796387,-0.44203612,-1.2820362,-2.512036,-2.1620362,-1.6620362,-1.1020361,-1.3220361,-3.5920362,-2.312036,-1.1520362,-0.87203616,-0.77203614,0.48796386,-0.41203612,0.7779639,2.247964,2.2979639,1.7179638,-0.7920361,-1.9920361,-3.8820362,-2.8820362,-1.6820362,-0.43203613,-0.7820361,-1.0120361,-1.0020361,0.5179639,1.4779639,2.0579638,2.5779638,2.8679638,2.8379638,2.687964,2.8379638,2.8279638,3.717964,-2.4020362,0.32796386,-0.032036133,-1.2520361
-2.282036,-1.1520362,-1.8720361,0.42796385,-0.57203615,-0.7920361,-0.12203613,-0.82203615,0.17796387,0.007963867,0.47796386,-0.25203612,-0.63203615,0.007963867,0.9479639,1.2079638,0.17796387,-0.6020361,-0.94203615,-1.0320362,-4.462036,-2.9620361,-2.1820362,-2.1420362,-1.8320361,-1.8720361,-2.1720362,-2.8820362,-2.4220362,-1.1020361,-1.7120361,-0.76203614,-0.17203613,0.087963864,1.5879638,2.967964,3.8779638,3.997964,-1.5420362,-3.772036,-4.022036,-3.6120362,-3.4620361,-1.8620361,-1.3520361,-0.96203613,0.087963864,0.14796387,1.0979638,1.7479639,2.3779638,2.5579638,2.3679638,2.6079638,2.0979638,2.517964,3.0579638,1.3579639,3.207964,0.98796386
-3.022036,-1.9020362,-1.6920362,-0.8520361,-0.37203613,-1.1220361,-1.8620361,-1.1920362,-1.7020361,-1.2220361,-0.7920361,-0.7820361,0.44796386,-0.50203615,0.38796386,0.62796384,0.79796386,-0.9920361,0.37796387,-0.56203616,-4.692036,-4.2620363,-3.322036,-2.1720362,-1.5720361,-2.262036,-2.6420362,-3.1520362,-2.9720361,-2.6620362,-3.9720361,-3.7120361,-1.4320362,-0.49203613,0.6979639,2.1479638,2.737964,4.067964,0.8979639,-2.2120361,-4.892036,-4.4720364,-2.6820362,-1.9020362,-1.6320361,-0.96203613,-0.5520361,0.18796387,0.80796385,1.0579638,1.3479638,1.3279638,1.8179638,1.8879639,2.3779638,2.3379638,2.7979639,2.667964,2.5279639,2.727964
-2.5920362,-1.6520362,-1.4620361,-1.9720361,-0.8620361,-1.0020361,-0.96203613,-0.9120361,-0.6120361,-0.28203613,0.04796387,0.7679639,0.057963867,0.087963864,0.93796384,0.12796387,-0.42203614,0.10796387,-1.0620362,-3.1820362,-2.6320362,-2.6920362,-2.3520362,-3.322036,-2.832036,-3.3720362,-3.322036,-4.8420362,-4.112036,-3.322036,-3.6420362,-4.0920362,-2.262036,-0.81203616,0.15796387,0.5879639,1.8179638,3.197964,2.747964,0.8379639,-4.402036,-3.3420362,-2.3820362,-1.7620361,-2.582036,-1.3320361,-0.26203614,0.32796386,1.9279639,1.9579638,1.6779639,1.3579639,2.5979638,3.0779638,2.5879638,1.6379639,1.4479638,1.9979639,1.6279639,1.5379639
-2.6420362,-1.3620361,-1.1320361,-1.9620361,-1.0120361,-1.6620362,-1.2820362,-1.2520361,-0.51203614,0.5879639,-0.052036133,0.36796388,0.09796387,-0.052036133,0.35796386,-1.2620361,0.09796387,-2.3420362,-1.5920361,-2.552036,-2.082036,-2.6820362,-2.9320362,-3.242036,-3.6220362,-3.8920362,-5.172036,-5.202036,-4.382036,-4.642036,-5.202036,-4.682036,-3.1420362,-1.8220361,-0.64203614,0.8279639,2.0479639,3.6179638,3.947964,3.0879638,2.247964,-1.0120361,-2.1920362,-2.2120361,-1.3420361,-1.2020361,-0.48203614,1.1979638,2.737964,3.167964,3.417964,2.8979638,4.097964,4.917964,5.807964,4.4679637,4.627964,4.597964,3.437964,2.937964
-3.312036,-1.4820361,-1.3720361,-1.3320361,-0.96203613,-1.6920362,-1.2220361,-0.36203614,1.2179638,0.39796388,0.9679639,0.97796386,0.56796384,0.99796385,3.2979639,5.087964,0.72796386,0.36796388,-0.40203613,-1.2320361,-1.1220361,-1.1720362,-2.2020361,-4.002036,-5.022036,-5.562036,-5.0720363,-5.0920362,-5.7420363,-5.702036,-6.882036,-4.832036,-2.542036,-0.62203616,-0.032036133,0.84796387,2.1479638,2.757964,3.8279638,3.757964,4.7779636,2.3979638,0.38796386,-1.3320361,-0.6020361,0.49796388,0.7679639,1.4579638,1.3879639,2.6579638,2.517964,2.997964,3.997964,4.547964,4.2779636,6.087964,5.0079637,4.457964,5.417964,4.567964
-2.322036,-1.7320361,-1.4320362,-0.19203614,-1.5520362,-2.1020362,-0.83203614,-0.39203614,0.07796387,0.22796386,-0.062036134,0.28796387,1.8079638,3.3479638,4.607964,5.267964,5.117964,4.587964,2.6379638,0.087963864,-0.39203614,1.0379639,0.027963867,-1.6820362,-3.9620361,-4.8420362,-5.922036,-6.8420362,-6.772036,-8.082036,-7.2620363,-4.0920362,-1.8020362,-0.5420361,0.19796386,0.92796385,1.2179638,0.78796387,1.5679638,2.6079638,3.0379639,3.9079638,4.4879637,1.9379638,1.0079639,1.5179639,1.6679639,1.7279639,1.9079639,1.6579639,1.5379639,1.7479639,2.3479638,2.3579638,2.8479638,3.3279638,3.477964,3.977964,3.4079638,4.187964
-2.252036,-1.6920362,-1.2820362,-1.2320361,-1.5720361,-0.6120361,-0.6620361,-0.29203615,-0.19203614,-0.38203612,-0.8620361,-0.15203613,4.797964,6.857964,7.0279636,6.207964,6.827964,6.1979637,4.337964,2.3379638,-2.6520362,-0.22203614,2.3879638,-1.7420361,-1.7620361,-3.3920362,-3.982036,-5.062036,-8.152036,-9.472036,-7.362036,-5.022036,-3.082036,-1.6320361,-0.15203613,-0.13203613,0.8879639,0.91796386,1.1079639,1.9579638,2.0979638,2.467964,3.697964,1.8379638,1.4579638,0.29796386,1.4679638,0.7179639,1.0879638,0.9679639,1.2379639,1.6579639,0.80796385,1.7779639,1.9279639,2.257964,1.8479638,2.007964,2.0579638,1.6579639
-2.232036,-1.9920361,-2.3820362,-2.1020362,-1.3320361,-0.6620361,0.027963867,0.09796387,-0.34203613,-0.022036133,0.23796387,-0.08203613,7.7579637,7.747964,6.857964,6.587964,6.687964,8.167964,5.887964,-1.0520362,-1.0320362,-1.6820362,-0.36203614,0.92796385,-0.24203613,-0.9920361,-0.63203615,0.86796385,2.7979639,-5.2820363,-3.8620362,-3.8620362,-3.532036,-1.8820361,-1.0720361,-0.96203613,-1.2520361,0.32796386,0.87796384,1.1779639,2.2879639,1.4779639,1.4979639,1.3979639,-0.10203613,0.33796388,2.687964,2.5479639,1.6579639,2.2779639,0.98796386,0.29796386,0.92796385,1.0779638,1.5179639,2.0379639,2.1079638,2.5279639,2.3179638,2.8679638
-1.4020362,-2.3720362,-2.4120362,-1.2320361,-0.70203614,-0.6720361,-1.5020361,-0.28203613,-0.062036134,0.017963868,1.0879638,0.117963865,7.837964,8.427964,7.647964,6.7579637,6.457964,5.127964,6.457964,-0.052036133,-2.6720362,-3.6520362,-3.232036,-1.6520362,0.30796388,-0.19203614,-0.26203614,-0.092036135,-2.1520362,-1.6620362,-2.4620361,-2.6620362,-2.032036,-2.3420362,-1.0720361,0.20796387,-0.46203613,0.36796388,1.4879639,-0.34203613,1.9379638,2.5379639,-0.7220361,1.3479638,3.1279638,0.7579639,2.7779639,1.1579639,2.217964,2.167964,1.8179638,2.8479638,1.1879638,1.4679638,2.5379639,2.167964,2.207964,2.767964,1.7379639,2.4079638
-2.752036,-1.6020361,-1.5120361,-1.7020361,-1.7720361,-0.88203615,-1.6320361,-0.7220361,-0.93203616,-0.8620361,-0.49203613,3.927964,7.727964,7.827964,7.067964,6.397964,5.7779636,4.497964,4.037964,-0.022036133,-4.792036,-6.202036,-4.2220364,-2.9420362,-2.762036,-0.69203615,-1.0020361,-1.0720361,-1.2520361,-1.6720362,-2.4720361,-2.4220362,-1.7420361,-1.1820362,-1.4120362,0.31796387,1.0379639,1.3079638,2.217964,2.237964,2.947964,2.917964,-1.1520362,1.5979638,1.8179638,2.487964,0.9479639,0.5079639,0.29796386,2.427964,-0.48203614,0.93796384,1.0479639,0.7179639,0.9479639,1.8979639,2.517964,0.117963865,1.6479639,1.4979639
-2.3820362,-2.012036,-2.532036,-1.9120362,-0.65203613,-0.51203614,-0.36203614,-0.49203613,-0.5420361,-0.40203613,2.507964,5.587964,7.107964,7.767964,6.2379637,5.227964,4.997964,3.487964,1.6479639,-4.502036,-8.792036,-5.832036,-4.8020363,-4.922036,-3.002036,-1.5420362,-1.7920362,-1.1520362,-1.7620361,-1.2320361,-3.502036,-2.082036,-0.24203613,-1.0620362,-0.18203613,0.84796387,0.16796386,1.6379639,1.5879638,1.6379639,2.697964,4.187964,1.8979639,-0.20203613,1.5479639,4.7779636,0.33796388,-0.7820361,2.3379638,1.6579639,2.8179638,2.467964,1.3179638,2.497964,2.0579638,2.497964,1.6279639,-0.34203613,0.99796385,0.78796387
-2.062036,-3.1420362,-2.9220362,-2.4020362,-1.6920362,-1.8120362,-1.2220361,-0.33203614,-0.28203613,1.5779638,4.207964,6.127964,7.387964,9.147964,7.307964,5.087964,4.337964,3.727964,-2.982036,-8.752036,-6.942036,-6.792036,-5.382036,-3.1320362,-3.082036,-2.322036,-2.4620361,-3.2020361,-3.522036,-3.4020362,-3.3520362,-2.522036,-1.6020361,0.41796386,1.2579639,1.7879639,1.7179638,2.207964,0.8379639,3.207964,2.707964,3.707964,3.5779638,1.1679639,3.257964,2.3879638,1.9379638,1.2679639,1.0379639,2.6279638,1.9879639,2.3379638,1.8079638,1.9079639,3.0879638,3.0779638,1.4679638,0.86796385,2.1079638,1.1079639
-3.232036,-2.6720362,-2.782036,-2.812036,-2.6420362,-2.1020362,-1.7120361,-1.2120361,0.31796387,3.0379639,4.4079638,5.5079637,7.2579637,7.387964,6.207964,4.647964,2.0579638,-3.4120362,-3.6020362,-3.9720361,-3.502036,-2.1720362,-1.1420361,-1.7720361,-1.3020362,0.36796388,-1.1720362,2.0579638,-0.7320361,-1.1820362,0.48796386,1.4379638,1.3079638,0.23796387,2.0679638,1.9079639,2.017964,2.8779638,2.257964,1.2079638,1.7879639,1.5279639,3.207964,2.8179638,1.9079639,3.987964,1.0979638,0.38796386,1.3779639,2.007964,1.6479639,2.0579638,1.3979639,1.7879639,2.1179638,1.3479638,1.6479639,0.7179639,0.72796386,0.6479639
-1.6820362,-3.072036,-2.072036,-2.502036,-2.6520362,-2.1220362,-1.9520361,-1.0620362,0.61796385,2.1279638,4.247964,3.997964,3.207964,5.207964,3.497964,4.7379637,-2.532036,-1.0320362,-2.3820362,-0.65203613,-0.25203612,-2.802036,-2.3420362,-1.9220362,-1.1320361,-0.57203615,0.7579639,1.7279639,2.0679638,2.8079638,2.917964,1.1279639,1.9279639,0.7679639,0.9479639,0.18796387,-0.16203614,2.8579638,1.6879638,1.9579638,0.6979639,0.7779639,3.267964,2.1279638,3.3179638,3.497964,4.067964,4.7779636,1.0679638,-0.37203613,2.8179638,1.7779639,2.717964,2.8179638,2.677964,2.007964,1.4679638,1.3679639,0.49796388,0.78796387
-2.8620362,-1.7620361,-3.3520362,-3.072036,-3.1420362,-1.4920361,-1.6920362,-1.5220361,0.55796385,1.6679639,2.6079638,-0.21203613,2.457964,2.5379639,2.0779638,2.707964,0.41796386,-2.9620361,-5.3420362,-5.112036,-5.452036,-4.712036,-4.292036,-2.8620362,-2.1020362,-1.3020362,-1.5720361,-1.8520361,-1.6720362,-2.1020362,-1.6620362,-0.6620361,0.18796387,3.1379638,3.3979638,1.0579638,0.45796385,3.3779638,1.5879638,2.3679638,1.6979638,1.4179639,4.857964,4.617964,2.187964,2.727964,1.3079638,4.867964,4.037964,4.4079638,0.9079639,1.1879638,0.8279639,0.97796386,-0.15203613,1.8379638,1.1579639,-0.44203612,0.7179639,0.41796386
-2.9420362,-2.982036,-2.1020362,-5.312036,-3.9720361,-3.012036,-3.4620361,-2.042036,-0.50203615,1.2279639,1.7279639,-1.4820361,-0.87203616,3.0579638,-1.7720361,-0.7420361,-0.16203614,-2.252036,-5.5120363,-5.862036,-6.122036,-5.772036,-6.452036,-6.192036,-6.2620363,-5.2220364,-3.502036,-2.262036,-1.4020362,0.15796387,-1.5120361,-1.8020362,-0.19203614,-0.7920361,0.29796386,2.1579638,2.167964,2.8479638,5.627964,1.3179638,3.7779639,1.6279639,1.1479639,4.207964,2.3679638,1.7979639,4.627964,5.1579638,3.967964,4.547964,5.9879637,4.647964,3.4079638,3.007964,2.3879638,0.87796384,-0.6020361,-0.51203614,-2.0920362,-0.7820361
-3.1720362,-3.1220362,-2.9520361,-5.162036,-5.582036,-4.042036,-2.8820362,-2.1620362,-0.032036133,0.9679639,2.1479638,0.91796386,-0.24203613,-1.5420362,-2.7220361,-3.252036,-2.582036,-3.792036,-5.622036,-5.812036,-4.832036,-3.772036,-5.002036,-5.0120363,-2.782036,-4.422036,-2.2020361,-2.1820362,-1.8720361,-1.5320362,1.1679639,0.31796387,2.237964,0.80796385,-2.6120362,0.85796386,0.62796384,3.3279638,3.0979638,2.8879638,3.697964,2.6179638,2.517964,2.8879638,3.197964,4.837964,3.5579638,5.117964,3.5979638,3.0679638,5.207964,5.587964,5.107964,4.037964,2.5379639,2.0279639,1.2579639,0.027963867,-1.0420362,-1.8720361
-3.082036,-2.6120362,-3.1620362,-2.532036,-5.982036,-5.642036,-4.542036,-2.822036,-1.4020362,0.07796387,-0.48203614,2.947964,3.3579638,0.55796385,-2.802036,-5.062036,-5.502036,-5.662036,-5.612036,-5.212036,-4.272036,-4.122036,-4.772036,-4.902036,-4.702036,-2.792036,1.3179638,1.4479638,0.7679639,2.1079638,1.4679638,3.2979639,2.237964,2.417964,1.1679639,1.0079639,1.2979639,2.497964,2.257964,1.7179638,2.5579638,3.5579638,3.267964,3.927964,2.1479638,3.267964,2.0779638,4.867964,5.7579637,6.247964,6.087964,6.627964,5.577964,5.117964,4.0279636,3.3979638,3.1279638,1.4479638,0.56796384,-0.76203614
-5.542036,-5.3020363,-4.9720364,-7.212036,-6.3020363,-6.0520363,-5.462036,-3.742036,-1.8820361,-0.94203615,-0.11203613,-0.8620361,0.97796386,-0.18203613,-1.8220361,-5.4920363,-6.562036,-6.622036,-6.9920363,-6.452036,-5.372036,-4.8020363,-3.992036,-4.612036,-3.242036,-0.93203616,-0.022036133,-2.572036,2.1479638,2.2779639,2.477964,1.5779638,2.1379638,3.8579638,2.7879639,3.2979639,3.467964,4.317964,3.1479638,2.427964,3.187964,2.707964,3.227964,3.687964,4.457964,4.647964,4.6979637,5.807964,5.347964,5.2179637,5.397964,5.337964,4.887964,4.6579638,4.547964,4.417964,3.3779638,2.427964,1.5379639,0.45796385
-6.712036,-8.552036,-8.032036,-8.522037,-7.132036,-6.582036,-5.902036,-4.2220364,-3.512036,-1.8820361,-1.3320361,-0.68203616,-0.012036133,2.3379638,-2.6020362,-3.332036,-4.152036,-5.7820363,-8.202036,-7.612036,-5.642036,-4.732036,-3.992036,-5.602036,-2.9220362,-2.082036,-2.802036,-1.6920362,1.6179639,1.3579639,2.2879639,1.9379638,2.1479638,3.717964,3.677964,4.2379637,3.477964,4.307964,4.2779636,4.567964,4.4679637,3.467964,3.8279638,3.7779639,4.297964,4.667964,4.957964,5.4079638,5.577964,6.067964,5.5079637,5.607964,6.077964,5.627964,5.937964,5.667964,5.1779637,4.617964,3.6279638,1.9079639
