json/gfs_20240720_12.json
{"header": { "discipline":0, "disciplineName":"Meteorological products", "gribEdition":2, "gribLength":80063, "center":7, "centerName":"US National Weather Service - NCEP(WMC)", "subcenter":0, "refTime":"2024-07-20T12:00:00.000Z", "significanceOfRT":1, "significanceOfRTName":"Start of forecast", "productStatus":0, "productStatusName":"Operational products", "productType":1, "productTypeName":"Forecast products", "productDefinitionTemplate":0, "productDefinitionTemplateName":"Analysis/forecast at horizontal level/layer at a point in time", "parameterCategory":2, "parameterCategoryName":"Momentum", "parameterNumber":2, "parameterNumberName":"U-component_of_wind", "parameterUnit":"m.s-1", "genProcessType":2, "genProcessTypeName":"Forecast", "forecastTime":0, "surface1Type":103, "surface1TypeName":"Specified height level above ground", "surface1Value":10.0, "surface2Type":255, "surface2TypeName":"Missing", "surface2Value":0.0, "gridDefinitionTemplate":0, "gridDefinitionTemplateName":"Latitude_Longitude", "numberPoints":65160, "shape":6, "shapeName":"Earth spherical with radius of 6,371,229.0 m", "gridUnits":"degrees", "resolution":48, "winds":"true", "scanMode":0, "nx":360, "ny":181, "basicAngle":0, "lo1":0.0, "la1":90.0, "lo2":359.0, "la2":-90.0, "dx":1.0, "dy":1.0 }, "data":
[rows 100 to 124 of 181, columns 0 to 57 of 360]
-6.739951,-6.2299514,-5.7699513,-5.879951,-5.3699512,-4.909951,-4.129951,-3.309951,-2.7499511,-1.3099512,4.8828126E-5,0.79004884,0.9900488,2.470049,1.2500489,0.030048829,-2.6099513,-1.3799511,-2.019951,-1.5399512,-2.6399512,-2.1499512,-1.6399512,-1.6999512,-1.0499512,-0.49995118,-1.9999511,0.28004882,-2.4999511,-0.37995118,-1.0599512,-1.1199511,0.21004882,0.37004882,-3.4199512,-2.299951,-2.6699512,0.43004882,-1.9099512,-1.4599512,-7.069951,-2.3299513,-1.9299512,-4.409951,-2.9799511,-3.8299513,-6.0399513,-6.639951,-6.359951,-5.9999514,-5.139951,-3.569951,-4.1199512,-4.899951,-5.549951,-5.2299514,-4.989951,-6.029951
-7.129951,-6.669951,-6.149951,-5.819951,-5.509951,-5.179951,-4.439951,-3.819951,-2.4299512,-1.1999512,0.020048829,1.2200488,1.4200488,3.1600487,5.1700487,-0.6999512,-2.1299512,-2.9199512,0.010048828,-2.2199512,-2.7399511,-2.2499511,-1.7599511,-2.3899512,-2.6999512,-1.5199512,-2.019951,-0.06995117,-1.8799511,-1.6999512,3.2900488,0.5100488,-2.5799513,2.3600488,-3.9099512,-3.039951,-1.1499512,-2.5999513,-1.1099511,0.18004882,-3.9499512,-2.9699512,-3.1299512,-4.1199512,-2.9099512,-2.519951,-4.639951,-5.929951,-6.9799514,-7.6199512,-5.739951,-4.4999514,-4.139951,-6.0199513,-5.509951,-5.8299513,-5.609951,-5.929951
-6.899951,-6.7899513,-6.399951,-5.989951,-5.7299514,-5.5799513,-4.659951,-4.0199513,-2.9999511,-1.6199511,4.8828126E-5,1.0100489,1.5700488,3.960049,4.340049,-2.5999513,-2.4399512,-2.8499513,-1.1699512,-2.809951,-3.019951,-3.6099513,-3.029951,-1.8799511,-2.6299512,-2.509951,-2.5799513,-2.4999511,-1.7699512,-1.3899512,-1.3799511,-2.819951,-1.3899512,-0.6099512,-2.1799512,0.08004883,-1.9599512,-1.1299511,-1.5999511,-1.6299511,-2.9799511,-2.559951,-3.2299511,-4.189951,-1.6899512,-1.9699512,-0.05995117,0.27004883,1.1200489,-11.859951,-6.639951,-4.7099514,-4.339951,-4.9599514,-6.109951,-5.5599513,-5.739951,-5.489951
-6.7099514,-6.699951,-6.7699513,-6.3299513,-5.949951,-5.8099513,-5.149951,-4.609951,-2.7399511,-1.9899511,-0.14995117,1.2400489,1.4800488,5.1500487,0.24004883,-1.8399512,-2.2099512,-2.1199512,-2.1399512,-2.4399512,-2.2499511,-2.8499513,-3.0899513,-2.7399511,-2.2099512,-2.6899512,-2.769951,-2.069951,-1.9799511,-1.6199511,-1.9999511,-3.4799511,2.6400487,-3.0899513,-3.769951,1.1300489,-2.2299511,-1.4099512,-2.019951,-2.029951,-3.769951,-1.7399511,-2.8799512,-3.049951,-2.0899513,-1.3999512,-0.26995116,-1.1899512,1.9100488,2.5900488,-5.9799514,-4.139951,-4.259951,-5.6199512,-5.199951,-6.029951,-4.919951,-5.2899513
-7.3499513,-7.3299513,-6.6199512,-6.279951,-5.8099513,-5.949951,-5.0799513,-4.5999513,-3.4899511,-2.559951,-0.36995116,1.2500489,2.3600488,0.66004884,0.33004883,-1.8999512,-2.059951,-1.9899511,-2.069951,-2.7399511,-2.0999513,-2.9099512,-3.069951,-2.2199512,-2.1999512,-2.5799513,-2.3599513,-2.5999513,-2.4399512,-2.759951,-3.1099513,-0.019951172,-2.1999512,-2.8499513,-2.6399512,3.2900488,-1.0299512,-2.3799512,-1.8799511,-1.0099511,-1.5999511,-2.4999511,-0.96995115,-1.6499512,-1.5599512,-2.1899512,-2.0799513,0.60004884,4.490049,0.6200488,-2.569951,-2.3699512,-2.5999513,-3.9299512,-5.549951,-5.359951,-4.889951,-5.649951
-7.029951,-7.259951,-7.0199513,-6.5399513,-5.939951,-5.8299513,-5.409951,-4.5199513,-3.3699512,-2.759951,-2.039951,0.100048825,4.2500486,2.6200488,-1.8099512,-2.4899511,-1.4199512,-2.269951,-2.509951,-2.4199512,-1.6999512,-2.3599513,-2.7099512,-1.5699512,-2.6799512,-2.799951,-2.269951,-2.539951,-2.8799512,-1.4399512,-2.6899512,-1.3999512,-2.9199512,0.5700488,0.35004884,-1.6399512,-1.4799511,-0.88995117,-0.76995116,-1.7999512,-1.2799512,-1.4799511,0.06004883,-0.52995116,0.11004883,1.0300488,3.0700488,3.2800488,-0.20995118,-3.029951,-1.9799511,-1.0599512,-1.5499512,-4.449951,-4.899951,-4.969951,-4.7299514,-5.2899513
-6.939951,-6.919951,-6.649951,-6.7299514,-6.109951,-5.7299514,-5.2099514,-4.2699513,-3.5899513,-2.6499512,-2.529951,-0.5599512,4.010049,1.6700488,-1.8499511,-2.0999513,-1.9799511,-1.9199512,-2.0999513,-2.289951,-2.3899512,-3.1299512,-2.549951,-1.4399512,-1.9199512,-2.9899511,-2.4999511,-2.039951,-3.1899512,-2.6799512,-2.4699512,-2.019951,-1.9199512,-2.2299511,-1.4199512,1.2300488,-0.8799512,-1.4499512,-1.8099512,-1.4499512,-3.6199512,-0.14995117,0.42004883,0.38004884,3.450049,3.680049,1.1400489,-1.6399512,0.35004884,-3.3799512,-1.4699512,-0.8099512,-0.51995116,-3.559951,-4.629951,-4.739951,-4.8499513,-4.859951
-6.989951,-7.049951,-6.859951,-6.4799514,-5.939951,-5.549951,-5.069951,-4.4599514,-4.3299513,-2.8999512,-2.6599512,-1.5199512,2.5300488,-1.2999512,-0.49995118,-1.2099512,-1.1499512,-1.4899511,-1.6899512,-1.9099512,-1.7999512,-1.9599512,-2.1199512,-1.1799512,-1.3699511,-2.0799513,-1.1699512,-3.269951,1.5700488,1.3700489,-1.9799511,-2.1299512,-2.1899512,-1.5799512,-2.2099512,-1.0099511,-1.7799512,-1.3599511,-1.4399512,-3.1099513,-1.4899511,0.020048829,0.33004883,0.85004884,5.090049,0.78004885,-0.48995116,2.3900487,-2.7099512,-2.019951,-0.06995117,-1.9299512,-3.6099513,-4.5599513,-4.8499513,-4.819951,-5.3299513,-6.469951
-6.0199513,-6.989951,-6.929951,-6.2499514,-6.2699513,-6.2899513,-5.649951,-5.169951,-5.179951,-4.8099513,-4.069951,-3.049951,1.4800488,-0.019951172,-1.6599512,-1.8799511,0.14004883,-0.7499512,-0.32995117,-0.95995116,-1.1699512,-0.96995115,-0.5499512,-1.3099512,-1.6999512,-2.2299511,-2.7399511,-1.8199512,-1.3999512,0.020048829,0.9500488,0.18004882,-2.1099513,-3.0999513,-2.4599512,-1.6399512,-1.5599512,-3.1399512,-2.3799512,-1.6499512,-0.6799512,-0.32995117,-0.31995118,0.72004884,3.1600487,1.3800489,0.5100488,2.1400487,-2.1099513,-1.8399512,-1.4799511,-2.3599513,-2.2299511,-3.4599512,-4.529951,-4.7099514,-5.669951,-6.669951
-6.4599514,-6.7699513,-6.6199512,-6.919951,-6.7099514,-6.5599513,-5.7899513,-5.969951,-5.839951,-5.669951,-5.029951,-3.3699512,-3.519951,2.3000488,-0.009951171,-0.9899512,-0.40995118,1.0800488,-0.52995116,0.4400488,0.40004882,0.48004884,0.79004884,0.050048828,-0.18995117,-0.32995117,-1.1499512,-0.46995118,0.40004882,-1.2199512,0.08004883,-1.8999512,-0.37995118,-1.6999512,-2.6999512,-1.8399512,-3.5899513,-2.6499512,-1.8099512,-1.3799511,-0.9899512,-0.48995116,0.010048828,0.78004885,2.1000488,1.3300488,-0.9899512,0.92004883,-2.319951,-3.059951,-1.3999512,-3.019951,-2.6699512,-3.1899512,-3.6399512,-4.169951,-4.6199512,-4.9599514
-7.409951,-7.239951,-7.389951,-7.0999513,-6.8299513,-7.049951,-6.839951,-6.2699513,-6.639951,-6.399951,-5.609951,-4.529951,-3.1399512,-1.5599512,3.940049,2.8800488,1.5800488,1.9400488,-0.35995117,1.1900488,1.0300488,1.1900488,0.96004885,2.0500488,1.7200488,1.4000489,1.4200488,0.6300488,-0.06995117,0.59004885,-1.8399512,-1.0799512,-0.9899512,-2.0999513,-1.9899511,-4.9799514,-2.3999512,-2.2099512,-2.059951,-1.6099511,-0.76995116,-0.37995118,-0.5499512,0.61004883,3.480049,0.8900488,3.2800488,1.3400488,-2.279951,-3.9599512,-2.069951,-2.8599513,-3.4799511,-3.3299513,-2.1299512,-2.1799512,-1.9999511,-2.3399513
-6.5399513,-6.969951,-6.799951,-7.889951,-7.6199512,-7.4599514,-7.439951,-6.629951,-6.8099513,-6.5599513,-6.0999513,-5.1199512,-4.359951,-2.0999513,2.7500489,2.1400487,4.300049,3.990049,3.3400488,2.5800488,1.2200488,0.9400488,1.6000488,0.8700488,1.7900488,0.47004882,1.1900488,3.5600488,1.1500489,-1.8399512,-2.759951,-2.1099513,-2.509951,-1.3399512,-1.7599511,-3.519951,-2.8399513,-2.6099513,-2.2499511,-1.5899512,-1.3999512,-1.0099511,-0.51995116,-0.17995118,4.450049,1.4800488,1.7100488,-0.47995117,-2.279951,-2.2199512,-1.1199511,-2.4399512,-2.9099512,-3.5799513,-2.8999512,-2.3999512,-2.6599512,-4.179951
-6.259951,-7.719951,-7.0799513,-7.5399513,-7.4599514,-7.5599513,-7.319951,-6.8099513,-6.939951,-6.699951,-6.3299513,-5.5399513,-4.409951,-2.3499513,-0.28995118,2.0500488,2.5900488,2.710049,6.470049,4.1900487,2.0200489,1.0800488,0.98004884,2.1400487,2.3200488,3.6500487,3.5000489,1.9800488,-1.0999511,-2.8499513,-2.2099512,-2.6499512,-2.5899513,-2.1199512,-1.7299511,-4.3299513,-2.3799512,-2.5799513,-1.9999511,-1.7699512,-2.3299513,-2.1899512,-0.9999512,3.0400488,1.4600488,-0.95995116,-0.6199512,-2.1499512,-3.1499512,-0.84995115,0.010048828,-0.95995116,-2.769951,-2.789951,-2.9699512,-3.1499512,-2.6299512,-1.8099512
-7.429951,-6.2299514,-7.839951,-7.029951,-6.909951,-6.689951,-7.439951,-6.9599514,-6.419951,-6.2699513,-6.179951,-5.159951,-4.189951,-2.1699512,0.39004883,2.5800488,2.2600489,3.200049,0.36004883,4.2100487,1.4300488,0.19004883,1.2400489,1.2300488,2.490049,3.9100487,4.780049,0.38004884,0.34004882,0.12004883,1.5900488,-1.5399512,-0.78995115,-0.76995116,-0.20995118,-1.4199512,-1.8399512,-1.6099511,-1.2699512,-1.6899512,-2.3499513,-1.9599512,-1.2299511,1.4500488,-0.26995116,1.2700489,1.5600488,-1.3599511,-2.4499512,-0.8599512,0.08004883,0.13004883,-2.3599513,-2.3899512,-2.7099512,-2.4399512,0.050048828,-1.1499512
-5.669951,-6.439951,-6.509951,-6.8299513,-6.7699513,-6.439951,-5.839951,-6.509951,-6.2899513,-6.139951,-5.8699512,-5.2499514,-4.149951,-2.3899512,-0.7999512,2.940049,1.4000489,-1.2699512,-0.9299512,-1.2099512,-1.8199512,-1.2199512,-0.65995115,0.5600488,1.2800488,2.5700488,2.0500488,3.240049,3.460049,3.240049,2.700049,-0.17995118,-0.38995117,0.46004882,1.5800488,-1.1399512,-1.4999511,-0.71995115,-0.37995118,-1.2099512,-0.8799512,-0.9899512,-0.44995117,-0.009951171,2.7700489,0.9500488,-1.2599511,-0.46995118,-1.4199512,-0.6199512,0.78004885,0.22004883,-1.3199512,-1.1599512,-1.5899512,-1.3999512,-1.3399512,-2.519951
-5.159951,-5.659951,-5.339951,-5.4599514,-5.159951,-5.639951,-5.589951,-5.169951,-6.159951,-5.509951,-5.389951,-4.8499513,-3.5999513,-2.6799512,-1.3099512,4.310049,0.020048829,-3.539951,-2.3999512,-2.3799512,-2.6899512,-1.2299511,-0.28995118,0.9400488,0.9400488,2.5900488,2.5700488,2.1100488,4.360049,1.9700488,2.1700487,-2.9299512,-0.9899512,1.6100488,0.040048826,-4.2099514,-1.3399512,-0.37995118,0.45004883,0.6400488,0.43004882,0.91004884,0.8700488,1.0700488,1.6800488,1.5200489,1.3900489,-1.2899512,2.7600489,2.5800488,2.230049,0.7600488,0.21004882,-0.23995118,-0.76995116,-1.0299512,-1.4099512,-1.2499511
-4.4799514,-5.189951,-5.189951,-4.8099513,-4.8099513,-4.2499514,-4.919951,-4.2299514,-5.129951,-4.929951,-4.889951,-4.819951,-3.7399511,-3.759951,-2.6799512,0.6400488,0.7600488,-3.4099512,-2.4899511,-2.6399512,-2.2099512,-0.59995115,0.6800488,1.5700488,3.0800488,3.3700488,4.800049,4.720049,4.060049,4.580049,5.3800488,-0.13995117,-1.2099512,-1.1299511,0.010048828,1.8800489,0.13004883,-0.03995117,1.1700488,2.490049,2.950049,2.730049,3.0700488,3.3300488,3.720049,4.060049,5.1900487,6.0400486,6.990049,7.0200486,2.7800488,2.5800488,0.98004884,1.6500489,-1.1299511,-1.1499512,-0.27995118,0.6300488
-5.4599514,-3.7099512,-3.769951,-2.9899511,-2.6299512,-2.8899512,-3.5899513,-4.109951,-2.9399512,-3.9399512,-3.759951,-3.289951,-4.419951,-4.3299513,-4.7099514,-2.059951,-1.0499512,-3.4599512,-1.5599512,-1.8599511,-1.0399512,0.5600488,1.9600488,2.5500488,3.6100488,3.440049,3.4200487,4.510049,4.950049,4.470049,4.8800488,4.050049,-0.5699512,-2.259951,-5.029951,-6.819951,-6.279951,-4.7699513,-3.4599512,-1.6799512,-0.40995118,3.1200488,5.390049,5.240049,5.3800488,5.300049,5.0200486,5.1500487,4.2300487,4.450049,4.1300488,3.3400488,0.36004883,0.32004884,-0.13995117,-0.18995117,1.8600488,3.1100488
-3.4299512,-2.3399513,-3.8899512,-3.4199512,-3.8899512,-3.4399512,-3.779951,-1.7999512,-3.309951,-3.3299513,-3.3399513,-3.6699512,-3.8499513,-2.6199512,-3.9699512,-5.069951,-3.7099512,-2.759951,-0.64995116,-2.1399512,-0.51995116,1.1700488,1.7200488,2.3300488,1.6700488,2.6400487,2.680049,4.580049,4.870049,6.550049,5.360049,1.7000488,-2.4199512,-3.8599513,-5.0599513,-5.799951,-5.549951,-4.949951,-3.7499511,-2.539951,-0.95995116,0.20004883,1.1900488,2.5300488,5.720049,6.0400486,4.4800487,5.030049,3.450049,3.3600488,3.430049,2.960049,-1.0799512,0.25004882,1.0800488,0.53004885,-0.09995117,-0.24995117
-0.84995115,-4.719951,-3.5899513,-2.049951,-1.7899512,-2.309951,-2.2299511,-1.3499511,-2.1599512,-2.5799513,-3.3299513,-3.759951,-6.4799514,-5.199951,-4.5199513,-2.3899512,-2.789951,-3.3799512,-2.539951,-0.31995118,-0.15995117,0.24004883,1.1100488,2.6700487,2.460049,2.5200489,3.680049,3.930049,3.960049,3.730049,4.8828126E-5,-2.0899513,-4.009951,-4.379951,-4.739951,-5.279951,-4.609951,-3.759951,-2.6699512,-1.2899512,0.010048828,0.8900488,1.4200488,2.3900487,3.4000487,4.030049,6.6300488,5.5400486,4.7500486,2.8800488,1.3400488,0.66004884,-0.77995116,0.5500488,1.1500489,1.2600489,1.9800488,2.3900487
-2.309951,-2.6499512,-1.9499512,-0.52995116,0.100048825,-2.9899511,-2.779951,-0.51995116,-1.0599512,-3.779951,-5.529951,-3.809951,-3.019951,-1.8999512,-1.2299511,-2.6399512,-2.559951,0.42004883,-0.41995117,0.040048826,0.91004884,1.9500488,3.0700488,3.0900488,3.6400487,3.700049,3.8900487,2.3700488,3.680049,0.8900488,-1.7299511,0.71004885,0.7500488,-1.6199511,-3.4199512,-3.3799512,-2.5999513,-1.5699512,-0.53995115,0.020048829,1.4600488,2.3300488,2.3800488,2.5000489,3.9000487,4.830049,5.640049,8.060049,6.100049,3.0500488,1.5900488,-1.7199512,0.20004883,0.65004885,2.2700489,1.7500489,1.7600489,1.2300488
-2.299951,-2.2099512,-0.78995115,1.8100488,1.0300488,-4.429951,-1.9099512,-2.559951,-2.2499511,-3.3799512,-2.6999512,-3.289951,-0.70995116,0.98004884,1.2600489,0.9300488,-0.8699512,-1.4999511,2.1600487,0.8200488,3.2800488,2.740049,3.0200489,3.9200487,4.7900486,5.340049,5.4400487,3.6300488,6.450049,-2.1999512,-2.9299512,0.8300488,-0.16995117,-1.9199512,-0.10995117,0.47004882,0.72004884,1.9600488,2.960049,2.6500487,3.6300488,4.080049,3.0700488,3.5200489,4.390049,5.660049,7.0000486,6.760049,7.570049,2.240049,0.6800488,1.3300488,1.1600488,1.4700488,1.8200488,1.7400489,0.8000488,1.9700488
1.0100489,1.7700489,0.79004884,-0.8699512,-3.4399512,-2.8999512,-1.5199512,0.45004883,-0.48995116,-0.7999512,0.19004883,-2.519951,2.3600488,2.6500487,2.200049,2.3400488,0.97004884,1.1100488,1.7800488,2.0900488,3.970049,3.940049,5.120049,1.3900489,4.740049,4.930049,4.550049,4.660049,4.280049,-2.519951,4.600049,5.6500487,4.930049,4.990049,4.350049,4.7300487,4.5400486,5.030049,5.220049,5.950049,6.300049,5.350049,3.210049,4.610049,5.300049,5.7900486,7.070049,8.480049,2.950049,1.6000488,1.6800488,0.9300488,0.6300488,1.6400489,2.0100489,2.1500487,2.5300488,2.430049
3.1100488,3.3100488,4.280049,0.98004884,-0.8799512,-0.58995116,-0.5099512,1.0000489,2.6400487,1.9100488,3.3400488,2.5100489,3.8500488,2.970049,0.7400488,-0.23995118,0.6800488,0.38004884,0.9900488,1.7600489,2.0400488,6.4600487,4.310049,6.410049,5.030049,5.450049,7.350049,5.9600487,4.060049,9.200048,8.710049,8.4100485,8.360049,8.420049,9.070049,8.260049,8.290049,7.220049,6.2300487,7.760049,8.3700485,6.4800487,5.140049,4.950049,5.430049,4.890049,4.4800487,5.2100487,-0.95995116,2.3600488,-0.17995118,0.77004886,1.7300488,1.5100489,1.7800488,1.9700488,2.4000487,2.1100488
1.2900488,-0.5699512,-1.6099511,-1.0499512,0.40004882,0.48004884,0.97004884,1.7500489,-0.079951175,1.1100488,3.8800488,2.7900488,4.4400487,2.0500488,1.5500488,0.66004884,1.8800489,3.3700488,4.100049,2.3700488,0.45004883,1.9000489,2.7900488,3.7500489,5.570049,8.430049,11.440049,12.560049,12.780048,11.320049,10.490048,10.050049,10.740048,9.700048,11.110049,10.800049,10.830049,10.650049,8.320049,8.840049,8.090049,7.390049,6.620049,5.720049,5.550049,4.870049,3.3000488,3.6000488,2.8800488,3.1400487,0.92004883,0.9900488,1.8700489,2.3500488,2.0500488,2.0700488,1.7800488,1.7300488
