json/gfs_20240722_06.json
{"header": { "discipline":0, "disciplineName":"Meteorological products", "gribEdition":2, "gribLength":79256, "center":7, "centerName":"US National Weather Service - NCEP(WMC)", "subcenter":0, "refTime":"2024-07-22T06:00:00.000Z", "significanceOfRT":1, "significanceOfRTName":"Start of forecast", "productStatus":0, "productStatusName":"Operational products", "productType":1, "productTypeName":"Forecast products", "productDefinitionTemplate":0, "productDefinitionTemplateName":"Analysis/forecast at horizontal level/layer at a point in time", "parameterCategory":2, "parameterCategoryName":"Momentum", "parameterNumber":2, "parameterNumberName":"U-component_of_wind", "parameterUnit":"m.s-1", "genProcessType":2, "genProcessTypeName":"Forecast", "forecastTime":0, "surface1Type":103, "surface1TypeName":"Specified height level above ground", "surface1Value":10.0, "surface2Type":255, "surface2TypeName":"Missing", "surface2Value":0.0, "gridDefinitionTemplate":0, "gridDefinitionTemplateName":"Latitude_Longitude", "numberPoints":65160, "shape":6, "shapeName":"Earth spherical with radius of 6,371,229.0 m", "gridUnits":"degrees", "resolution":48, "winds":"true", "scanMode":0, "nx":360, "ny":181, "basicAngle":0, "lo1":0.0, "la1":90.0, "lo2":359.0, "la2":-90.0, "dx":1.0, "dy":1.0 }, "data":
[rows 78 to 103 of 181, columns 58 to 115 of 360]
10.341643,10.251643,9.841643,9.581643,10.081643,9.911643,9.421643,9.411643,8.9316435,9.261643,8.651643,9.041643,8.441643,8.691643,8.151643,7.971643,6.841643,2.961643,2.851643,7.771643,8.361643,7.591643,4.781643,5.611643,5.431643,6.711643,6.391643,5.951643,6.501643,6.611643,6.581643,6.521643,6.961643,6.4016433,5.8816433,5.041643,5.101643,5.101643,5.031643,5.3816433,6.641643,3.441643,4.251643,5.9016433,6.6716433,3.101643,1.4416431,4.301643,3.161643,1.6916431,1.9916431,-2.398357,6.001643,8.871643,10.081643,8.871643,9.071643,8.541643
9.511643,9.571643,9.6816435,9.541643,9.911643,9.521643,9.171643,9.151643,8.691643,8.531643,7.391643,7.201643,7.6716433,7.911643,8.271643,6.791643,6.691643,4.841643,1.9516431,5.641643,7.321643,7.3816433,4.511643,6.201643,7.441643,6.191643,5.831643,6.041643,6.111643,6.541643,6.331643,6.281643,6.551643,6.501643,5.541643,5.061643,4.761643,4.911643,4.871643,5.1316433,6.071643,3.821643,3.991643,8.131643,7.071643,6.961643,4.271643,7.911643,6.291643,5.661643,5.681643,8.821643,10.6816435,10.4316435,9.641644,7.861643,7.761643,7.991643
8.711643,8.9316435,9.601643,9.641644,9.511643,8.321643,9.231643,9.471643,7.471643,7.021643,6.6716433,7.111643,6.851643,7.1316433,6.4216433,6.581643,6.041643,5.6716433,3.891643,3.5316432,2.651643,1.2116431,4.4016433,7.571643,6.291643,6.361643,6.451643,5.541643,5.491643,6.321643,6.1316433,6.211643,6.4016433,6.201643,5.271643,4.911643,4.681643,4.821643,5.121643,4.351643,5.081643,4.031643,6.861643,6.711643,5.871643,5.9016433,6.551643,7.271643,6.871643,7.681643,8.991643,9.651643,9.361643,8.321643,7.741643,8.051643,7.3816433,7.3816433
8.971643,9.161643,9.121643,8.561643,9.101643,8.731643,8.391644,8.141644,6.221643,6.3816433,6.591643,6.811643,6.851643,6.781643,6.721643,5.961643,6.311643,5.861643,4.741643,2.861643,8.621643,2.7916431,4.411643,3.0316432,4.251643,5.721643,3.831643,5.291643,5.611643,5.311643,5.9216433,6.161643,4.891643,5.031643,4.741643,4.261643,4.801643,4.621643,4.801643,4.571643,3.981643,4.231643,-1.1283569,2.611643,4.181643,4.411643,4.6716433,5.111643,4.931643,6.731643,7.511643,7.541643,6.441643,6.791643,6.351643,7.191643,7.551643,6.791643
9.101643,9.441643,8.331643,8.241643,8.1816435,9.121643,7.271643,6.581643,6.701643,6.211643,6.301643,6.511643,6.091643,5.841643,6.621643,6.251643,5.971643,5.541643,5.331643,3.981643,9.001643,6.991643,5.001643,7.6316433,-2.428357,4.201643,5.091643,5.731643,4.951643,4.761643,5.071643,5.191643,4.261643,4.271643,3.7616432,3.5416431,4.801643,4.661643,5.821643,6.011643,3.141643,4.191643,5.231643,4.451643,3.391643,3.0316432,2.381643,3.831643,4.661643,4.601643,5.641643,5.841643,5.221643,5.611643,6.011643,6.621643,5.891643,6.111643
8.791643,8.711643,7.581643,7.831643,8.521643,6.981643,6.491643,5.781643,5.971643,5.871643,5.081643,5.701643,5.301643,4.8816433,5.621643,4.991643,4.981643,4.801643,4.831643,4.191643,5.641643,6.181643,2.831643,3.0016432,-2.9983568,4.6516433,5.071643,4.451643,3.7516432,3.641643,3.411643,3.951643,4.111643,3.341643,2.841643,2.5416431,3.0516431,4.781643,4.121643,0.29164305,1.6016431,2.071643,3.101643,1.141643,4.261643,1.891643,2.601643,2.581643,2.931643,3.2716432,3.731643,4.541643,3.7916431,4.961643,5.561643,5.501643,5.521643,4.941643
8.381643,7.431643,7.541643,7.471643,7.471643,5.541643,5.841643,4.981643,4.6316433,4.061643,4.261643,3.831643,3.5516431,4.511643,3.891643,4.301643,4.081643,4.1716433,3.861643,3.5016432,3.7916431,4.481643,3.591643,6.561643,6.061643,4.301643,4.211643,3.181643,2.431643,2.481643,2.341643,2.921643,2.941643,1.6116431,2.141643,2.0216432,2.2916431,4.011643,1.631643,0.19164306,0.57164305,1.9516431,3.691643,2.611643,-0.34835693,1.291643,1.041643,2.461643,2.481643,2.651643,2.851643,3.5516431,3.961643,4.701643,5.641643,5.701643,4.501643,2.681643
6.571643,6.481643,6.851643,6.261643,5.441643,4.371643,4.831643,4.241643,3.071643,2.5416431,2.641643,2.601643,2.151643,2.831643,1.5916431,2.8116431,2.381643,2.341643,2.231643,3.081643,2.841643,2.0216432,3.091643,3.981643,3.821643,3.0416431,3.211643,2.0016432,1.381643,1.161643,1.2016431,1.541643,1.8616431,0.65164304,1.161643,1.6116431,0.28164306,-2.258357,0.89164305,-1.0283569,1.0716431,0.7316431,-0.8383569,-0.5183569,-0.17835693,-0.23835693,0.16164307,0.5516431,0.57164305,1.2016431,3.111643,3.0016432,4.231643,4.821643,5.301643,4.281643,4.081643,2.161643
5.251643,5.861643,6.031643,4.501643,4.121643,3.831643,2.901643,3.451643,2.0516431,0.8516431,-0.23835693,-0.16835694,0.90164304,-0.13835694,0.13164307,-0.048356935,0.12164307,0.62164307,0.48164308,0.39164308,1.011643,1.391643,1.1916431,1.7316431,1.0816431,1.5716431,1.181643,0.7316431,0.24164307,0.051643066,-0.038356934,0.50164306,-0.0083569335,-0.18835694,0.11164307,0.87164307,-0.18835694,-1.348357,-1.4383569,2.711643,-1.2683569,-0.038356934,-1.7883569,0.36164308,-1.5083569,0.62164307,-0.79835695,-0.60835695,-0.038356934,0.13164307,2.2816432,3.081643,3.991643,4.191643,3.7716432,1.4916431,-0.31835693,-0.55835694
3.7716432,4.561643,4.611643,2.241643,3.3016431,2.5116432,2.121643,0.8516431,-0.87835693,-1.2983569,-1.848357,-2.088357,-2.868357,-2.898357,-2.168357,-2.268357,-2.028357,-1.968357,-1.6483569,-1.1583569,-1.318357,-1.238357,-1.1283569,-0.6583569,-0.7083569,-0.24835694,-0.53835696,-0.62835693,-0.93835694,-1.0383569,-2.008357,-1.478357,-0.66835696,-0.81835693,-1.2683569,-0.79835695,-0.39835694,-2.108357,-3.888357,-1.0083569,1.1216431,-1.218357,-4.478357,-4.008357,1.911643,1.7016431,-3.648357,-1.2683569,-0.67835695,-0.8883569,1.1016431,1.891643,-0.97835696,1.281643,1.8316431,1.2316431,-0.47835693,-0.028356934
2.651643,2.0316432,1.8516431,1.4416431,1.5016431,1.2416431,0.8516431,-0.9583569,-3.088357,-3.328357,-3.018357,-3.038357,-3.7283568,-4.698357,-3.628357,-3.798357,-3.108357,-2.848357,-2.808357,-2.658357,-2.338357,-2.768357,-2.4583569,-2.058357,-2.028357,-2.2083569,-1.838357,-1.968357,-1.9083569,-2.338357,-2.328357,-2.858357,-1.828357,-1.2783569,-2.058357,-1.698357,-1.728357,-1.078357,-2.608357,-0.31835693,0.36164308,2.661643,-0.18835694,-0.54835695,-0.87835693,-0.36835694,-0.43835694,-1.9183569,-1.7483569,-1.238357,-0.048356935,3.991643,-1.598357,2.611643,0.89164305,-0.40835693,-0.018356934,-0.13835694
0.07164307,-0.15835693,0.56164306,0.49164307,-0.15835693,-1.098357,-1.6483569,-2.058357,-4.518357,-3.618357,-4.178357,-3.878357,-5.128357,-5.048357,-4.748357,-4.138357,-3.9883568,-3.798357,-3.4483569,-3.078357,-2.7183568,-3.408357,-3.538357,-3.888357,-3.4483569,-3.7283568,-3.298357,-3.4783568,-3.128357,-3.318357,-3.9483569,-3.418357,-2.788357,-3.428357,-2.838357,-2.7283568,-1.588357,-2.9483569,-2.4883568,-2.6983569,-2.518357,2.991643,-1.1783569,0.051643066,0.0016430664,-2.548357,-1.328357,-2.418357,-2.7383568,-1.948357,-1.478357,3.621643,0.47164306,-0.018356934,-0.5883569,0.82164305,0.10164306,0.82164305
-2.4783568,-2.088357,-1.068357,-1.5483569,-1.7983569,-3.2083569,-3.148357,-3.9383569,-4.388357,-4.838357,-4.988357,-4.798357,-6.058357,-6.058357,-5.748357,-5.738357,-4.938357,-4.648357,-4.158357,-3.828357,-3.618357,-4.268357,-4.718357,-4.428357,-4.488357,-4.468357,-4.188357,-4.488357,-4.378357,-4.108357,-4.278357,-4.0783567,-3.888357,-3.4883568,-3.338357,-3.558357,-3.7283568,-4.278357,-3.538357,-2.6983569,-1.6383569,-3.528357,1.911643,-1.5383569,0.11164307,-0.6983569,-1.9983569,-2.7483568,-3.7283568,-3.758357,-3.398357,2.931643,0.48164308,0.77164304,-0.20835693,0.33164307,-0.07835694,0.6716431
-3.648357,-2.788357,-2.9983568,-2.798357,-3.048357,-4.978357,-4.568357,-4.968357,-5.0783567,-5.488357,-5.338357,-6.318357,-6.558357,-6.498357,-5.958357,-6.938357,-5.588357,-5.678357,-5.0983567,-4.548357,-5.028357,-5.178357,-4.998357,-5.498357,-5.268357,-5.138357,-5.478357,-5.458357,-5.358357,-5.018357,-4.808357,-5.408357,-4.028357,-4.228357,-4.038357,-4.418357,-4.288357,-4.718357,-4.518357,-3.9883568,-2.828357,-6.388357,-0.5883569,-1.118357,-0.66835696,-0.6983569,-3.2183568,-1.2883569,-5.228357,-5.168357,-4.518357,-3.328357,0.6016431,-1.228357,-1.108357,0.11164307,0.57164305,1.0816431
-3.848357,-3.6983569,-3.2483568,-3.9383569,-3.4783568,-4.458357,-6.0783567,-5.928357,-5.978357,-5.958357,-6.838357,-7.808357,-8.078357,-7.5783567,-7.158357,-7.478357,-7.268357,-6.028357,-5.908357,-5.438357,-5.5983567,-6.1183567,-5.998357,-5.728357,-6.168357,-6.238357,-6.168357,-6.108357,-5.928357,-6.148357,-5.8483567,-5.588357,-4.968357,-5.378357,-5.0983567,-5.3283567,-5.038357,-5.518357,-5.338357,-4.138357,-3.828357,-3.638357,-4.928357,1.5916431,-1.988357,-0.8983569,-1.1283569,-2.568357,-3.7183568,-2.7483568,-6.628357,-5.558357,3.601643,-0.98835695,-0.97835696,-0.14835693,1.2116431,-0.26835692
-4.068357,-4.198357,-4.5783567,-5.258357,-5.198357,-5.688357,-6.758357,-7.358357,-7.198357,-7.528357,-8.438357,-8.378357,-8.848357,-8.838357,-8.698357,-8.298357,-7.568357,-7.168357,-6.8483567,-6.508357,-6.248357,-6.738357,-6.668357,-6.238357,-6.838357,-7.158357,-6.968357,-7.048357,-6.678357,-6.538357,-6.728357,-6.278357,-6.178357,-6.1183567,-6.028357,-5.788357,-5.938357,-6.158357,-6.658357,-5.908357,-5.448357,-5.378357,-4.768357,-4.758357,1.1916431,-1.2883569,-1.2883569,-1.5483569,-4.928357,-6.148357,-3.4983568,-7.5783567,-7.498357,-2.778357,-1.6283569,-1.5383569,0.13164307,-0.35835692
-4.358357,-5.378357,-5.318357,-6.528357,-6.218357,-5.898357,-7.238357,-8.338357,-8.098357,-7.3483567,-8.088357,-8.028357,-8.668357,-9.138357,-8.728357,-8.118357,-7.538357,-7.758357,-7.698357,-7.708357,-7.588357,-7.718357,-7.288357,-7.3283567,-7.678357,-7.728357,-7.668357,-7.3683567,-7.208357,-6.998357,-7.178357,-7.058357,-6.888357,-6.808357,-6.538357,-6.478357,-6.168357,-6.308357,-7.508357,-6.978357,-6.558357,-6.218357,-6.108357,-4.538357,-4.988357,1.381643,-2.588357,-3.518357,-4.438357,-5.638357,-6.918357,-7.718357,-7.8283567,-6.938357,-6.038357,-5.378357,-4.358357,-3.768357
-4.188357,-5.308357,-6.558357,-6.748357,-7.238357,-6.8683567,-7.0783567,-7.438357,-7.518357,-7.538357,-8.358356,-8.758357,-8.648357,-8.538357,-8.968357,-8.038357,-7.5983567,-8.018357,-7.788357,-8.188357,-8.098357,-7.978357,-8.248357,-8.098357,-8.028357,-8.088357,-7.708357,-7.758357,-7.418357,-7.428357,-7.5983567,-7.128357,-7.168357,-7.208357,-6.6183567,-7.358357,-6.8283567,-7.018357,-7.778357,-7.308357,-7.158357,-7.238357,-7.548357,-6.738357,-5.028357,-4.838357,1.651643,-2.6883569,-2.9483569,-5.358357,-5.028357,-6.028357,-6.138357,-7.158357,-7.158357,-5.728357,-5.698357,-5.918357
-4.808357,-4.718357,-6.428357,-6.268357,-6.3683567,-7.938357,-7.278357,-7.588357,-7.658357,-8.488357,-9.438357,-9.128357,-8.528357,-8.228357,-7.898357,-7.188357,-7.488357,-7.378357,-7.838357,-8.298357,-7.978357,-7.948357,-8.538357,-8.538357,-8.298357,-8.498357,-8.198357,-7.938357,-6.798357,-7.758357,-7.438357,-7.738357,-7.0783567,-7.258357,-7.048357,-7.268357,-7.628357,-7.198357,-7.698357,-7.358357,-8.458357,-8.608356,-7.768357,-7.138357,-6.788357,-6.288357,-6.208357,-1.728357,3.371643,0.8616431,-6.638357,-4.638357,-4.3283567,-5.798357,-4.858357,-6.0983567,-5.668357,-4.8283567
-5.008357,-4.198357,-5.018357,-6.298357,-6.508357,-6.698357,-7.738357,-8.348357,-8.608356,-9.228357,-10.148357,-9.778357,-9.518357,-8.418357,-7.908357,-7.548357,-7.318357,-7.878357,-8.008357,-7.148357,-7.038357,-7.308357,-7.818357,-8.038357,-8.458357,-8.178357,-8.248357,-7.388357,-7.378357,-7.458357,-7.638357,-8.088357,-7.788357,-7.8483567,-7.5783567,-7.358357,-7.5783567,-7.548357,-7.048357,-7.898357,-8.918357,-9.108356,-8.708357,-8.168357,-7.588357,-7.898357,-7.408357,-7.168357,-6.388357,1.281643,-1.578357,1.881643,-0.24835694,-1.1383569,-2.618357,-2.078357,-4.5983567,-4.498357
-6.3683567,-3.568357,-5.238357,-5.978357,-6.338357,-7.158357,-8.378357,-8.678357,-9.478357,-9.268357,-10.538357,-10.098357,-9.658357,-9.148357,-8.358356,-8.118357,-7.698357,-7.8283567,-8.388357,-7.858357,-7.448357,-7.398357,-6.808357,-7.3283567,-8.258357,-7.518357,-7.588357,-8.298357,-7.308357,-7.168357,-7.3683567,-7.428357,-8.008357,-7.248357,-8.0683565,-7.498357,-7.658357,-7.448357,-8.048357,-9.038357,-9.308357,-10.108356,-9.018357,-8.908357,-8.668357,-8.378357,-8.028357,-8.038357,-7.518357,-7.338357,-6.928357,-5.128357,-6.488357,-1.578357,0.8616431,-1.728357,1.2416431,-1.328357
-7.108357,-6.8283567,-4.338357,-5.6183567,-6.448357,-7.188357,-8.638357,-9.378357,-9.398357,-9.108356,-9.5683565,-10.058357,-10.128357,-9.758357,-8.688357,-8.058357,-8.178357,-8.178357,-8.228357,-8.548357,-7.708357,-6.428357,-6.678357,-6.5783567,-6.968357,-7.628357,-7.858357,-7.398357,-7.0783567,-7.038357,-7.228357,-8.018357,-7.948357,-7.278357,-7.8683567,-7.788357,-7.998357,-6.818357,-9.298357,-9.158357,-9.688357,-9.878357,-10.278357,-9.908357,-9.268357,-8.798357,-8.208357,-7.748357,-6.768357,-7.3483567,-6.208357,-5.668357,-6.658357,-5.838357,-5.388357,-5.208357,-4.148357,-6.158357
-6.438357,-6.878357,-6.648357,-6.188357,-6.448357,-7.788357,-8.458357,-8.788357,-9.528357,-9.458357,-9.598357,-9.928357,-10.378357,-10.518357,-8.998357,-8.188357,-8.538357,-8.358356,-8.648357,-9.098357,-8.618357,-7.378357,-7.138357,-6.8683567,-6.638357,-7.398357,-7.438357,-7.1183567,-6.878357,-6.778357,-7.538357,-8.458357,-8.008357,-7.738357,-7.918357,-8.768357,-7.788357,-8.538357,-8.788357,-9.778357,-9.878357,-10.638357,-11.088357,-10.948357,-10.778357,-9.388357,-8.548357,-7.528357,-6.968357,-6.998357,-7.8483567,-6.588357,-6.418357,-5.458357,-5.878357,-4.898357,-5.518357,-6.0983567
-8.378357,-8.038357,-7.908357,-7.228357,-6.918357,-6.5983567,-7.568357,-9.158357,-8.908357,-9.648357,-9.618357,-9.948357,-10.268357,-10.398357,-9.558357,-8.958357,-8.588357,-8.188357,-8.988357,-8.948357,-9.018357,-7.858357,-7.658357,-7.798357,-7.678357,-7.198357,-7.148357,-7.298357,-6.658357,-6.0983567,-7.248357,-7.068357,-7.5983567,-7.508357,-6.988357,-7.768357,-8.108356,-8.218357,-8.498357,-9.468357,-9.718357,-10.238357,-10.398357,-10.548357,-9.748357,-9.518357,-8.528357,-7.8483567,-7.068357,-6.638357,-6.088357,-7.168357,-7.198357,-6.708357,-6.068357,-5.028357,-5.188357,-6.438357
-7.818357,-7.998357,-9.058357,-8.0683565,-7.318357,-7.308357,-6.978357,-7.3283567,-8.938357,-8.828357,-9.158357,-9.778357,-9.978357,-10.328357,-10.308357,-10.228357,-10.048357,-8.108356,-8.198357,-8.658357,-8.058357,-7.928357,-7.918357,-8.108356,-8.048357,-7.998357,-7.218357,-6.8483567,-6.858357,-5.758357,-6.268357,-6.308357,-6.538357,-6.638357,-6.0983567,-7.248357,-8.488357,-9.028357,-8.418357,-8.678357,-9.558357,-9.008357,-10.228357,-9.828357,-9.498357,-9.268357,-8.968357,-8.358356,-7.488357,-5.698357,-6.1183567,-6.5983567,-6.998357,-7.128357,-5.688357,-4.938357,-5.238357,-6.0983567
-9.578357,-8.028357,-9.178357,-9.148357,-8.118357,-8.388357,-7.728357,-5.878357,-6.798357,-8.878357,-7.968357,-9.078357,-9.278357,-9.378357,-9.468357,-9.388357,-10.118357,-10.018357,-8.038357,-8.078357,-7.798357,-7.858357,-7.938357,-8.378357,-7.978357,-7.878357,-7.398357,-7.3483567,-6.758357,-5.538357,-6.358357,-5.608357,-6.298357,-5.758357,-5.478357,-6.528357,-7.608357,-8.508357,-8.668357,-8.488357,-8.728357,-9.218357,-9.418357,-9.198357,-8.758357,-8.438357,-9.048357,-8.218357,-7.038357,-6.408357,-5.768357,-6.708357,-6.958357,-6.458357,-5.478357,-5.048357,-4.378357,-5.408357
