json/gfs_20240722_00.json
{"header": { "discipline":0, "disciplineName":"Meteorological products", "gribEdition":2, "gribLength":79645, "center":7, "centerName":"US National Weather Service - NCEP(WMC)", "subcenter":0, "refTime":"2024-07-22T00:00:00.000Z", "significanceOfRT":1, "significanceOfRTName":"Start of forecast", "productStatus":0, "productStatusName":"Operational products", "productType":1, "productTypeName":"Forecast products", "productDefinitionTemplate":0, "productDefinitionTemplateName":"Analysis/forecast at horizontal level/layer at a point in time", "parameterCategory":2, "parameterCategoryName":"Momentum", "parameterNumber":2, "parameterNumberName":"U-component_of_wind", "parameterUnit":"m.s-1", "genProcessType":2, "genProcessTypeName":"Forecast", "forecastTime":0, "surface1Type":103, "surface1TypeName":"Specified height level above ground", "surface1Value":10.0, "surface2Type":255, "surface2TypeName":"Missing", "surface2Value":0.0, "gridDefinitionTemplate":0, "gridDefinitionTemplateName":"Latitude_Longitude", "numberPoints":65160, "shape":6, "shapeName":"Earth spherical with radius of 6,371,229.0 m", "gridUnits":"degrees", "resolution":48, "winds":"true", "scanMode":0, "nx":360, "ny":181, "basicAngle":0, "lo1":0.0, "la1":90.0, "lo2":359.0, "la2":-90.0, "dx":1.0, "dy":1.0 }, "data":
[rows 78 to 103 of 181, columns 0 to 58 of 360]
-0.716853,-0.23685303,0.823147,1.873147,1.363147,0.663147,0.513147,1.743147,2.463147,3.2831469,2.733147,3.603147,4.083147,5.683147,4.803147,4.573147,-0.22685303,0.273147,1.5931469,1.5831469,3.413147,2.053147,1.893147,-0.21685302,0.523147,1.663147,2.603147,3.993147,0.633147,-0.70685303,0.35314697,-0.29685304,0.35314697,-0.726853,-1.566853,-1.816853,-0.0068530273,4.643147,2.0331469,0.633147,2.893147,0.67314696,0.50314695,3.323147,6.783147,11.343147,10.453147,8.033147,5.243147,2.293147,0.20314698,-0.20685303,4.693147,7.833147,7.9031467,11.983147,9.833147,10.573147,9.943147
-1.506853,-0.10685303,0.54314697,0.903147,1.273147,-0.19685303,0.113146976,1.2131469,1.913147,0.973147,1.7031469,1.3331469,3.213147,2.403147,2.083147,1.4731469,2.303147,1.443147,0.513147,1.503147,1.4631469,0.86314696,-0.066853024,0.21314697,1.233147,2.313147,2.673147,3.5131469,2.113147,-0.15685302,-0.43685302,0.523147,-0.04685303,-0.55685306,-0.27685302,-0.43685302,-0.15685302,-0.18685302,0.13314697,0.06314697,4.173147,2.873147,1.2231469,0.16314697,-4.706853,6.1531467,2.253147,6.193147,3.373147,8.603147,13.913147,7.683147,7.723147,7.823147,8.953147,9.223147,9.043147,9.843147,9.513147
-0.39685303,-1.0368531,0.48314697,0.893147,1.383147,0.74314696,0.36314696,0.07314697,-0.256853,1.623147,-0.066853024,0.44314697,1.293147,1.103147,1.913147,2.683147,2.253147,1.2031469,0.67314696,1.423147,0.883147,0.43314698,0.583147,0.653147,0.513147,1.033147,1.803147,1.933147,1.683147,0.653147,0.74314696,0.06314697,-0.68685305,-0.14685303,-0.68685305,0.273147,-0.44685304,0.21314697,-0.76685303,1.553147,1.553147,3.933147,-0.786853,1.5931469,6.183147,1.653147,5.713147,2.933147,6.673147,9.523147,7.233147,6.453147,9.603147,8.623147,8.463147,7.613147,8.193147,9.283147,9.743147
-0.036853027,-1.006853,0.29314697,0.603147,1.553147,0.23314697,0.81314695,-0.726853,0.73314697,1.043147,1.933147,0.703147,1.533147,1.903147,2.383147,3.183147,2.893147,-0.27685302,1.743147,1.273147,0.14314698,0.34314698,0.0031469727,-0.11685303,0.963147,1.273147,1.413147,1.063147,1.353147,1.233147,1.043147,1.0931469,-0.596853,-0.676853,-0.986853,0.48314697,1.263147,0.023146972,1.283147,0.07314697,1.9531469,-1.626853,-0.14685303,4.933147,7.813147,5.933147,7.793147,5.093147,5.063147,8.223147,7.483147,9.313147,8.313147,8.933147,8.073147,7.563147,8.153147,8.703147,9.793147
1.013147,0.14314698,0.34314698,0.06314697,0.42314696,1.383147,0.913147,1.0731469,0.94314694,1.743147,1.493147,-0.50685304,1.7031469,0.19314697,0.513147,1.9631469,1.413147,1.643147,0.62314695,0.653147,1.8431469,0.703147,1.063147,1.353147,1.5931469,1.7031469,1.3431469,1.903147,1.353147,1.123147,1.373147,0.653147,0.713147,0.33314696,-1.366853,-0.88685304,0.25314698,0.763147,0.893147,0.69314694,2.663147,-2.006853,0.513147,3.083147,6.133147,5.343147,3.913147,3.213147,5.363147,7.113147,7.683147,8.343147,7.433147,7.1531467,7.663147,8.353147,8.813147,9.413147,9.123147
0.16314697,0.493147,1.563147,0.98314697,0.573147,0.98314697,1.273147,1.653147,1.133147,2.363147,-0.13685302,-1.386853,0.893147,0.47314698,0.36314696,1.393147,1.443147,0.13314697,1.173147,1.5731469,1.9731469,1.513147,1.433147,1.373147,0.74314696,1.3231469,1.763147,1.3431469,1.493147,1.3431469,1.043147,0.893147,0.763147,0.06314697,-1.4268531,-0.726853,-0.38685304,0.29314697,0.31314698,1.173147,0.903147,3.253147,1.633147,3.443147,2.863147,2.5331469,2.423147,4.003147,5.133147,5.343147,7.803147,6.863147,7.583147,7.9031467,7.293147,8.493147,8.863147,9.353147,9.303147
1.443147,2.363147,4.093147,4.443147,5.053147,2.123147,1.033147,1.403147,0.98314697,0.20314698,0.663147,0.92314696,0.523147,0.34314698,0.40314698,1.123147,1.903147,1.003147,1.4731469,1.443147,1.293147,0.98314697,0.893147,1.033147,0.883147,1.053147,1.413147,1.2131469,1.233147,1.313147,0.643147,1.403147,1.293147,1.043147,-0.976853,0.31314698,0.20314698,-0.49685302,-1.266853,0.703147,1.533147,1.2231469,2.413147,1.033147,0.94314694,1.763147,2.183147,3.983147,4.573147,6.013147,6.343147,6.273147,7.663147,6.863147,7.513147,7.883147,8.703147,8.573147,8.623147
1.9531469,2.493147,3.543147,4.323147,4.333147,5.713147,1.363147,1.2131469,0.67314696,-0.14685303,0.46314698,1.353147,0.823147,0.47314698,0.533147,0.94314694,1.283147,1.433147,1.153147,0.29314697,1.4631469,0.81314695,0.34314698,0.23314697,0.44314697,0.713147,1.143147,1.373147,1.623147,0.55314696,0.703147,1.2131469,1.353147,0.30314696,2.613147,3.143147,6.143147,-1.366853,-2.386853,0.35314697,0.46314698,0.713147,-0.63685304,1.4731469,2.413147,0.34314698,2.2731469,3.243147,3.723147,5.843147,5.113147,6.333147,6.593147,6.233147,7.173147,7.583147,8.233147,7.673147,7.143147
2.093147,3.243147,3.843147,4.503147,3.193147,4.553147,4.543147,3.403147,2.443147,2.593147,-0.08685303,1.123147,1.133147,1.263147,0.87314695,1.2031469,0.963147,0.763147,1.033147,0.523147,0.93314695,-0.546853,-0.30685303,0.40314698,0.25314698,0.47314698,0.703147,1.303147,0.593147,-0.0068530273,0.67314696,1.173147,0.33314696,1.643147,1.893147,2.453147,-3.866853,-5.126853,-6.976853,-1.9168531,-1.326853,0.273147,-0.17685303,0.07314697,1.8231469,2.373147,2.733147,2.413147,5.123147,4.853147,4.523147,5.983147,5.063147,5.843147,6.6531467,7.363147,7.243147,6.593147,5.343147
2.163147,2.5231469,3.553147,3.193147,3.7731469,3.933147,3.893147,3.923147,3.943147,2.913147,-0.256853,0.31314698,0.973147,1.303147,0.33314696,1.113147,0.903147,0.773147,0.643147,0.36314696,-0.57685304,0.19314697,-0.13685302,0.053146973,0.14314698,0.62314695,0.273147,0.493147,0.32314697,-0.08685303,0.62314695,2.803147,0.69314694,2.043147,1.8231469,-0.63685304,-9.086853,-8.276853,-7.956853,-4.376853,-1.696853,-1.106853,-0.49685302,-1.4068531,2.123147,2.223147,2.083147,4.143147,3.413147,3.2731469,3.373147,4.463147,4.333147,5.763147,6.133147,7.343147,6.313147,5.193147,4.013147
1.883147,2.713147,3.0231469,3.333147,2.903147,2.643147,2.893147,3.493147,2.933147,2.653147,-0.836853,1.303147,1.373147,0.883147,0.43314698,1.0731469,0.68314695,1.123147,0.963147,0.16314697,-0.44685304,-0.04685303,0.053146973,0.023146972,0.763147,0.783147,0.19314697,-0.04685303,0.033146974,0.19314697,-0.536853,0.953147,0.39314696,1.243147,1.773147,-0.80685306,4.853147,-2.646853,-5.5968533,-4.226853,-2.766853,-2.076853,-0.846853,0.22314698,2.113147,1.3231469,3.123147,4.083147,2.153147,3.203147,3.103147,3.193147,4.163147,6.103147,5.293147,6.263147,4.333147,3.363147,2.733147
0.80314696,1.683147,1.743147,1.7131469,1.603147,1.623147,2.183147,1.8331469,2.413147,2.853147,-0.10685303,0.843147,1.283147,0.45314696,0.843147,1.043147,0.98314697,0.68314695,-0.586853,0.17314698,-0.22685303,-0.31685302,0.21314697,0.15314697,0.75314695,0.18314697,0.24314697,-0.11685303,-0.18685302,0.26314697,1.173147,0.593147,1.313147,0.33314696,-2.016853,0.663147,1.3431469,-0.20685303,-6.246853,-3.4668531,-1.456853,-1.356853,-0.31685302,0.45314696,2.803147,1.9531469,1.363147,2.613147,2.163147,1.9531469,3.433147,2.5331469,3.5131469,4.573147,4.203147,3.803147,2.303147,1.5931469,0.94314694
-0.36685303,0.18314697,0.36314696,1.123147,1.493147,1.2231469,1.383147,1.303147,1.8431469,2.7831469,0.99314696,1.373147,0.45314696,0.663147,1.153147,1.503147,1.193147,1.313147,0.35314697,-0.846853,-0.21685302,0.06314697,0.48314697,0.26314697,0.703147,0.40314698,-0.10685303,0.033146974,0.34314698,-1.0368531,0.38314697,0.783147,0.79314697,1.443147,-2.586853,0.18314697,0.14314698,0.573147,-1.736853,-1.446853,-1.0368531,-1.316853,0.28314698,1.603147,0.92314696,1.653147,1.263147,0.74314696,1.2031469,1.603147,3.133147,2.343147,2.0331469,2.993147,3.083147,0.93314695,1.283147,0.36314696,-0.76685303
-1.606853,-1.876853,0.883147,1.433147,1.7231469,2.313147,0.10314697,0.703147,1.0831469,0.46314698,1.133147,1.3331469,0.20314698,0.55314696,1.153147,2.0231469,1.4631469,1.2131469,0.42314696,-0.22685303,-0.016853027,0.13314697,0.21314697,0.053146973,-0.13685302,0.10314697,0.13314697,0.15314697,-0.57685304,1.0831469,0.86314696,0.583147,2.913147,0.533147,-3.386853,-1.1568531,-1.086853,-0.23685303,-2.186853,-0.026853027,-1.766853,-0.676853,0.12314697,1.163147,-0.10685303,0.93314695,0.783147,0.74314696,0.93314695,1.153147,1.733147,2.493147,1.293147,1.3431469,1.313147,-0.30685303,-0.38685304,-1.696853,-3.786853
-2.056853,-1.866853,-0.99685305,-0.43685302,2.343147,-0.57685304,0.06314697,-0.10685303,0.493147,0.81314695,0.14314698,0.43314698,0.43314698,1.0731469,1.003147,1.7031469,2.123147,1.653147,0.87314695,-0.16685303,0.113146976,0.47314698,0.35314697,0.13314697,-0.74685305,-0.12685303,0.48314697,0.17314698,-0.546853,0.053146973,1.263147,0.93314695,0.25314698,0.07314697,0.013146972,-1.976853,-0.26685303,-1.7768531,-2.796853,-1.476853,-0.976853,-1.096853,-1.206853,-0.30685303,-0.38685304,1.023147,0.633147,0.56314695,0.74314696,1.313147,0.603147,0.09314697,0.33314696,0.06314697,-0.526853,-0.726853,-2.106853,-3.266853,-4.136853
-3.326853,-2.876853,-1.106853,-0.986853,0.113146976,-0.15685302,-1.0468531,-0.57685304,0.09314697,0.823147,-0.39685303,0.833147,-0.68685305,0.893147,0.67314696,1.2231469,1.4731469,1.673147,0.883147,-0.12685303,-0.14685303,0.43314698,-0.21685302,0.033146974,-0.616853,-0.16685303,0.113146976,-0.716853,-0.95685303,0.69314694,0.15314697,0.32314697,0.513147,0.083146974,-3.146853,-2.846853,-0.036853027,-1.456853,-0.27685302,-1.0368531,-0.20685303,-2.896853,-1.556853,-0.46685302,-0.546853,0.17314698,0.953147,0.113146976,0.573147,0.24314697,-1.466853,-1.0368531,-1.076853,-1.346853,-2.296853,-1.266853,-2.406853,-3.096853,-4.136853
-4.106853,-3.946853,-2.636853,-1.856853,-1.346853,-1.106853,-1.4068531,-1.226853,0.033146974,0.23314697,-0.016853027,-0.976853,0.783147,1.103147,1.863147,0.80314696,1.913147,1.253147,1.813147,-0.21685302,0.44314697,0.533147,0.38314697,0.12314697,0.67314696,-0.07685303,0.41314697,-0.69685304,0.04314697,1.5931469,1.813147,1.5931469,-0.31685302,-2.206853,-3.526853,-1.646853,-0.41685304,-2.2368531,-0.656853,0.22314698,-2.176853,-3.616853,-1.566853,-1.476853,-1.5468531,-0.82685304,-0.74685305,-1.4168531,-1.7868531,-3.056853,-2.356853,-2.046853,-2.866853,-2.656853,-3.356853,-2.496853,-3.706853,-4.486853,-4.186853
-4.746853,-3.996853,-3.006853,-2.556853,-1.806853,-2.156853,-1.586853,-1.626853,0.04314697,-0.24685302,0.853147,0.35314697,0.18314697,-0.07685303,0.903147,2.343147,2.543147,1.153147,0.643147,-0.13685302,-0.28685302,0.13314697,0.18314697,-0.26685303,0.09314697,-1.0368531,0.22314698,0.48314697,0.39314696,0.713147,0.69314694,1.193147,-1.2768531,-2.446853,-1.246853,-2.366853,-2.056853,-1.946853,-0.63685304,2.303147,-3.806853,-2.456853,-2.7368531,-2.546853,-1.876853,-1.466853,-1.986853,-2.686853,-3.056853,-3.856853,-3.296853,-3.996853,-3.426853,-3.796853,-4.026853,-3.886853,-4.516853,-5.226853,-4.456853
-4.926853,-4.016853,-3.426853,-3.006853,-2.766853,-2.206853,-2.016853,-1.646853,-0.27685302,-0.51685303,0.573147,2.113147,1.143147,0.783147,0.94314694,1.303147,1.233147,1.733147,1.263147,0.94314694,0.13314697,-0.87685305,0.33314696,1.4631469,-0.606853,0.053146973,1.003147,0.723147,0.87314695,1.003147,-1.716853,0.903147,-1.456853,-1.946853,-3.776853,-1.106853,-2.696853,-1.196853,-0.28685302,-0.866853,-4.736853,-3.866853,-3.566853,-2.886853,-2.436853,-3.066853,-2.846853,-4.706853,-4.606853,-5.056853,-5.326853,-5.126853,-5.316853,-4.226853,-4.516853,-5.186853,-5.656853,-5.656853,-5.136853
-5.136853,-4.266853,-3.906853,-3.126853,-2.686853,-2.876853,-2.326853,-2.026853,-0.796853,-0.44685304,-0.18685302,0.47314698,1.853147,0.16314697,0.763147,0.17314698,1.783147,0.07314697,-0.926853,0.10314697,0.99314696,-0.80685306,0.41314697,0.703147,-0.55685306,-0.30685303,1.743147,0.493147,-0.916853,-1.396853,-0.99685305,-0.55685306,0.32314697,-0.926853,-2.346853,-1.646853,-1.956853,0.573147,1.313147,0.45314696,-5.686853,-4.796853,-3.856853,-2.696853,-2.276853,-4.256853,-4.416853,-5.686853,-5.136853,-5.776853,-5.896853,-6.176853,-5.616853,-5.216853,-5.056853,-5.316853,-6.136853,-6.636853,-5.966853
-5.066853,-4.886853,-4.056853,-3.826853,-2.946853,-3.2168531,-3.286853,-2.956853,-1.2868531,0.523147,0.953147,0.74314696,0.913147,1.103147,-0.096853025,0.24314697,1.943147,1.003147,-0.916853,0.113146976,1.813147,-0.26685303,-0.28685302,-0.04685303,0.533147,0.54314697,0.16314697,0.29314697,0.61314696,-1.216853,1.5931469,-2.346853,-0.19685303,-1.936853,-0.68685305,-2.096853,-0.29685304,-1.346853,-0.93685305,1.043147,-6.586853,-4.266853,-3.886853,-3.146853,-2.886853,-3.916853,-4.086853,-5.936853,-6.776853,-6.446853,-6.736853,-6.836853,-5.896853,-5.856853,-5.636853,-5.546853,-6.456853,-6.506853,-6.006853
-4.276853,-4.776853,-3.806853,-4.026853,-3.536853,-3.326853,-3.696853,-3.7168531,-2.246853,-0.68685305,0.30314696,0.61314696,0.33314696,0.523147,-0.016853027,1.163147,1.9631469,0.763147,-1.136853,0.053146973,1.163147,-0.44685304,-0.12685303,-0.51685303,-0.38685304,-0.30685303,0.61314696,-1.136853,0.39314696,-0.606853,-1.106853,-1.006853,0.35314697,-1.206853,0.953147,-0.10685303,0.09314697,-0.56685305,-0.94685304,-0.096853025,-6.226853,-4.326853,-4.186853,-3.606853,-2.936853,-3.646853,-5.366853,-4.966853,-7.456853,-7.676853,-7.496853,-7.306853,-6.426853,-6.166853,-5.506853,-6.896853,-7.036853,-6.8468533,-5.876853
-4.476853,-4.166853,-3.796853,-4.136853,-3.9768531,-3.336853,-4.036853,-4.166853,-3.146853,-1.446853,0.24314697,0.953147,0.10314697,0.06314697,1.033147,0.953147,1.403147,0.29314697,0.30314696,-1.356853,0.033146974,-0.34685302,0.493147,-0.0068530273,-1.226853,-1.076853,-1.516853,-0.55685306,2.103147,-1.6568531,-1.616853,-1.876853,-0.23685303,0.033146974,2.243147,1.123147,0.04314697,-1.096853,0.55314696,-0.33685303,-0.986853,-4.146853,-2.906853,-3.406853,-3.2168531,-3.4768531,-4.026853,-4.996853,-6.866853,-7.926853,-8.566853,-7.886853,-7.056853,-5.056853,-6.196853,-7.406853,-8.096853,-7.006853,-6.8468533
-4.226853,-4.196853,-3.746853,-4.336853,-3.996853,-3.606853,-3.606853,-3.866853,-3.396853,-2.126853,-0.76685303,1.2231469,0.833147,0.18314697,1.2031469,-0.096853025,0.15314697,0.42314696,-1.146853,-0.736853,0.053146973,1.393147,0.013146972,-1.326853,-1.606853,-0.94685304,-1.596853,0.48314697,-0.56685305,-2.366853,-2.326853,-1.186853,-0.32685304,-0.476853,-1.716853,0.79314697,0.33314696,-2.326853,-1.5268531,-0.82685304,0.39314696,-3.946853,-2.836853,-3.326853,-1.456853,-2.626853,-2.766853,-3.576853,-7.436853,-8.136853,-8.646853,-8.916853,-8.316853,-6.416853,-5.776853,-7.166853,-8.326853,-7.076853,-5.716853
-4.566853,-4.556853,-3.896853,-3.746853,-3.846853,-3.326853,-3.096853,-3.326853,-3.046853,-2.9668531,-1.596853,0.62314695,0.18314697,1.153147,0.37314698,-0.20685303,-0.596853,1.8231469,-0.35685304,-0.31685302,0.013146972,-1.0468531,-1.476853,-0.12685303,-1.126853,-0.87685305,-1.556853,-1.986853,-1.586853,-1.516853,-1.9168531,-2.116853,1.403147,-3.136853,1.743147,-2.586853,0.843147,-0.966853,-0.55685306,-1.5268531,0.38314697,-4.396853,-2.946853,-2.286853,-1.896853,-1.836853,-1.976853,-1.9268531,-1.606853,-6.936853,-7.546853,-8.876853,-8.226853,-6.5968533,-7.0968533,-6.726853,-8.966853,-8.296853,-6.466853
-4.8468533,-4.366853,-3.786853,-4.036853,-3.766853,-3.106853,-2.806853,-2.856853,-2.626853,-2.186853,-2.156853,-1.396853,0.21314697,0.42314696,-0.0068530273,-0.69685304,-0.736853,1.313147,0.0031469727,0.17314698,-0.026853027,0.903147,-0.56685305,-0.45685303,-0.82685304,-1.9168531,-2.546853,-2.286853,-1.626853,-1.1768531,-1.6568531,-1.996853,-1.4268531,-2.056853,1.033147,-1.9268531,1.243147,-1.686853,-0.76685303,-1.616853,-0.43685302,-4.056853,-2.856853,-0.80685306,-0.87685305,-1.646853,-2.506853,-0.70685303,-0.616853,-1.826853,-2.886853,-7.976853,-8.686853,-7.106853,-6.776853,-7.606853,-8.936853,-7.986853,-6.506853
