json/gfs_20240726_00.json
{"header": { "discipline":0, "disciplineName":"Meteorological products", "gribEdition":2, "gribLength":79331, "center":7, "centerName":"US National Weather Service - NCEP(WMC)", "subcenter":0, "refTime":"2024-07-26T00:00:00.000Z", "significanceOfRT":1, "significanceOfRTName":"Start of forecast", "productStatus":0, "productStatusName":"Operational products", "productType":1, "productTypeName":"Forecast products", "productDefinitionTemplate":0, "productDefinitionTemplateName":"Analysis/forecast at horizontal level/layer at a point in time", "parameterCategory":2, "parameterCategoryName":"Momentum", "parameterNumber":2, "parameterNumberName":"U-component_of_wind", "parameterUnit":"m.s-1", "genProcessType":2, "genProcessTypeName":"Forecast", "forecastTime":0, "surface1Type":103, "surface1TypeName":"Specified height level above ground", "surface1Value":10.0, "surface2Type":255, "surface2TypeName":"Missing", "surface2Value":0.0, "gridDefinitionTemplate":0, "gridDefinitionTemplateName":"Latitude_Longitude", "numberPoints":65160, "shape":6, "shapeName":"Earth spherical with radius of 6,371,229.0 m", "gridUnits":"degrees", "resolution":48, "winds":"true", "scanMode":0, "nx":360, "ny":181, "basicAngle":0, "lo1":0.0, "la1":90.0, "lo2":359.0, "la2":-90.0, "dx":1.0, "dy":1.0 }, "data":
[rows 25 to 49 of 181, columns 290 to 347 of 360]
6.5673804,7.8873806,9.387381,10.90738,11.83738,9.74738,9.267381,9.41738,7.9773803,2.3373804,2.7673805,7.1573806,8.687381,9.23738,11.07738,10.847381,9.28738,6.1973805,3.3273804,4.6573806,3.1173804,5.1073804,5.34738,3.0373805,3.4273803,5.9173803,5.8373804,0.7373804,-0.5726196,0.7973804,1.5373803,2.5873804,2.6273804,0.9973804,1.5073804,1.1073804,-0.91261965,-0.7526196,0.18738037,-0.7026196,-0.66261965,0.46738037,0.7473804,1.4773804,1.4573804,2.0873804,2.4673803,2.4073803,0.71738034,0.42738038,2.3773804,0.23738037,-1.9326196,-0.37261963,-1.8126197,-1.5626197,-1.0826197,-1.5826197
9.20738,6.9973803,7.2373805,9.74738,11.02738,10.74738,6.4373803,7.6073804,8.637381,10.07738,8.62738,8.37738,9.0073805,9.23738,9.427381,9.41738,8.387381,5.1773806,2.9373803,3.4073803,3.2873805,4.05738,2.6073804,2.7073803,4.3773804,5.7373805,7.2973804,3.0173805,1.3773804,1.2273804,0.8573804,-0.49261963,0.17738037,0.21738037,0.7873804,1.9273803,1.9073803,2.1073804,1.7873803,2.8173804,-1.9126196,-0.9426196,0.16738038,1.5073804,2.4473803,3.3173804,4.32738,5.4073806,1.8473804,2.1273804,-0.22261962,0.27738038,-0.5126196,0.49738038,-4.5626197,-4.94262,-2.8426197,-4.40262
7.9873805,7.7073803,10.31738,10.02738,10.79738,8.41738,8.32738,4.8573804,5.6073804,6.7373805,9.28738,11.08738,11.557381,11.15738,10.41738,9.61738,8.427381,6.76738,4.6473804,3.1073804,2.1873803,0.77738035,-0.6426196,2.8773804,4.57738,6.4373803,12.78738,2.1273804,-1.4826196,-0.91261965,-2.1226196,-3.3626196,-3.1526196,-1.8226197,-0.5826196,1.0773804,2.2673805,2.5173805,4.3973804,4.6973805,4.32738,3.1073804,2.8073804,2.6873803,2.3073804,2.6273804,3.6473804,4.4773803,5.3573804,6.7973804,7.11738,7.6673803,2.0373805,-1.7726196,-2.9026196,-2.3126197,-2.0826197,-2.7026196
9.44738,10.847381,11.36738,11.79738,10.33738,7.5273805,9.24738,11.23738,12.66738,11.767381,10.267381,10.56738,9.40738,8.647381,11.37738,10.95738,10.347381,8.5073805,6.32738,5.9173803,2.4873803,2.5473804,-5.3126197,-1.7026197,2.7773805,2.3773804,11.06738,4.84738,1.8173804,-0.86261964,-2.4726195,-0.5126196,0.16738038,1.7373804,1.3173804,1.3873804,1.7073804,3.4673803,5.0873804,5.9673805,6.3773804,5.51738,4.7573805,4.2973804,5.2173805,5.9473805,6.4773803,7.0473804,7.1273804,7.0873804,6.4073806,3.9173803,4.6673803,5.9173803,1.0173804,2.5073805,0.9373804,2.3773804
4.11738,7.9073806,10.32738,9.647381,9.647381,11.347381,11.137381,11.897381,12.35738,11.517381,11.11738,10.467381,11.07738,10.517381,10.02738,7.9873805,8.12738,7.84738,8.387381,5.3973804,3.4273803,-3.0626197,-4.7926197,-2.8926196,-0.2626196,-3.0726197,8.54738,5.4473805,-1.5026196,-0.13261963,-0.85261965,-0.84261966,0.47738037,2.4973803,3.1573803,4.6073804,4.8873806,4.28738,5.01738,5.6673803,6.09738,5.82738,5.6673803,5.3373804,5.9873805,6.11738,6.55738,6.51738,7.2073803,7.9473805,8.187381,8.097381,8.897381,9.66738,9.637381,8.11738,6.0473804,6.36738
5.0273805,-0.6226196,4.36738,5.5273805,7.11738,8.52738,11.99738,11.57738,11.77738,12.77738,13.137381,11.517381,9.74738,8.187381,7.9973803,7.7773805,8.147381,6.8373804,8.227381,5.1673803,4.80738,4.55738,2.2873805,1.0673804,2.7373803,3.1173804,3.2673805,6.0473804,8.48738,8.08738,4.7473803,2.3773804,1.3473804,1.9473804,2.9373803,3.8573804,5.09738,4.8873806,4.7473803,4.6373806,5.55738,5.6073804,5.3873806,5.6373806,5.8173804,4.0673804,4.2073803,4.1873803,5.34738,6.6473804,7.9773803,8.897381,9.467381,9.897381,9.847381,10.847381,11.60738,10.91738
4.6373806,-0.78261966,-1.3226197,0.95738035,0.83738035,2.7573805,3.0773804,0.6073804,5.2473803,6.0873804,6.86738,6.0473804,5.53738,5.6973805,7.1273804,6.82738,6.5673804,5.11738,6.6573806,6.1673803,6.1673803,5.7373805,5.5073805,5.4773803,4.9873805,5.3573804,6.84738,10.29738,10.16738,11.44738,8.81738,8.727381,7.05738,4.59738,3.1873803,2.8973804,3.7573805,3.3473804,4.05738,3.0873804,3.3373804,4.6573806,5.1073804,4.1473804,4.9573803,5.61738,5.3173804,6.2473803,6.6473804,6.4473805,5.8873806,7.05738,7.8573804,8.887381,9.45738,10.49738,10.927381,11.35738
4.3173804,4.1873803,-0.04261963,0.44738036,1.4973804,3.1173804,5.32738,3.1973803,-1.0926197,-1.5826197,-0.5626196,0.03738037,1.6973804,2.7073803,2.3173804,3.2573805,3.3673804,4.84738,5.4073806,5.07738,5.8973804,6.01738,5.9073806,5.8373804,5.9473805,6.3773804,7.4773803,8.56738,7.2973804,9.94738,9.897381,9.77738,9.19738,7.9073806,6.3873806,4.9073806,4.05738,3.6773803,4.78738,3.9373803,3.0473804,4.11738,4.6573806,4.5073805,4.1073804,4.4073806,4.3173804,5.2073803,6.51738,6.4873805,8.03738,8.44738,8.897381,7.36738,8.06738,8.397381,8.397381,8.637381
2.5873804,1.9473804,3.4773803,-2.2826197,0.25738037,1.9273803,3.8373804,3.8573804,-1.5026196,-2.1526196,-4.1226196,-3.3126197,-3.3926196,-2.1326196,2.8573804,3.7673805,4.9073806,4.4073806,4.6973805,4.80738,5.53738,5.7973804,5.8873806,5.9473805,6.1873803,5.84738,6.4873805,6.7073803,6.7773805,8.74738,8.91738,9.977381,10.48738,10.87738,8.82738,8.0073805,6.7573805,5.2973804,4.4373803,3.8073804,4.2373805,4.4273806,4.8373804,5.80738,6.8173804,5.1973805,6.7373805,5.9473805,6.0073805,6.5673804,7.1273804,8.0073805,8.427381,8.83738,7.86738,7.76738,7.3773804,7.34738
0.6173804,-1.9526197,-1.0726197,-0.24261963,0.6073804,2.0673804,2.8273804,2.7873805,2.6873803,-0.7026196,1.8473804,2.5573804,-2.3226197,4.8373804,1.9473804,2.5173805,3.5573804,4.09738,4.2473803,3.8473804,4.53738,4.9773803,5.3873806,5.76738,5.1473804,4.8873806,5.4673805,5.84738,5.9773803,7.0873804,8.0073805,9.097381,9.887381,11.65738,11.66738,10.03738,8.81738,8.06738,7.7173805,7.2773805,6.7773805,7.01738,7.2973804,8.097381,9.19738,10.04738,9.637381,9.647381,9.437381,8.677381,8.937381,8.227381,8.85738,9.58738,8.69738,8.56738,9.10738,8.90738
-0.02261963,-0.41261962,-0.68261963,0.10738037,-0.22261962,2.4673803,2.5773804,1.9873804,1.2473804,0.8473804,-1.3026196,1.6373804,2.6073804,-0.34261963,-2.3226197,-0.14261962,1.1073804,2.2973804,3.2773805,3.5673804,3.6373804,4.4973803,4.9973803,4.5073805,3.9873803,5.0873804,5.4073806,5.1273804,5.2973804,5.9173803,6.5073805,7.57738,8.56738,9.74738,11.79738,12.54738,11.387381,10.95738,10.967381,10.98738,11.35738,11.33738,11.647381,11.85738,11.62738,11.467381,11.187381,11.33738,11.767381,11.227381,10.347381,9.29738,9.10738,9.267381,8.94738,9.70738,9.897381,8.967381
0.35738036,-0.32261962,0.24738038,-0.39261964,-1.3326197,3.3573804,5.3973804,3.5773804,6.11738,4.4073806,4.6773806,5.0873804,1.2673804,-2.3726196,-1.3026196,-2.0626197,-0.55261964,1.0273803,2.4673803,2.6873803,2.9973803,3.6573803,4.03738,4.0273805,4.09738,4.6473804,4.9673805,5.30738,5.34738,4.9873805,5.1673803,6.09738,7.2273803,8.27738,9.62738,11.08738,12.427381,12.687381,12.74738,13.19738,13.177381,13.397381,13.35738,12.7573805,11.62738,11.19738,10.847381,11.52738,11.66738,11.217381,10.69738,9.66738,9.74738,10.78738,9.90738,9.77738,9.727381,9.32738
-0.53261966,-0.36261964,1.6673803,1.8973804,1.3473804,0.75738037,0.9273804,0.38738036,0.8073804,1.6373804,2.8273804,5.6973805,3.5173805,1.9773804,3.6973803,5.57738,2.1773803,2.0073805,2.8173804,3.2473803,3.6573803,4.0473804,3.9573803,4.2073803,3.9073803,3.9273803,4.4073806,4.6573806,5.2073803,5.4873805,5.6773806,5.9773803,6.2373805,7.28738,8.44738,9.44738,10.66738,11.86738,12.65738,13.24738,13.387381,13.267381,12.60738,12.53738,12.36738,12.057381,11.27738,10.87738,11.267381,11.02738,10.29738,9.477381,9.37738,9.66738,8.937381,8.56738,8.77738,8.69738
0.12738037,1.4873804,0.077380374,0.63738036,-0.23261963,-1.6126196,-1.9626197,-2.8226197,-2.8026197,-1.8726196,1.0973804,4.2473803,2.6573803,5.05738,6.4973803,5.7773805,2.4373803,2.0973804,2.3573804,2.8673804,2.7573805,3.7573805,4.2273803,4.2973804,4.78738,5.55738,5.6373806,5.9673805,6.78738,7.4473805,7.2373805,6.4273806,6.32738,6.8573804,7.34738,8.2573805,9.73738,10.48738,11.2573805,11.94738,12.557381,12.927381,12.977381,12.73738,12.227381,11.977381,12.37738,11.40738,10.86738,10.56738,9.7573805,9.70738,8.82738,9.2573805,9.20738,7.9673805,7.2373805,7.4973803
0.22738037,1.0273803,0.88738036,0.22738037,1.0073804,1.0273803,0.71738034,-0.55261964,-1.5626197,-1.6626196,0.65738034,2.4773803,4.0473804,1.1173804,0.7273804,0.37738037,0.12738037,0.05738037,0.89738035,1.3273804,1.7973803,3.2873805,4.36738,4.0873804,4.1973805,4.4873805,5.09738,5.0873804,5.36738,5.59738,5.9273806,6.1073804,6.1773806,6.7073803,7.2173805,7.9273806,8.897381,9.69738,10.637381,11.02738,11.65738,11.7573805,11.767381,11.937381,11.27738,11.65738,11.517381,10.807381,10.57738,9.687381,9.767381,9.807381,8.99738,8.54738,8.16738,8.10738,7.1073804,7.1673803
0.44738036,0.7373804,0.50738037,1.2073804,3.5173805,0.5573804,2.4073803,0.8073804,-3.3726196,-0.67261964,0.32738036,0.81738037,1.1073804,0.58738035,-1.1826196,-5.0226197,-3.0926197,-0.91261965,0.9273804,2.0073805,1.8373804,2.8773804,2.6073804,3.1773803,2.0373805,2.3073804,1.8273804,1.5573803,2.1673803,2.6473804,2.6973803,3.3473804,4.26738,5.0873804,6.0073805,7.1773806,7.6673803,8.267381,8.53738,9.32738,8.74738,9.16738,9.647381,9.597381,9.79738,9.35738,9.2573805,9.49738,9.187381,9.70738,9.397381,8.77738,8.687381,8.65738,7.4373803,7.82738,7.7473803,7.3373804
2.8173804,-0.2626196,4.01738,3.2073803,1.0273803,2.9273803,0.75738037,0.7973804,-0.22261962,-0.98261964,0.95738035,0.41738036,0.15738037,2.5173805,1.6173804,2.7773805,0.26738036,-2.8926196,-0.12261963,0.6173804,0.39738038,0.017380372,0.03738037,-0.30261964,-1.3426197,-2.0726197,-3.0926197,-3.3926196,-3.8226197,-2.7626197,-1.7626196,-0.8126196,0.14738037,1.3373804,2.4673803,3.7573805,4.2073803,4.9273806,5.6773806,6.2973804,6.78738,6.5873804,6.7173805,7.01738,7.11738,6.9973803,7.2973804,8.24738,8.48738,8.897381,8.69738,8.78738,7.6973805,7.1473804,6.61738,6.1273804,5.4673805,4.6373806
2.4673803,4.4373803,1.1573803,1.3373804,2.2173803,4.84738,4.0073805,0.26738036,-2.2326195,-2.1926196,-2.8726196,-1.3826196,0.65738034,1.3373804,1.3573804,0.96738034,0.57738036,0.6173804,0.20738037,-0.17261963,0.18738037,-1.2326196,-1.3626196,-1.3326197,-2.1426196,-2.5426197,-3.1426196,-3.2526197,-4.0626197,-2.6426196,-2.6426196,-4.2426195,-2.3926196,-0.7726196,-1.2126197,0.75738037,2.0873804,1.9773804,2.8973804,3.4473803,3.9473803,3.9273803,4.4973803,6.07738,5.4273806,6.1973805,6.59738,6.5273805,7.3173804,7.86738,6.80738,6.6973805,5.61738,3.5473804,2.5273805,4.3573804,5.28738,4.6373806
3.9773803,2.9473803,1.7073804,1.8173804,1.4773804,2.3973804,4.3373804,3.2573805,0.8773804,1.4273803,-0.46261963,0.17738037,1.4573804,2.4773803,0.49738038,1.2873803,0.027380371,0.23738037,0.21738037,-0.47261962,-0.9026196,-0.15261963,-0.9526196,-1.6326196,-2.4226196,-3.3326197,-4.1626196,-6.0726194,-6.42262,-6.5926194,-3.5926197,-1.8126197,-0.2626196,0.95738035,-6.2426195,-2.5426197,0.21738037,0.65738034,2.2173803,1.3973804,2.7873805,2.0773804,2.9473803,3.9373803,5.1973805,5.34738,4.6973805,5.4873805,7.34738,7.0273805,6.1973805,6.2373805,5.9073806,6.0473804,4.5673804,3.4873803,3.4773803,3.4273803
4.9473805,2.1573803,1.5773804,0.8573804,0.8073804,1.8373804,1.9773804,1.3673804,-0.60261965,-0.34261963,0.75738037,0.8573804,0.81738037,0.16738038,0.7473804,1.2573804,0.33738038,0.6273804,-0.02261963,-1.1726196,-0.60261965,-1.1226196,-1.0126196,-1.8926196,-2.2026196,-3.6126196,-5.9126196,-11.9926195,-8.67262,-9.42262,-3.2826197,0.56738037,-0.8926196,1.9973804,3.2673805,2.8773804,-0.73261964,-0.49261963,0.71738034,0.6773804,1.3773804,1.3473804,2.3473804,3.4373803,4.82738,5.0673804,4.6073804,5.1273804,3.8773804,3.8573804,4.28738,2.0173805,3.2873805,4.2273803,3.0673804,2.5973804,1.8673804,1.9573804
3.7373803,0.8573804,1.3373804,0.41738036,3.7073803,0.9973804,-0.45261964,-0.20261963,-0.79261965,-1.9526197,-2.9326196,-3.0026197,-3.3526196,-2.7626197,-2.1426196,-1.8326197,-2.0526197,-1.2926196,-1.7326196,-2.5526197,-2.3526196,-1.5826197,-1.1926197,-0.60261965,-0.91261965,-3.7126195,4.5873804,5.4373803,6.1573806,-2.1126196,-3.1326196,-1.2526196,0.24738038,-2.0726197,0.03738037,-0.97261965,-2.5526197,-2.1926196,-1.5226196,-1.1226196,0.03738037,0.41738036,1.5173804,2.1973803,3.6473804,3.6773803,3.3073804,1.8273804,2.8173804,2.9373803,2.5173805,2.0573804,1.7873803,1.6973804,1.3673804,0.9373804,1.1573803,0.69738036
2.6373804,1.4773804,1.8273804,0.49738038,0.047380373,-0.39261964,-0.5126196,-1.5826197,-2.7726197,-3.6226196,-4.69262,-5.3226194,-6.0726194,-6.17262,-5.63262,-5.5826197,-4.63262,-3.7426195,-2.8626196,-2.8226197,-2.1526196,-1.1826196,-0.7526196,1.1173804,1.5673804,6.61738,8.78738,7.2573805,5.8873806,0.65738034,-2.7726197,-4.4726195,-2.9426196,-0.74261963,-4.4126196,-5.1826196,-5.5526195,-5.67262,-5.9926195,-6.4326196,-4.44262,-2.4326196,-2.0326197,-0.39261964,0.6073804,1.0473803,1.1073804,0.27738038,1.7373804,1.4073803,0.8073804,0.42738038,-0.08261963,0.25738037,0.7273804,0.50738037,0.77738035,0.90738034
6.59738,4.36738,3.1273804,2.3773804,1.1373804,1.1173804,1.2973803,-0.8826196,-1.1426196,-2.1126196,-0.44261962,0.58738035,-0.6326196,-2.9126196,-5.7626195,-7.2226195,-5.6426196,-5.6026196,-4.73262,-3.4126196,-2.0126197,0.41738036,1.7173804,4.6473804,7.1473804,9.33738,9.56738,9.2573805,6.4773803,4.51738,0.16738038,-0.9526196,-1.2626196,-3.4726195,-4.5326195,-6.0126195,-6.7626195,-7.6026196,-9.13262,-8.822619,-7.7226195,-7.44262,-6.2226195,-3.0626197,-2.7426195,-2.3726196,-2.0826197,-1.1926197,-1.0326196,-0.84261966,-0.85261965,0.41738036,0.15738037,0.64738035,0.90738034,2.1773803,4.1873803,4.6273804
5.6873803,5.0673804,2.9173803,3.1173804,3.8473804,4.2273803,4.07738,5.01738,6.5873804,6.6373806,7.53738,7.9073806,7.11738,5.32738,4.7573805,6.2173805,3.0873804,-3.5626197,-2.3626196,-2.8626196,0.36738038,3.6973803,5.6273804,7.9673805,10.19738,10.44738,9.90738,10.44738,8.807381,4.2373805,2.8873804,0.64738035,-0.9426196,-2.7326195,-3.4126196,-4.5126195,-7.3326197,-9.20262,-10.522619,-3.7126195,-5.44262,-5.3726196,-5.1026196,-4.4726195,-4.5126195,-3.3526196,-2.5026197,-1.8626196,-0.97261965,0.15738037,0.6073804,-0.14261962,-0.19261962,2.2673805,5.0473804,5.5673804,5.05738,4.1473804
6.7273803,5.3173804,4.0273805,4.34738,5.03738,4.9673805,4.78738,5.9073806,8.52738,9.397381,9.69738,10.307381,9.647381,8.927381,8.69738,8.427381,7.9273806,7.1073804,6.5873804,4.1973805,5.09738,3.8273804,5.2073803,7.7373805,8.897381,9.717381,9.08738,7.9573803,6.01738,4.6473804,2.8373804,0.40738037,-0.8826196,-0.55261964,-2.0926197,-2.2526197,-2.3026197,0.5373804,4.05738,3.6773803,2.0873804,-4.13262,-3.6726196,-3.8426197,-4.42262,-3.8826196,-2.9626195,-1.2026197,0.23738037,1.3573804,2.4873803,4.1473804,4.9773803,5.3773804,5.2573805,4.6673803,4.11738,3.5373805
