json/gfs_20240717_00.json
{"header": { "discipline":0, "disciplineName":"Meteorological products", "gribEdition":2, "gribLength":78950, "center":7, "centerName":"US National Weather Service - NCEP(WMC)", "subcenter":0, "refTime":"2024-07-17T00:00:00.000Z", "significanceOfRT":1, "significanceOfRTName":"Start of forecast", "productStatus":0, "productStatusName":"Operational products", "productType":1, "productTypeName":"Forecast products", "productDefinitionTemplate":0, "productDefinitionTemplateName":"Analysis/forecast at horizontal level/layer at a point in time", "parameterCategory":2, "parameterCategoryName":"Momentum", "parameterNumber":2, "parameterNumberName":"U-component_of_wind", "parameterUnit":"m.s-1", "genProcessType":2, "genProcessTypeName":"Forecast", "forecastTime":0, "surface1Type":103, "surface1TypeName":"Specified height level above ground", "surface1Value":10.0, "surface2Type":255, "surface2TypeName":"Missing", "surface2Value":0.0, "gridDefinitionTemplate":0, "gridDefinitionTemplateName":"Latitude_Longitude", "numberPoints":65160, "shape":6, "shapeName":"Earth spherical with radius of 6,371,229.0 m", "gridUnits":"degrees", "resolution":48, "winds":"true", "scanMode":0, "nx":360, "ny":181, "basicAngle":0, "lo1":0.0, "la1":90.0, "lo2":359.0, "la2":-90.0, "dx":1.0, "dy":1.0 }, "data":
[rows 0 to 24 of 181, columns 290 to 347 of 360]
6.172324,6.2823243,6.3923244,6.4923244,6.602324,6.7023244,6.8023243,6.8923244,6.9923244,7.082324,7.172324,7.2623243,7.352324,7.4323244,7.5123243,7.5923243,7.672324,7.7423244,7.812324,7.882324,7.9523244,8.022325,8.082324,8.142324,8.202324,8.252324,8.312325,8.362324,8.402325,8.452324,8.492324,8.532324,8.572324,8.612324,8.642324,8.672324,8.692325,8.722324,8.742324,8.762324,8.772325,8.792324,8.802324,8.812325,8.812325,8.822324,8.822324,8.812325,8.812325,8.802324,8.792324,8.782324,8.762324,8.742324,8.722324,8.702324,8.672324,8.642324
5.2423244,5.332324,5.422324,5.502324,5.5923243,5.6823244,5.7823243,5.882324,5.9723244,6.062324,6.152324,6.2423244,6.3223243,6.402324,6.4923244,6.562324,6.6423244,6.732324,6.812324,6.8923244,6.9723244,7.042324,7.112324,7.1823244,7.252324,7.312324,7.372324,7.4323244,7.4923244,7.5523243,7.612324,7.6623244,7.7223244,7.7823243,7.8423243,7.8923244,7.9323244,7.982324,8.022325,8.062325,8.1023245,8.142324,8.172324,8.202324,8.232325,8.262324,8.292324,8.322324,8.342324,8.362324,8.382324,8.392324,8.402325,8.412324,8.422324,8.422324,8.432324,8.432324
5.1423244,5.252324,5.352324,5.462324,5.5523243,5.6423244,5.7223244,5.792324,5.862324,5.922324,5.962324,6.002324,6.062324,6.122324,6.1823244,6.2423244,6.312324,6.3923244,6.4723244,6.5523243,6.632324,6.712324,6.772324,6.8223243,6.862324,6.902324,6.9323244,6.982324,7.0123243,7.022324,7.042324,7.042324,7.0523243,7.062324,7.062324,7.062324,7.0723243,7.082324,7.0923243,7.112324,7.122324,7.152324,7.1823244,7.2023244,7.212324,7.2223244,7.232324,7.2623243,7.292324,7.3223243,7.362324,7.402324,7.4723244,7.542324,7.612324,7.6623244,7.712324,7.7623243
3.6523242,3.6923242,3.742324,3.7823243,3.8423243,3.9223242,3.992324,4.0523243,4.112324,4.172324,4.232324,4.2823243,4.332324,4.4123244,4.4723244,4.5123243,4.5723243,4.622324,4.652324,4.6823244,4.7223244,4.7623243,4.792324,4.8023243,4.812324,4.792324,4.7623243,4.732324,4.732324,4.7423244,4.7423244,4.752324,4.772324,4.812324,4.8423243,4.862324,4.8923244,4.9523244,5.002324,5.0723243,5.132324,5.2023244,5.3023243,5.3923244,5.482324,5.582324,5.652324,5.7023244,5.7423244,5.772324,5.8223243,5.862324,5.9123244,5.962324,6.002324,6.0523243,6.102324,6.152324
2.1623242,2.252324,2.3423243,2.4323242,2.502324,2.5923243,2.6823242,2.7623243,2.8323243,2.8923242,2.9323242,2.9723241,3.0323243,3.1123242,3.2023242,3.3023243,3.3723242,3.4423242,3.502324,3.5723243,3.6423242,3.7223241,3.7923243,3.8723242,3.9223242,3.9523242,3.9523242,3.9623241,3.9223242,3.8823242,3.8623242,3.8623242,3.9123242,4.002324,4.112324,4.2423244,4.2823243,4.2623243,4.2223244,4.1823244,4.122324,4.0923243,4.102324,4.1423244,4.192324,4.2823243,4.402324,4.4923244,4.5923243,4.6823244,4.7823243,4.8923244,5.002324,5.0923243,5.1823244,5.252324,5.332324,5.422324
2.1523242,2.2123241,2.252324,2.2323241,2.2223241,2.252324,2.2923243,2.3323243,2.3823242,2.4323242,2.4623241,2.502324,2.5523243,2.6023242,2.5323243,2.4223242,2.4423242,2.502324,2.5223243,2.5123243,2.4723241,2.3323243,2.2223241,2.2823243,2.3123243,2.3223243,2.3623242,2.5623243,2.7123241,2.6223242,2.6023242,2.5223243,2.502324,2.502324,2.492324,2.4723241,2.4823241,2.4823241,2.4723241,2.4423242,2.3823242,2.3223243,2.3623242,2.4023242,2.4823241,2.5323243,2.6023242,2.7623243,2.8223243,2.8523242,2.9023242,2.8523242,2.7723243,2.7923243,2.8123243,2.8323243,2.8923242,2.9823241
1.6423242,1.6523242,1.6223242,1.5623242,1.5423242,1.6823242,1.7723242,1.7323242,1.6023242,1.5823243,1.6923242,1.8323243,1.7223243,1.4223242,1.0323242,0.68232423,0.38232422,0.35232422,0.44232422,0.5723242,0.9123242,1.2923242,1.5523242,1.7523242,1.9223242,2.1423242,2.2723243,2.3323243,2.3023243,2.3523242,2.5223243,2.6423242,2.752324,2.7623243,2.752324,2.742324,2.6723242,2.5823243,2.4323242,2.3523242,2.4223242,2.4823241,2.4523242,2.4623241,2.502324,2.4823241,2.4223242,2.3523242,2.3123243,2.3223243,2.3123243,2.2923243,2.2723243,2.2023242,2.1223242,2.0723243,2.0423243,2.0723243
-0.08767578,-0.63767576,-0.7376758,0.31232423,-0.88767576,-1.3276758,-1.3376758,-1.0176758,-0.8676758,-0.21767578,0.5123242,1.0823243,1.3823242,1.9023242,2.4423242,2.5723243,2.1623242,1.5123242,1.1923242,0.85232425,0.7123242,0.32232422,-0.34767577,-1.1876758,-1.4476758,-0.9976758,-0.07767578,1.2923242,1.1523242,1.2923242,0.38232422,-0.9676758,-0.94767576,0.7523242,1.1623242,1.1223242,1.0323242,0.43232423,-0.037675783,0.3623242,1.7123243,1.7823242,1.6123242,1.5523242,1.8923242,1.4323242,0.8423242,0.6523242,0.24232422,-0.11767578,-0.36767578,-0.70767576,-0.9776758,-1.0376757,-1.0276757,-0.8776758,-0.7276758,-0.57767576
0.67232424,0.4823242,-1.0376757,-1.4476758,-1.2876757,-0.8376758,0.012324219,2.1323242,3.5123243,2.5723243,1.9623243,0.8323242,0.16232422,0.31232423,0.5123242,1.3623242,1.4523243,1.2423242,-0.12767579,-1.7076758,-0.2976758,0.032324217,-0.24767578,-0.31767577,-1.8276758,-2.2276757,0.25232422,1.8023242,1.8323243,2.2923243,3.2923243,4.5723243,5.152324,3.3223243,2.252324,2.6823242,2.502324,1.8523242,1.0423242,0.74232423,0.68232423,0.74232423,1.2523242,2.1123242,2.1323242,1.5423242,1.1823242,1.2623242,1.4523243,1.8323243,2.2723243,2.6123242,2.242324,2.0623243,2.0623243,2.1423242,2.0123243,1.5523242
1.4123242,-0.42767578,0.28232422,3.0923243,3.8823242,2.0623243,0.86232424,1.9823242,0.34232423,-2.4376757,-2.3976758,-0.42767578,1.7023243,3.8523242,6.022324,6.4123244,5.0523243,4.3423243,5.482324,6.0123243,4.4923244,2.9523242,3.1623242,4.0523243,5.3423243,6.062324,5.4723244,5.152324,5.9723244,7.3923244,8.392324,8.952324,9.042324,8.782324,8.542324,8.632324,7.4723244,5.082324,4.9123244,6.4723244,7.622324,8.232325,6.272324,3.4023242,2.4323242,2.2223241,2.3123243,0.35232422,-0.88767576,1.1423242,1.6523242,1.3623242,1.0123242,1.7523242,2.8423243,1.5323242,0.6523242,0.7123242
2.1523242,1.2823242,-1.1476758,-2.5376759,-2.2376757,-0.9176758,-0.82767576,1.0023242,1.8523242,1.8723242,2.3123243,2.8223243,1.5423242,1.0423242,1.0923243,1.2223243,1.6423242,2.2923243,2.492324,2.752324,3.3323243,3.7023242,3.6023242,3.3923242,3.4323242,3.7123241,4.042324,4.5323243,5.252324,5.9323244,6.522324,6.832324,6.922324,6.9523244,7.102324,7.372324,7.5723243,7.582324,7.4723244,7.2223244,7.0323243,7.0123243,7.602324,6.3923244,4.712324,5.0523243,3.4323242,1.4323242,1.5323242,2.992324,0.6223242,0.3023242,1.4023242,0.41232422,-0.5576758,-0.2976758,0.31232423,0.4523242
1.0723243,1.3123242,2.4323242,1.3023242,-0.20767578,1.1123242,1.3223243,1.4923242,1.2223243,0.99232423,0.6223242,0.43232423,0.7123242,1.0923243,1.1323242,0.9423242,0.8123242,0.9423242,1.1223242,1.2523242,1.4123242,1.6923242,2.0323243,2.4323242,2.8323243,3.2823243,3.7723243,4.3023243,4.7623243,5.062324,5.272324,5.4723244,5.692324,5.882324,6.0923243,6.402324,6.5123243,6.712324,7.0923243,7.292324,7.362324,7.602324,7.692324,7.752324,7.152324,5.832324,6.7423244,8.702324,7.772324,5.232324,2.4323242,1.7323242,2.5923243,2.2723243,1.5823243,1.9123242,1.8323243,1.6623242
-1.2076758,-2.6276758,-3.2376757,-3.6076758,-3.0376759,-2.4176757,-2.2076757,-1.5476757,-1.1176758,-1.1276758,-1.1076758,-1.0776758,-1.0376757,-0.8576758,-0.6776758,-0.5376758,-0.24767578,0.0023242189,0.18232422,0.35232422,0.60232425,0.9423242,1.1923242,1.5323242,1.9923242,2.5123243,3.0923243,3.5823243,3.9323242,4.2223244,4.5923243,4.942324,5.132324,5.252324,5.462324,5.7223244,5.942324,6.1423244,6.482324,6.7023244,7.0323243,7.422324,7.622324,7.272324,7.2423244,8.942325,9.832324,7.1423244,2.9123242,4.1823244,4.4523244,3.2023242,1.8723242,2.1423242,2.5223243,2.3323243,2.0723243,1.7223243
-2.0976758,-2.6976757,-2.0376759,-1.2576758,-2.0876758,-3.6676757,-4.917676,-4.787676,-4.667676,-4.727676,-4.5676756,-4.6976757,-4.4076757,-4.037676,-3.8676758,-3.757676,-3.5576758,-3.3376758,-2.9276757,-2.4776757,-2.0276759,-1.5476757,-1.0576758,-0.56767577,0.112324215,0.7623242,1.2923242,1.7823242,2.252324,2.7123241,3.1923242,3.6223242,3.9723241,4.312324,4.562324,4.8223243,4.982324,5.042324,5.252324,5.212324,5.772324,6.112324,6.7623243,8.342324,9.062325,3.7123241,5.4123244,1.7323242,0.8223242,2.7223241,0.9723242,2.5323243,4.002324,1.8023242,1.9523243,1.8923242,1.8223243,1.7623242
-9.597675,-9.527676,-8.377676,-3.1976757,-3.8476758,-2.9376757,-2.4176757,-1.9476758,-1.4076757,-1.2376758,-1.4176757,-2.9276757,-3.7876759,-4.017676,-4.8376756,-5.137676,-5.0676756,-4.9676757,-4.727676,-4.287676,-3.8876758,-3.4476757,-3.0176759,-2.6376758,-2.2076757,-1.5876758,-0.8676758,-0.21767578,0.3023242,0.7623242,1.2923242,1.7423242,2.1823242,2.492324,2.8023243,3.0923243,3.1623242,3.1023242,3.492324,4.172324,5.002324,5.6823244,6.4123244,7.9123244,5.362324,5.0523243,4.772324,3.8923242,2.7823243,3.1323242,2.7823243,-0.13767578,-0.10767578,0.12232422,0.3623242,0.61232424,0.7123242,1.1923242
-9.337676,-8.627676,-7.5076756,-7.937676,-6.3376756,-4.977676,-4.9676757,-4.6976757,-4.247676,-3.3676758,-2.6276758,-1.7676758,-1.6676757,-2.1876757,-2.7376757,-3.7976758,-4.477676,-5.0476756,-5.4076757,-5.207676,-5.017676,-4.9676757,-4.597676,-4.0876756,-3.5276759,-2.9676757,-2.2276757,-1.5376757,-0.89767575,-0.3576758,-0.09767578,0.04232422,0.2723242,0.3923242,0.60232425,1.2523242,1.6723242,1.6023242,1.9123242,2.5823243,3.5323243,4.2423244,4.5123243,4.8423243,4.462324,3.5423243,2.492324,5.352324,3.7323241,4.4523244,0.20232421,-1.4076757,-0.76767576,0.07232422,0.74232423,1.4523243,1.5123242,1.6723242
-9.247676,-8.447676,-6.957676,-6.887676,-6.767676,-6.2576756,-5.517676,-5.167676,-5.877676,-5.577676,-4.457676,-3.5576758,-2.6076758,-1.2076758,-2.497676,-3.7376757,-4.7376757,-4.827676,-4.847676,-4.517676,-4.377676,-4.537676,-4.767676,-4.5476756,-4.137676,-3.8876758,-3.2376757,-2.6576757,-2.2676759,-1.9076757,-1.4876758,-1.3276758,-1.4376758,-1.5876758,-1.0976758,-0.6776758,-0.15767579,0.25232422,0.7623242,1.9423242,2.8523242,2.7123241,2.2323241,2.1623242,2.9823241,4.122324,1.5823243,2.6023242,2.5523243,4.8423243,0.5123242,2.1523242,2.5723243,1.6223242,2.0723243,2.002324,2.0623243,2.0823243
-7.397676,-7.827676,-7.477676,-7.267676,-7.707676,-6.9276757,-6.497676,-6.327676,-6.1576757,-6.807676,-6.647676,-5.687676,-4.267676,-3.1276758,-2.1076758,-0.9076758,-3.4076757,-4.267676,-3.8776758,-4.417676,-3.6676757,-3.3676758,-3.3776758,-4.6776757,-4.577676,-3.4476757,-2.6276758,-2.4276757,-2.2876759,-2.1576757,-1.6476758,-1.0276757,-2.5776758,-3.6676757,-2.9076757,-1.2276758,-0.5376758,-0.027675781,0.67232424,1.9623243,2.5223243,2.9023242,2.242324,0.86232424,0.61232424,2.8523242,2.3623242,1.7623242,0.0023242189,0.79232424,1.0623242,1.1823242,2.0623243,2.7323241,3.4323242,4.102324,4.3223243,4.0523243
-1.5576758,-3.5976758,-4.457676,-4.4676757,-5.887676,-6.597676,-6.437676,-6.8376756,-6.517676,-5.5076756,-6.0876756,-5.187676,-3.4676757,-2.6576757,-1.2176758,-0.0076757814,-1.3076758,-2.6576757,-4.1076756,-6.2776756,-5.287676,-4.5676756,-3.4076757,-3.7176757,-3.3576758,-3.1576757,-3.1176758,-2.9276757,-2.7676759,-2.9376757,-2.0676758,-1.9576758,-0.81767577,-3.2176757,-4.0076756,-3.6476758,-3.5576758,-3.1576757,-1.6476758,0.9723242,2.1023242,0.3623242,-1.1476758,1.3323243,0.8323242,1.0023242,2.4023242,1.5123242,0.15232421,0.3023242,0.8223242,1.9823242,2.3723242,2.2623243,2.0323243,2.0423243,1.7123243,1.0123242
2.252324,1.3723242,-1.3576758,-2.9576757,-4.5876756,-4.9876757,-5.977676,-5.377676,-5.377676,-5.0476756,-6.137676,-5.247676,-4.9476757,-4.597676,-2.997676,-1.8076758,-1.3876758,-1.3576758,-4.897676,-3.6776757,-4.887676,-4.7576756,-4.3576756,-4.1976757,-3.7976758,-3.0876758,-2.7776759,-3.2376757,-2.997676,-3.0576758,-2.2076757,-2.7376757,-2.8676758,-2.2776759,-3.4876757,-2.6276758,-2.8776758,-2.4576757,-1.5276757,0.012324219,1.7323242,2.4523242,1.7523242,0.37232423,4.332324,0.09232422,0.8123242,1.5623242,1.9723243,-1.3576758,-0.7876758,-1.2676758,-1.7376758,-1.8876758,-2.247676,-2.3976758,-2.5376759,-2.6876757
-0.027675781,2.1923242,-1.5776758,-2.2776759,-2.9776757,-4.077676,-4.307676,-4.287676,-4.3376756,-4.327676,-4.327676,-5.497676,-4.267676,-2.4876757,-1.8576758,0.24232422,-1.1176758,0.2723242,-1.0276757,-0.9676758,-3.7976758,-4.2176757,-4.207676,-3.6976757,-3.757676,-3.4076757,-2.9576757,-2.997676,-2.4276757,-1.7776757,-3.9676757,-4.137676,-4.147676,-3.6676757,-6.2376757,-5.4876757,-4.327676,-4.887676,-3.3776758,0.60232425,1.6623242,2.6223242,2.5423243,-2.0276759,-2.1276758,0.29232422,0.99232423,1.4223242,1.8623242,-0.9076758,-2.1076758,-3.7976758,-4.517676,-4.7376757,-5.0276756,-5.117676,-5.147676,-5.1576757
-1.2876757,-0.88767576,-0.2676758,-3.497676,-3.1776757,-5.627676,-4.747676,-3.6476758,-4.807676,-4.577676,-4.167676,-3.8976758,-4.7576756,-4.0276756,-2.5476758,-2.2976758,-2.5176759,-2.4776757,-1.5376757,-3.6376758,-2.3476758,-3.3976758,-3.1976757,-3.5476758,-3.0676758,-2.7676759,-2.6976757,-2.9176757,-2.6976757,-3.2376757,-4.7776756,-4.1076756,-4.997676,-6.2976756,-4.877676,-1.0076758,1.4923242,-1.6476758,-3.3876758,0.12232422,-2.8476758,1.2523242,-1.7676758,-1.7976757,1.2523242,-2.0876758,-4.187676,-3.9276757,-3.9676757,-5.627676,-5.8376756,-6.077676,-6.5876756,-6.9476757,-7.0076756,-7.127676,-7.2176757,-7.1576757
2.6923242,2.2923243,0.61232424,0.98232424,0.8923242,-2.1576757,-2.5976758,-4.4076757,-6.077676,-6.4676757,-4.617676,-4.247676,-3.6576757,-3.0376759,-2.1176758,-0.8776758,0.40232423,1.1623242,2.3823242,-1.4176757,-4.417676,-3.747676,-2.9476757,-2.8576758,-3.0576758,-3.1776757,-3.497676,-3.3576758,-2.8676758,-2.5876758,-4.2576756,-4.5076756,-4.307676,-8.817676,-7.137676,-0.7976758,0.112324215,2.9023242,2.7823243,2.7823243,0.9523242,-2.9476757,-6.887676,-8.247676,-7.4876757,-7.957676,-4.767676,-3.9376757,-5.807676,-7.5476756,-8.727675,-8.757676,-8.997676,-8.457676,-8.207676,-8.547676,-8.477675,-8.667676
0.5223242,-3.0376759,-1.4076757,-0.7776758,-2.9276757,2.6223242,1.5723243,1.1923242,1.4223242,-5.1576757,-2.6076758,-2.5276759,-2.1576757,-1.8776758,-1.0176758,0.21232422,-0.14767578,1.8923242,2.6223242,-1.4076757,-3.7176757,-3.6576757,-3.2776759,-3.3776758,-3.8976758,-3.4676757,-3.497676,-2.6576757,-1.9876758,-1.9876758,-1.4176757,-2.0576758,-1.7076758,-8.557675,-4.387676,-5.0476756,1.6723242,-2.1676757,-2.1176758,-2.8176758,-5.307676,-7.627676,-8.857676,-8.607676,-9.3976755,-7.997676,-8.077676,-7.377676,-6.327676,-8.727675,-12.057675,-11.657676,-10.997676,-9.947676,-8.317676,-7.247676,-7.4476757,-7.497676
4.0523243,2.2223241,-4.0876756,-2.2776759,-3.0276759,0.07232422,-0.9376758,1.0123242,0.9023242,0.68232423,-0.2976758,-0.8376758,-0.6876758,-1.1676757,-0.46767578,0.54232424,0.6423242,-0.89767575,-0.6576758,1.3423243,-1.9776758,-2.8976758,-3.6676757,-3.5876758,-4.867676,-4.017676,-3.5876758,-1.1476758,0.5623242,0.06232422,-0.4876758,-1.0176758,0.8923242,0.6223242,0.74232423,-7.6776757,-5.627676,-3.9576757,-3.0376759,-3.1676757,-6.887676,-7.057676,-7.557676,-7.497676,-5.4676757,-3.2076757,-0.9876758,-0.88767576,-1.6976758,2.6823242,2.502324,-0.8776758,-1.9776758,-2.8376758,-3.4676757,-2.2176757,-5.1976757,-5.957676
