json/gfs_20240725_12.json
{"header": { "discipline":0, "disciplineName":"Meteorological products", "gribEdition":2, "gribLength":79779, "center":7, "centerName":"US National Weather Service - NCEP(WMC)", "subcenter":0, "refTime":"2024-07-25T12:00:00.000Z", "significanceOfRT":1, "significanceOfRTName":"Start of forecast", "productStatus":0, "productStatusName":"Operational products", "productType":1, "productTypeName":"Forecast products", "productDefinitionTemplate":0, "productDefinitionTemplateName":"Analysis/forecast at horizontal level/layer at a point in time", "parameterCategory":2, "parameterCategoryName":"Momentum", "parameterNumber":2, "parameterNumberName":"U-component_of_wind", "parameterUnit":"m.s-1", "genProcessType":2, "genProcessTypeName":"Forecast", "forecastTime":0, "surface1Type":103, "surface1TypeName":"Specified height level above ground", "surface1Value":10.0, "surface2Type":255, "surface2TypeName":"Missing", "surface2Value":0.0, "gridDefinitionTemplate":0, "gridDefinitionTemplateName":"Latitude_Longitude", "numberPoints":65160, "shape":6, "shapeName":"Earth spherical with radius of 6,371,229.0 m", "gridUnits":"degrees", "resolution":48, "winds":"true", "scanMode":0, "nx":360, "ny":181, "basicAngle":0, "lo1":0.0, "la1":90.0, "lo2":359.0, "la2":-90.0, "dx":1.0, "dy":1.0 }, "data":
[rows 25 to 49 of 181, columns 171 to 227 of 360]
1.1051514,-0.024848633,-2.5948486,-5.8448486,-3.4148486,-3.4048486,-1.4148487,-1.9248487,-1.0548487,-0.59484863,-0.084848635,2.2451513,3.4951513,1.9151514,0.23515137,1.4151514,-0.8548486,-0.31484863,1.3551514,1.9251513,1.7151513,1.5951514,0.11515137,0.84515136,1.0851513,0.07515137,0.26515138,0.29515135,-0.38484862,1.1051514,1.5551513,0.97515136,0.025151366,-0.18484864,-0.38484862,0.34515136,1.0251514,0.80515134,0.40515137,0.98515135,0.27515137,0.49515137,-0.6748486,-0.36484864,0.095151365,1.3451514,0.5251514,0.24515137,-1.3048487,-0.8648486,-0.30484864,-0.45484865,0.27515137,-0.70484865,0.72515136,-0.014848633,-0.14484863
1.3351513,0.29515135,0.53515136,-0.20484863,-1.8148487,-2.4748487,-5.7948484,-5.7448487,-4.9648485,-2.8248487,-1.0848486,-0.6048486,-0.31484863,0.39515138,1.5651513,1.5351514,1.9951514,2.6051514,2.4751513,3.9751513,3.8651514,4.9751515,4.145151,4.5251513,6.6151514,5.5151515,4.3051515,4.065151,1.9551513,0.20515136,0.8151514,-1.3448486,0.66515136,1.0051514,0.7751514,-0.7448486,1.4051514,0.79515135,1.2351514,0.20515136,-0.82484865,0.84515136,1.8751514,-0.23484863,-0.42484865,0.30515137,0.85515136,0.93515134,0.55515134,0.85515136,0.7551514,-1.2448486,-0.84484863,-0.054848634,-0.6248486,0.22515136,-1.3048487
0.7051514,0.8751514,0.68515134,0.80515134,-0.18484864,1.3951514,-0.40484864,0.98515135,-0.64484864,-1.3448486,-0.7448486,-0.18484864,0.41515136,0.54515135,1.1251514,1.0251514,1.8051513,2.4251513,2.4451513,2.3851514,1.7351514,1.8851514,2.3751514,3.7851515,4.565151,3.3351514,2.1451514,1.2451514,1.7051513,0.8851514,1.1551514,1.1051514,1.1651514,1.4351513,0.7551514,1.2051513,0.035151366,-1.9348487,0.7751514,0.34515136,1.2951514,2.3951514,1.0051514,0.38515136,-0.83484864,2.3451514,2.6051514,0.43515137,0.46515137,0.45515138,0.61515135,1.1351514,0.45515138,-0.8548486,-0.044848632,-0.9748486,0.6251514
1.2251514,-0.7948486,-0.13484864,0.19515137,1.4651513,2.9251513,1.7151513,0.5751514,-0.18484864,-0.6648486,-1.0648487,-1.1848487,-1.1848487,-0.8548486,-0.034848634,-0.044848632,0.23515137,0.8951514,1.5151514,1.9351513,2.1851513,2.6351514,3.2951515,3.1051514,0.85515136,2.4751513,2.8651514,2.3651514,1.5151514,0.93515134,1.3151513,0.55515134,-0.9848486,-0.27484864,-0.31484863,1.1251514,-1.5748487,-1.5548487,-1.4548486,-0.5548486,0.30515137,1.5551513,2.6151514,0.47515136,-1.6048486,-1.6148486,0.67515135,1.7451514,1.4751514,0.97515136,-0.6848486,0.10515137,2.7051513,-1.3548486,-1.2148486,-0.10484863,0.86515135
0.43515137,0.8951514,2.6451514,1.9351513,1.3051513,0.79515135,-0.014848633,-0.84484863,-1.1448486,-0.95484865,-1.0748487,-1.6048486,-2.2648487,-2.6948485,-1.7548486,-1.3948486,-0.9348486,-0.64484864,-0.34484863,-0.084848635,-0.23484863,1.4851514,1.6551514,2.8151515,2.7051513,1.2151513,1.9051514,1.9051514,2.2451513,0.54515135,0.84515136,-0.45484865,-0.50484866,-1.3948486,-0.56484866,0.095151365,0.5151514,-0.9248486,3.8751514,1.1451514,-1.7148486,-0.004848633,-0.084848635,0.7751514,0.28515136,1.2351514,0.7551514,0.41515136,-1.2748486,1.5651513,0.08515137,-0.84484863,1.0051514,1.7051513,0.0051513673,-1.0348487,0.14515136
2.1551514,2.2251513,0.8751514,0.8151514,-0.14484863,-0.65484864,-1.3848486,-1.9348487,-2.2348487,-2.2848487,-1.8448486,-2.0948486,-2.5248487,-2.8848486,-3.2748487,-3.3748486,-3.4148486,-2.4348485,-1.6348486,-1.6048486,-1.5948486,-0.57484865,-0.50484866,0.5851514,1.7751514,1.5051514,1.3751514,1.0051514,-0.084848635,-0.69484866,-0.024848633,-2.4048486,-1.7848487,-1.4148487,0.0051513673,-0.34484863,1.2251514,2.3851514,-0.18484864,0.91515136,0.06515136,2.0151513,3.3751514,3.6951513,2.7151513,2.8051515,1.3251513,-1.9848486,-1.8548486,-0.34484863,-0.51484865,1.1751513,0.66515136,1.0051514,1.7951514,0.7051514,1.1051514
2.0851514,1.2651514,0.0051513673,0.23515137,0.08515137,0.37515137,-0.024848633,0.31515136,-0.45484865,-0.09484863,-0.20484863,-0.53484863,-0.8748486,-2.1248486,-3.3648486,-4.0848484,-4.4248486,-4.3148484,-3.2848487,-2.5348487,-2.6148486,-2.7048485,-1.7448486,-0.24484864,0.095151365,0.65515137,0.78515136,1.4151514,0.7651514,0.06515136,1.4051514,1.2851514,0.6451514,0.12515137,-1.2948487,-0.9848486,1.2051513,-2.4348485,-2.5348487,0.5251514,2.2851515,3.2551513,4.0951514,4.7351513,4.815151,4.1951513,4.2151513,4.105151,4.815151,4.6551514,1.2251514,-1.5548487,0.6951514,0.10515137,-1.4948486,2.5951514,0.7051514
2.2451513,1.4651513,-0.13484864,0.5751514,1.5551513,1.9451513,1.9351513,0.5151514,0.54515135,0.42515138,0.5051514,0.66515136,1.3751514,1.5051514,0.35515136,-1.4148487,-2.6748486,-4.0248485,-3.9848487,-2.9348485,-1.2348486,-1.0548487,-2.2748487,-3.0148487,-2.3648486,-1.9348487,-1.1048486,-0.41484863,0.5651514,1.5151514,0.11515137,-0.8048486,-4.454849,-3.8048487,0.5751514,6.375151,1.0151514,0.74515134,0.8851514,2.1451514,2.5051513,2.3451514,1.4851514,1.8551514,2.8551514,3.4051514,3.6251514,3.6451514,4.6751513,5.5351515,5.4651513,4.5251513,2.3051515,0.74515134,-0.18484864,-0.34484863,-0.32484862
2.0951514,2.2551513,1.1951513,0.86515135,1.0351514,2.6751513,2.4751513,2.6551514,0.80515134,0.73515135,0.31515136,0.6251514,1.3151513,1.8051513,1.4351513,1.7351514,1.4751514,-0.29484862,-1.8148487,-2.1248486,-2.1648486,-1.6848487,-0.76484865,-1.0548487,-1.5548487,-2.1048486,-2.7048485,-2.5648487,-1.9748486,-2.4748487,-2.4248486,-1.3148487,-0.49484864,2.2951515,0.86515135,1.1151514,5.9851513,4.4451513,4.4351516,2.5051513,2.1651514,1.8851514,1.9851514,2.0051513,2.3551514,1.5651513,1.9051514,3.1851513,3.7651513,4.1751513,5.1351514,5.5251513,4.5251513,2.4151514,1.4551513,-0.9348486,-0.5448486
1.9451513,1.9651513,2.5851514,2.1451514,2.2351513,2.4551513,1.7751514,2.5051513,3.1351514,3.4651513,2.6951513,1.8151513,2.1751513,2.5551515,2.9351513,2.1151514,1.9351513,2.1651514,1.2151513,0.5651514,0.8951514,0.45515138,-0.84484863,0.48515138,2.9551513,-1.2448486,0.48515138,-3.0948486,-2.5648487,-2.6348486,0.33515137,1.0751513,0.74515134,1.1751513,1.6051514,2.9951513,3.8251514,4.0951514,4.355151,4.0251513,3.5451515,3.6451514,3.2151513,2.4151514,2.8651514,2.8051515,3.0451515,1.8751514,3.6751513,4.0051513,4.4351516,5.1351514,5.335151,4.7551513,3.3951514,1.7451514,0.7551514
0.32515135,1.6751513,2.7051513,3.3151515,3.4451513,3.2251513,2.8051515,4.2451515,4.8051515,4.2251515,4.4551516,3.7751513,4.1351514,3.6851513,3.6451514,3.4651513,2.3251514,2.5951514,2.5151513,1.9251513,1.9851514,1.6651514,0.19515137,0.22515136,1.2151513,0.59515136,-2.2148485,-3.9548485,-5.7948484,-2.7648487,0.14515136,1.1651514,1.3951514,1.6551514,2.7351513,3.0951514,3.3251514,3.7251513,4.8251514,5.355151,5.4351516,5.4351516,5.3451514,4.3851514,3.2951515,3.2951515,3.4851513,3.4251513,2.2151513,3.4151514,4.1151514,4.7451515,5.605151,5.625151,4.6851516,2.1451514,0.35515136
-1.2948487,-0.14484863,0.85515136,1.2351514,2.1551514,3.6651514,3.6451514,4.7751513,5.5551515,5.5351515,5.7051516,5.3051515,5.5951514,4.605151,4.395151,4.8251514,5.2451515,3.8051515,2.9851513,2.8851514,2.4451513,3.4651513,2.4251513,-0.004848633,-2.2948487,-3.7048485,-2.3448486,-3.8848486,-5.1148486,-6.1948485,-1.6748487,0.29515135,1.4051514,2.4151514,3.8151515,3.4551513,4.1751513,4.5251513,5.1351514,5.5751514,5.4251513,5.6951513,6.355151,6.5251513,6.1751513,4.9551516,4.295151,4.5151515,4.315151,3.3951514,3.7751513,4.8651514,5.6151514,6.295151,5.315151,3.8151515,1.1051514
-2.6848485,-2.1648486,-0.16484863,1.2051513,1.5151514,1.8751514,2.5651515,3.7151513,3.9551513,4.3651514,4.4351516,4.6651516,4.835151,6.2051516,4.6851516,5.0551515,4.7351513,3.4151514,2.9851513,3.1351514,1.8751514,4.0151515,4.2151513,2.5651515,3.3451514,3.4551513,1.5151514,-0.23484863,-1.5148486,-2.6248486,-4.0048485,-0.89484864,0.5751514,1.6651514,3.2851515,4.295151,5.3251514,5.7451515,6.395151,6.835151,7.0251513,6.295151,5.9851513,6.3651514,6.625151,5.7551513,5.2551513,4.7851515,5.0751514,4.2151513,4.1551514,4.7751513,5.4951515,6.2351513,6.4151516,5.2351513,1.9551513
-3.4148486,-3.1548486,-2.7248487,-2.3448486,-0.9848486,0.39515138,1.7851514,2.8251514,2.6151514,2.9951513,2.6151514,2.8451514,2.5151513,2.0251513,4.065151,4.565151,5.065151,4.355151,4.5151515,4.2051516,4.2851515,4.7851515,4.0151515,4.9151516,5.7451515,5.7551513,4.1951513,3.1051514,2.3751514,0.72515136,-1.8548486,-1.6048486,0.98515135,1.4451513,2.3151515,4.3451514,5.2851515,6.1751513,6.8851514,7.1151514,8.005152,7.7451515,7.7351513,6.6351514,5.9851513,6.0751514,5.6651516,5.315151,5.3851514,4.855151,3.4451513,5.5351515,5.7851515,6.085151,6.6351514,6.8051515,5.7651515
-5.8848486,-5.854849,-5.4748487,-5.0948486,-4.4748487,-3.4548485,-2.7448487,-1.6248486,-1.1248486,-0.22484863,0.80515134,1.9551513,3.0751514,3.7051513,3.8651514,4.4551516,5.0251513,4.4151516,4.3451514,4.045151,4.295151,4.7351513,4.2851515,5.795151,6.4351516,5.875151,4.2551513,4.315151,2.9551513,0.72515136,-1.0848486,-0.46484864,1.4051514,2.3251514,2.5051513,3.8151515,4.5051513,5.5751514,6.2051516,6.5051513,8.315151,7.355151,9.335152,7.5751514,7.2051516,6.355151,5.4351516,6.045151,5.1551514,5.6651516,3.7851515,4.0751514,5.2151513,5.545151,5.9651513,6.355151,6.9851513
-7.2248487,-7.0148487,-7.124849,-7.0848484,-6.1748486,-5.874849,-4.9448485,-3.4248486,-1.8348486,-0.84484863,0.035151366,1.2651514,1.5551513,3.0251513,2.8551514,3.0751514,2.7551513,3.5251513,3.3551514,4.3051515,3.9751513,5.065151,5.295151,5.7051516,5.3251514,4.8251514,5.8251514,6.125151,5.125151,3.4351513,0.08515137,0.6951514,1.2951514,1.6451514,2.7251513,3.2951515,3.9651513,4.6951513,6.0751514,6.355151,6.4151516,7.0951514,7.395151,8.055151,7.7551513,7.6951513,6.375151,5.3451514,4.9451513,5.4051514,4.5251513,3.8151515,4.3651514,4.7751513,5.085151,5.3451514,5.9351516
-7.144849,-6.0348487,-6.354849,-5.9648485,-5.8348484,-6.704849,-5.934849,-4.394849,-2.7948487,-1.8448486,0.29515135,-0.22484863,0.60515136,1.3951514,1.9651513,1.7251514,2.5251513,3.5251513,3.7451513,4.2351513,4.2251515,4.4851513,6.0151515,4.8051515,4.7451515,4.5551515,7.065151,5.9651513,5.7051516,4.5051513,1.7751514,2.5751514,2.2751513,1.9451513,2.7351513,3.6951513,4.1651516,4.605151,5.1751513,5.5751514,6.0251513,6.2351513,6.565151,6.6151514,7.315151,7.1351514,6.9151516,5.7751513,4.6551514,4.4351516,4.045151,2.7051513,3.5451515,3.5951514,3.7951515,4.0751514,4.815151
7.3051515,7.4551516,7.4651513,6.8451514,6.1151514,3.0351515,-4.1148486,-3.9648485,-2.2048485,-1.3148487,-1.0048486,-0.35484862,0.23515137,1.0351514,1.6451514,1.6351514,2.6151514,2.7851515,4.1851516,3.7551513,3.0651515,4.3651514,5.2051516,5.9451513,4.3451514,4.8451514,5.1951513,6.0951514,5.6951513,4.1551514,1.5751513,2.8751514,1.9751514,2.0151513,2.4151514,3.4351513,3.5051513,4.0951514,5.065151,5.6351514,5.7551513,5.7651515,6.6951513,5.895151,5.7451515,5.6351514,6.6151514,5.5051513,4.7251515,4.5551515,3.4551513,2.1651514,0.55515134,1.5451514,1.8751514,2.3551514,3.1251514
8.335152,9.965152,9.185151,8.095151,6.875151,5.7651515,1.9051514,0.92515135,0.055151366,0.40515137,-0.24484864,-0.25484863,0.035151366,0.80515134,0.21515137,1.2251514,2.2351513,2.4251513,2.8551514,2.9751513,2.9051514,5.375151,3.8251514,4.5751514,4.085151,4.1751513,5.2851515,5.355151,2.9851513,1.5151514,1.9451513,2.1151514,1.6751513,1.8051513,1.8351513,3.5951514,3.0351515,3.4351513,4.295151,5.4151516,5.6351514,5.855151,5.4851513,5.8251514,5.8451514,5.585151,5.5551515,6.8251514,5.0151515,4.9351516,4.3251514,2.9851513,0.9451514,-0.82484865,-0.41484863,0.26515138,1.4151514
5.9651513,5.4451513,7.145151,6.1851516,5.1551514,4.395151,2.0751514,1.9651513,1.3351513,0.85515136,0.19515137,0.19515137,-0.22484863,0.42515138,-0.034848634,0.6951514,1.7351514,1.8351513,1.7451514,1.5951514,3.2751513,2.7451513,3.1851513,3.1951513,4.3251514,4.3051515,4.895151,3.3551514,1.5551513,2.8551514,1.4851514,1.6451514,1.3651514,1.6851513,3.6051514,2.5451515,2.6451514,3.0251513,3.5751514,4.145151,5.0751514,5.1651516,5.2551513,5.4051514,5.7451515,6.0751514,5.065151,6.0951514,6.125151,5.3851514,5.105151,4.7551513,3.1151514,1.8151513,-2.4548485,-2.0048487,-0.48484862
5.0951514,5.2151513,6.4851513,4.4351516,4.0951514,3.4851513,2.6451514,2.1251514,1.3851514,0.5651514,0.59515136,-0.004848633,-0.58484864,-1.1148486,-0.36484864,0.6351514,0.17515136,0.7551514,2.0551515,2.5251513,2.2051513,1.9151514,3.3351514,2.8951514,3.2451513,2.9851513,2.4851513,3.0251513,3.2951515,1.2551514,1.2651514,1.1551514,1.6551514,1.8451514,3.0851514,2.1051514,2.0351515,2.4951513,2.8451514,3.8951514,3.6051514,3.8751514,4.5351515,5.1151514,5.2451515,5.6951513,5.7251515,5.335151,6.1951513,5.9551516,6.0251513,5.7851515,5.355151,3.9851513,3.6551514,2.1251514,-2.2648487
4.6951513,4.645151,4.3651514,4.125151,3.3151515,2.7051513,2.3951514,0.0151513675,-0.24484864,-1.3548486,-1.9448487,-1.5048486,-1.7148486,-1.6348486,-1.2348486,-0.38484862,0.10515137,0.6951514,2.6051514,2.9051514,2.0351515,3.3451514,4.7751513,4.4451513,2.8851514,2.1451514,2.4051514,2.8251514,0.8351514,1.3651514,0.8351514,1.0251514,1.2551514,1.9851514,1.7751514,2.1651514,1.5151514,1.4151514,2.0251513,3.1151514,3.2251513,3.2751513,3.3051515,3.3851514,4.795151,5.4751515,6.4251513,6.2851515,6.0951514,6.7051516,6.9651513,6.7451515,6.815151,6.2251515,4.9651513,4.625151,2.4351513
4.5251513,4.585151,3.2051513,3.1451514,2.9751513,1.8851514,1.8051513,-0.20484863,-1.7148486,-2.3248487,-3.5048487,-4.6548486,-4.4048486,-3.9848487,-2.6948485,-1.4848486,-0.36484864,0.8751514,1.3251513,1.1751513,2.9151514,2.7651513,3.4251513,2.6251514,1.1851513,2.1251514,3.0851514,1.5851513,1.8651514,1.3451514,1.1151514,0.59515136,1.7151513,1.8151513,2.1251514,1.7151513,1.3751514,0.6951514,1.2551514,1.8351513,2.0851514,1.8051513,1.5051514,1.1251514,2.2451513,3.6551514,4.7851515,5.545151,6.3051515,6.2651515,6.4251513,6.3651514,6.5751514,6.4551516,5.1151514,4.6551514,3.6451514
4.4951515,4.145151,3.4951513,2.7651513,2.6451514,0.91515136,-1.6148486,-1.5248486,-2.6748486,-4.0648484,-4.684849,-5.8048487,-5.5048485,-5.2248487,-3.4048486,-1.9248487,0.18515137,0.025151366,0.41515136,2.0251513,2.7751513,3.0351515,2.0651515,0.45515138,1.7651514,2.4051514,1.7851514,0.29515135,1.2651514,1.0851513,0.8851514,0.6451514,0.54515135,1.2851514,1.5351514,1.3851514,1.1751513,0.12515137,0.6451514,0.49515137,1.1751513,0.7751514,0.43515137,0.6351514,1.2451514,1.8251513,2.6651514,3.7951515,4.5051513,5.065151,5.5951514,5.5351515,5.4951515,5.9051514,4.8651514,5.315151,3.8451514
4.335151,3.6851513,3.1851513,2.9651513,2.7351513,1.7651514,-0.48484862,-1.0648487,-1.6248486,-0.20484863,1.5151514,0.6951514,-0.7948486,1.9851514,0.37515137,1.6051514,1.9351513,3.3551514,2.9151514,1.6351514,1.4051514,1.1751513,2.1151514,2.1651514,0.5051514,0.68515134,0.11515137,0.44515136,0.85515136,0.65515137,0.22515136,0.74515134,0.9451514,0.0051513673,0.28515136,0.7751514,0.24515137,0.39515138,-0.34484863,-0.64484864,-0.84484863,-0.114848636,-0.15484864,0.10515137,0.33515137,1.0251514,1.1651514,1.7251514,1.8351513,2.3951514,3.4251513,4.625151,4.4251513,4.6151514,4.6151514,2.9551513,1.5451514
