json/gfs_20240722_00.json
{"header": { "discipline":0, "disciplineName":"Meteorological products", "gribEdition":2, "gribLength":79379, "center":7, "centerName":"US National Weather Service - NCEP(WMC)", "subcenter":0, "refTime":"2024-07-22T00:00:00.000Z", "significanceOfRT":1, "significanceOfRTName":"Start of forecast", "productStatus":0, "productStatusName":"Operational products", "productType":1, "productTypeName":"Forecast products", "productDefinitionTemplate":0, "productDefinitionTemplateName":"Analysis/forecast at horizontal level/layer at a point in time", "parameterCategory":2, "parameterCategoryName":"Momentum", "parameterNumber":3, "parameterNumberName":"V-component_of_wind", "parameterUnit":"m.s-1", "genProcessType":2, "genProcessTypeName":"Forecast", "forecastTime":0, "surface1Type":103, "surface1TypeName":"Specified height level above ground", "surface1Value":10.0, "surface2Type":255, "surface2TypeName":"Missing", "surface2Value":0.0, "gridDefinitionTemplate":0, "gridDefinitionTemplateName":"Latitude_Longitude", "numberPoints":65160, "shape":6, "shapeName":"Earth spherical with radius of 6,371,229.0 m", "gridUnits":"degrees", "resolution":48, "winds":"true", "scanMode":0, "nx":360, "ny":181, "basicAngle":0, "lo1":0.0, "la1":90.0, "lo2":359.0, "la2":-90.0, "dx":1.0, "dy":1.0 }, "data":
[rows 52 to 77 of 181, columns 0 to 58 of 360]
-0.09977051,0.5002295,-0.2597705,-3.1897705,-5.3997707,-6.4497705,-7.0497704,-6.9697704,-6.3897705,-7.3397703,-3.9697704,-0.13977051,4.8802295,3.4702294,3.1902294,2.7902296,-2.2897706,-0.6497705,-2.0797706,-2.8097706,-3.2697706,-0.049770508,-0.3897705,-1.4697706,-1.1997705,1.4502295,-2.5797706,-0.40977052,-0.049770508,-2.2397704,-0.2197705,1.3402295,0.030229492,-0.3997705,0.7702295,0.4602295,-4.1597705,-1.9797705,-3.4097705,-3.4097705,-1.3397706,0.31022948,-1.6797705,-1.2397705,-1.0497705,0.010229493,-3.5497706,-1.5097705,-1.1697705,-0.98977053,-3.3397706,-4.1097703,-5.6197705,-5.5697703,0.5302295,5.5902295,2.4302294,-1.0697705,0.7102295
-1.4297705,-1.5497705,-2.5497706,-3.5297706,-4.1397705,-3.9897704,-4.1697707,-5.8197703,-5.5697703,-3.1097705,-3.0397706,-2.5197706,2.3502295,0.5402295,-0.8897705,-0.16977051,-0.039770506,-0.22977051,-2.0497706,-3.5997705,-4.3297706,-2.9097705,-3.1897705,-0.119770505,0.51022947,-1.0297705,-2.5197706,-2.5797706,-0.8997705,-2.4597704,-1.3197705,-2.4097705,-0.13977051,-0.5397705,-3.2797706,-1.0397705,0.3302295,-2.5297706,-3.0797706,-2.6497705,-1.7197706,-1.5397705,-1.8397706,-1.2997705,-1.9497705,-1.3697705,-1.9597706,-0.6997705,-0.7797705,-2.0697706,-0.3697705,-2.0397706,-3.2197704,-2.0497706,1.7802294,1.1102295,-2.3697705,-3.2197704,-2.8397706
-2.5397706,-1.4797705,-1.3197705,-2.5997705,-4.6397705,-1.5397705,-3.5697706,-3.5197706,-2.4797704,-1.9797705,-7.5197706,2.7802296,6.5402293,4.1602297,3.6302295,2.4002295,0.6102295,-0.6297705,-1.2397705,-2.4897704,-2.6497705,-3.4697704,-3.7597704,-3.8497705,1.8202295,0.5502295,-1.2797705,-2.5497706,-2.9297705,-6.3297706,-1.5097705,-2.5997705,2.9402294,0.7902295,-2.5197706,3.8402295,2.2302294,-1.2397705,0.7302295,0.6902295,0.4602295,-3.1697705,0.8002295,-3.2097704,0.7902295,-0.5297705,-2.3497705,-0.6697705,-3.9697704,-1.6397705,-3.8497705,-1.8197705,0.70022947,-1.6597705,-2.4697704,-3.2397704,-4.6697707,-3.6697705,0.95022947
-0.7297705,-2.5697706,1.5202295,-1.9697706,-3.1597705,-5.3197703,-0.3397705,-3.7997706,-2.0597706,-2.2397704,-0.40977052,6.5902295,7.8902297,5.6702294,3.6902294,1.6702294,0.13022949,-0.8497705,-0.049770508,-1.6497705,-2.3297706,-2.8897705,-3.4597704,-3.7997706,-3.2597704,-0.98977053,-1.9197705,-4.4497705,-2.5297706,-3.4797704,-2.4297705,-0.9297705,1.0602295,0.31022948,2.2302294,4.7902293,1.0102295,3.0502295,-0.16977051,-6.0197706,-2.4397705,-2.3897705,-1.1197705,-1.8697705,-3.3597705,-1.8197705,0.21022949,-1.6897705,-3.2597704,-2.8597705,-1.1697705,-3.3597705,-0.8697705,-2.9697704,-4.1997705,-8.309771,-5.8197703,-2.6997705,0.2602295
-2.5697706,-2.1797705,-3.7397704,-4.6797705,-1.3297706,-5.4797707,1.4202294,4.9002295,0.5502295,0.6002295,2.9002295,7.2802296,6.5102296,6.2402296,4.5702295,1.7702295,-0.3597705,-1.6297705,-0.9997705,-1.9497705,-2.3197706,-3.3397706,-4.2397704,-4.2197704,-5.2997704,-5.7797704,-1.0897706,-2.3597705,-2.4397705,-1.9397705,-2.6097705,-2.4697704,-2.9697704,-1.7297705,2.8802295,5.1702294,-1.4597706,-1.3497705,-1.7597705,-4.6097703,-1.8397706,-2.8697705,-3.2197704,-3.1097705,-2.5797706,-2.6897705,-1.2197706,-2.7797706,-1.6397705,-2.6397705,-1.4897705,-3.1297705,0.6302295,-1.0397705,-6.0397706,-4.4797707,-3.4297705,1.3002295,0.4102295
-3.0297706,-2.9597704,-5.8897705,-4.6797705,-2.5297706,-0.49977052,3.7102294,4.2802296,4.5002294,4.6202297,3.9902296,3.6302295,3.2702296,2.1902294,4.5002294,2.4702294,-1.0897706,-2.8997705,-2.3797705,-3.2197704,-2.6097705,-2.3097706,0.5202295,-3.8997705,-5.2497706,-4.5697703,-2.4697704,-2.2597704,-1.4197705,-2.2597704,-2.6297705,-3.0797706,-2.2697706,-1.7797705,0.6502295,2.5202296,0.43022949,1.4602295,-1.3397706,-3.0497706,-3.5897706,-3.3797705,-3.4697704,-3.0397706,-4.0697703,-5.3797703,-3.6697705,-3.7497704,-3.0997705,-0.6397705,-0.5197705,-1.5197705,-4.2697706,-2.6697705,-3.4097705,-2.3497705,4.0102296,2.5902295,-0.9297705
-3.2197704,-0.6397705,1.0402294,3.1502295,4.1602297,4.9302297,4.6202297,4.0202293,3.8302295,2.0102296,0.6902295,3.2502296,4.7502294,3.1502295,1.1302295,0.6502295,1.1402295,-1.1297705,-3.1497705,-3.7297704,-3.6897705,-1.8997705,-0.4897705,-3.7897706,-3.7397704,-3.3097706,-3.5297706,-2.9597704,-1.8597705,-2.4197705,-2.7597704,-4.1797705,-3.4497705,-2.4997704,-0.06977051,1.7902294,-0.43977052,-3.5397706,-1.7297705,-4.1897707,-3.3197706,-2.8797705,-4.6897707,-2.9697704,-4.5197706,-3.3597705,-3.2797706,-2.8497705,-2.7197704,2.6902294,-0.5897705,0.08022949,-0.7297705,-0.009770508,-1.6197705,-4.3397703,1.4202294,0.3302295,-2.3297706
2.4602294,4.3702297,4.3202295,3.6402295,4.2602296,3.9302294,4.0102296,1.6502295,1.1202295,0.6502295,0.34022948,1.3402295,0.100229494,2.2949219E-4,-0.10977051,-1.3997705,0.43022949,0.70022947,-1.7697705,-3.9397705,-5.1597705,-3.4597704,-1.9997705,-4.0297704,-4.3297706,-2.8697705,-3.3697705,-3.3397706,-2.5497706,-2.6397705,-2.3497705,-1.5697705,-0.3897705,0.1502295,0.9702295,-1.3497705,-0.9597705,-2.6097705,-5.1297703,-6.0697703,-3.7397704,-3.3097706,-2.5697706,-3.1197705,-3.8397706,-1.6097705,-3.2397704,-3.1597705,-1.6397705,-1.7197706,-2.5197706,-0.6397705,-1.9397705,1.6302295,1.9102294,-0.5597705,0.3802295,0.5602295,1.8302295
3.0402296,2.6202295,3.4602294,2.9602294,2.0302296,1.3802295,-0.06977051,0.8102295,-0.2897705,-0.8097705,-2.8497705,-3.2897706,-1.5197705,-2.3597705,-1.6897705,-0.7797705,-0.2697705,-0.22977051,-1.9697706,-2.7297704,-3.6997705,-4.0497704,-5.2297707,-4.5097704,-3.2597704,-4.0797706,-3.8897705,-3.7897706,-3.2597704,-3.2097704,-1.2397705,-3.0297706,-1.4397705,-0.9497705,-0.2897705,-1.4497705,-2.8797705,-3.7197704,-4.0497704,-3.4497705,-4.7197704,-2.9397705,-2.1997705,-2.1097705,-1.4797705,-1.8697705,-1.9397705,-1.2197706,-3.2897706,-4.1397705,-4.3997707,-1.4697706,0.7202295,-0.4497705,0.64022946,2.3302295,3.0702295,1.8702295,-2.3797705
0.9102295,1.8802295,-0.3097705,0.70022947,0.9302295,0.18022949,-1.0797706,-1.0497705,-0.46977052,0.3302295,-0.6497705,1.4702295,1.2402295,-1.9497705,-0.5097705,-0.3597705,2.0802295,-0.5197705,-1.7897705,-3.2597704,-2.4497705,-4.1397705,-3.6997705,-2.3297706,-1.5397705,-3.7097704,-2.0497706,-2.5997705,-2.3997705,-4.1597705,-1.6597705,-3.9797704,-2.6897705,-7.5397706,-2.5697706,-2.1697705,-3.1597705,-6.4597707,-3.0097704,-4.4497705,-2.7897706,-3.8697705,-4.2997704,-2.5297706,-3.5697706,-3.2797706,-3.3997705,-3.2397704,-2.8497705,-7.1397705,-5.4797707,-2.1197705,-2.0997705,-1.6197705,0.40022948,1.0602295,1.6602294,-0.6997705,-0.7097705
0.3802295,0.13022949,-1.3997705,-1.7097706,-1.6897705,-1.4797705,-1.2097706,-2.1997705,-0.9697705,0.76022947,1.1502295,0.12022949,0.5002295,-0.9497705,-0.9697705,-1.4497705,-1.7697705,-1.8197705,-1.6697705,-2.9797704,-3.3997705,-3.9097705,-4.5597706,-4.3697705,-1.5397705,-2.8397706,-3.0597706,-4.0397706,-3.5597706,-2.3097706,-3.7197704,-3.9397705,-4.1197705,-2.6097705,-0.54977053,-4.7297707,-2.7997706,-0.7597705,-4.2097707,-2.4297705,-3.5597706,-2.8097706,-3.1097705,-4.1997705,-4.5497704,-4.7797704,-5.0197706,-4.3197703,-3.9597704,-2.4097705,-3.8497705,-5.3797703,-2.6697705,-0.5697705,0.8102295,0.5802295,0.8202295,1.2902294,1.6802295
-0.3097705,0.4702295,-1.9997705,-2.2397704,-2.4297705,-0.5997705,0.4202295,-0.3397705,0.8102295,0.70022947,0.24022949,0.7102295,0.09022949,-0.2697705,-1.0497705,-2.9097705,0.8402295,0.9402295,-1.3997705,-2.0297706,-3.2997706,-4.5397706,-4.3597703,-2.9397705,-3.2097704,-3.0497706,-3.0297706,-2.5697706,-2.0597706,-2.7397704,-0.60977054,-2.3697705,-3.5597706,-2.7997706,-3.0497706,-5.5197706,-0.2197705,-1.6597705,-4.2597704,-0.8097705,-1.2097706,-4.2297707,-2.7497704,-3.9997704,-4.5797706,-4.0497704,-4.2597704,-4.0597706,-3.6097705,-0.8697705,-2.6497705,-3.9197705,-4.2497706,-0.05977051,0.4102295,-0.2397705,-0.9997705,1.3902295,1.4202294
2.0102296,0.4802295,0.9602295,-0.2897705,-2.4697704,-0.8997705,-3.6397705,-0.5197705,-0.8197705,0.9202295,0.9202295,0.5302295,-0.2897705,0.24022949,0.43022949,-1.4297705,0.9202295,-1.2697705,-1.1397705,-2.6097705,-4.6197705,-4.4597707,-2.9297705,-3.1597705,-4.2297707,-3.4097705,-4.5297704,-3.2497704,-4.7997704,-2.1197705,-2.2497704,-2.7697706,-1.4297705,-4.4797707,-1.2997705,-1.6297705,-1.9297705,-1.5097705,-0.2197705,0.3302295,1.8902295,-2.1197705,-4.2897706,-4.4497705,-3.7697706,-3.7697706,-5.1297703,-4.1197705,-0.46977052,1.0502295,-1.0497705,-3.1897705,-5.7597704,-3.5397706,-0.6697705,-1.0397705,-0.2597705,5.6502295,1.4602295
1.7102295,0.89022946,3.5302296,0.22022949,-0.2897705,-0.6497705,-2.8497705,-4.8797703,-1.6297705,-1.8897705,-0.8297705,0.19022949,-0.73977053,-2.0597706,-1.4797705,-2.2697706,-1.6197705,-0.8197705,-0.5297705,-1.4897705,-1.8797705,-1.6897705,-3.7097704,-3.6797705,-4.4097705,-3.8097706,-1.2197706,-3.5497706,-4.2597704,-3.8197706,-2.9897704,-2.8797705,-3.7897706,-2.4897704,-2.6897705,-1.9597706,-3.5897706,-3.7297704,1.4602295,-0.6997705,-3.4097705,-3.0297706,-3.0597706,-1.7797705,-3.8897705,-2.7597704,-1.3897705,0.37022948,-1.3397706,0.8302295,-2.0197706,-2.7297704,-3.7497704,-3.6197705,-1.5397705,-0.34977052,-0.2397705,-0.60977054,0.7702295
0.9702295,1.6202295,3.3202295,1.3202295,1.3702295,0.4702295,1.7102295,2.5302296,3.7502296,-0.10977051,-1.0697705,1.4502295,-1.6797705,-2.8897705,-2.5197706,-0.5897705,0.5802295,0.9002295,-0.4797705,-0.7697705,-1.7697705,-2.1697705,-2.6497705,-3.9797704,-2.6197705,-1.3197705,-1.3297706,-4.1797705,-4.3497705,-5.0997705,-4.5297704,-2.6197705,-4.9097705,-4.7397704,-2.8797705,-0.85977054,-2.1397705,-4.5397706,-3.3197706,0.37022948,1.5002295,-2.1297705,-1.3897705,-3.9697704,-2.8797705,-0.2697705,-1.1397705,-1.3397706,-0.7597705,0.40022948,-0.5197705,-2.2397704,-3.2497704,-1.8197705,-1.8997705,-0.6897705,1.4602295,-1.9297705,-2.2097704
5.8002295,4.8102293,2.1002295,5.4102297,2.1202295,1.7102295,0.5302295,3.3202295,2.0602295,1.3802295,0.7402295,-1.4197705,-0.19977051,-2.2297704,-1.9897705,-1.8497705,-0.9797705,-0.13977051,0.3602295,0.6902295,-1.4797705,-2.6697705,-4.2797704,-3.8397706,-4.9097705,-2.4997704,-3.5997705,-4.8697705,-5.3697705,-5.3497705,-4.8597703,-3.9697704,-4.8197703,-4.4197707,-4.2697706,0.4202295,1.9802295,-0.019770509,-0.8697705,-0.9497705,0.3502295,-3.0997705,-4.8097706,-4.0197706,-3.5797706,-0.6297705,0.4602295,1.8302295,-0.5297705,0.8102295,-1.9897705,-2.6897705,-2.4197705,-2.5497706,-4.0797706,-2.4697704,3.9602294,0.5202295,1.4202294
4.8402295,4.4202294,4.8302293,3.4002295,-2.3497705,1.2302295,0.4802295,1.2302295,0.8202295,1.8902295,-1.4997705,-0.5097705,-3.9297705,-3.2497704,-3.2797706,-1.9897705,-0.7597705,0.4602295,-1.5497705,-2.4897704,-4.7397704,-4.9697704,-4.1597705,-4.5897703,-4.4797707,-1.5597705,-4.5497704,-7.2997704,-4.7197704,-3.8497705,-1.7197706,2.4602294,1.0002295,-3.3997705,-0.2697705,0.51022947,0.13022949,-0.5397705,-1.0397705,-2.5597706,0.13022949,-0.16977051,-2.0897706,-3.2197704,-6.2197704,1.9402295,2.6202295,-0.049770508,-0.85977054,0.3602295,-0.10977051,-1.2197706,-2.1797705,-4.5597706,-2.9697704,-4.7797704,1.0502295,1.8502295,1.4702295
3.3502295,3.7302294,4.9902296,2.8402295,1.7702295,3.2102294,4.0502295,6.4702296,4.7302294,0.9002295,1.1502295,-1.1397705,0.6202295,-1.8397706,-2.4097705,-3.2097704,2.1702294,-3.8297706,-1.8597705,-6.5097704,-4.7597704,-4.8597703,-3.7897706,-5.1597705,-4.7297707,-4.1397705,-7.2797704,-5.4497705,3.1802294,-1.6997705,-0.9997705,1.3502295,-0.7297705,-1.8797705,2.0302296,-3.0097704,-0.4297705,-0.13977051,-2.1397705,-4.8997707,-5.2697706,-4.9797707,-4.5297704,-6.2797704,-4.1997705,2.0302296,2.8902295,2.4502294,1.7302295,0.8502295,1.5102295,-1.5997705,-3.9397705,-4.4497705,-4.9297705,-3.1497705,4.1802297,4.6702294,3.3602295
2.4002295,2.4102294,-0.5897705,-0.19977051,3.7002294,7.6002293,8.100229,5.6502295,3.2502296,0.6602295,2.9002295,4.9402294,4.0802293,3.2102294,3.4502294,4.9202294,4.1702294,0.34022948,-0.4597705,-2.0097704,0.21022949,-4.6297703,-4.1697707,-3.6697705,-3.3497705,-5.7097707,-6.2997704,-4.2797704,1.9002295,2.3602295,2.9002295,6.1402297,1.4402295,-1.6197705,1.6002295,3.6502295,6.2902293,-0.10977051,-3.8697705,-5.3197703,-5.5297704,0.7802295,-4.1197705,-2.6297705,1.7702295,-2.7297704,4.1602297,3.2102294,0.010229493,1.4502295,0.4502295,-3.1097705,-4.2797704,-3.6097705,-1.8897705,5.8902297,5.0402293,4.1102295,7.6102295
0.25022948,1.1002295,-0.2197705,4.5302296,5.1202297,8.82023,7.3702297,5.7302294,5.1702294,2.1902294,1.3202295,5.0802293,5.4802294,5.0302296,5.9202294,3.7702296,0.9102295,0.1702295,-0.3697705,0.7702295,1.8102295,-0.9497705,-1.1797705,-0.7097705,-4.3897705,-3.6297705,2.5402296,2.5902295,1.1802295,-0.8797705,6.8602295,9.510229,6.7502294,4.7402296,2.3202295,6.0802293,4.0102296,4.7902293,-1.4797705,-3.6497705,-4.2797704,3.2402296,0.08022949,-0.6897705,-0.9797705,-3.9697704,3.9502294,2.5202296,-1.2497705,0.040229492,-2.1597705,-0.5897705,0.3602295,0.1702295,6.4002295,6.9002295,3.5602295,7.0302296,11.20023
5.8602295,6.1902294,6.8202295,4.4902296,4.3802295,11.95023,8.090229,4.3702297,1.5202295,-0.3897705,2.1802294,2.8602295,5.4402294,5.4302297,3.1202295,2.9902296,1.1702294,1.0402294,0.8502295,1.9202294,2.5202296,0.8302295,-0.06977051,-2.3297706,-1.2997705,-3.4797704,2.6502295,5.4702296,3.8802295,9.33023,5.3002295,3.5402296,1.4302295,3.0702295,3.2802296,10.38023,5.9002295,4.4902296,9.300229,-4.6997705,-5.2997704,-0.6597705,1.0602295,-2.5797706,-2.2397704,-0.029770508,1.5602295,2.0802295,-1.0997705,-1.9597706,0.8502295,3.8702295,2.3902295,2.2002294,8.730229,2.9402294,12.75023,10.230229,10.88023
5.8802295,4.8902297,4.8402295,4.3802295,3.7502296,-7.8697705,-4.3397703,1.5802295,-3.0797706,-0.09977051,4.4802294,5.6302295,5.9702296,3.6102295,3.9102294,3.0602295,1.4202294,1.4402295,0.28022948,2.9202294,0.76022947,-0.6897705,-1.3197705,-4.8597703,2.4902296,-0.6897705,5.4402294,2.6602294,4.8802295,3.3302295,-0.8297705,0.9602295,-0.9397705,9.060229,8.12023,6.9102297,5.6102295,5.5402293,1.1402295,0.24022949,-4.9297705,-1.3197705,-3.5497706,0.95022947,0.4502295,1.5702295,1.7102295,-0.5597705,-1.0897706,-1.0297705,2.0002296,0.8302295,3.9502294,6.7802296,4.3502293,5.1602297,12.92023,13.95023,11.53023
5.7402296,3.7602296,5.0002294,3.8602295,-1.4297705,-1.6397705,-5.8097706,-5.0497704,-4.6897707,2.0402296,4.5202293,4.6502295,3.6702294,2.6302295,1.8902295,3.8402295,2.9202294,2.7202294,2.2202294,2.8602295,1.5902295,0.9902295,0.7502295,-1.3397706,4.3902297,2.8602295,6.8502293,9.66023,-1.3497705,-3.0897706,5.0402293,7.0802293,8.92023,9.260229,8.940229,10.71023,8.70023,4.1102295,1.0302294,-1.7597705,-1.8597705,-0.7797705,-1.4397705,1.6002295,-0.5297705,-3.5697706,2.5502295,-0.2197705,-1.3697705,-0.6897705,0.5602295,1.0002295,1.1002295,4.7302294,7.0302296,9.00023,9.300229,12.83023,12.060229
4.3802295,3.8002295,3.4402294,3.3402295,3.7002294,5.4902296,4.8102293,5.1902294,4.1202297,3.1902294,3.2502296,2.2602296,2.2702296,2.1602294,3.1302295,3.3502295,2.9302294,1.3702295,4.0002294,2.9102294,2.5902295,1.2402295,0.8102295,1.9102294,0.4702295,4.0402293,-4.2397704,-2.9997704,2.8302295,5.0902295,7.2302294,6.6502295,8.560229,7.1102295,7.9202294,8.38023,4.9902296,1.9602295,1.8502295,1.6702294,1.8302295,0.34022948,-2.3597705,-2.5697706,0.9902295,0.37022948,0.9602295,2.1502295,3.5502295,2.1702294,-0.1297705,2.4802294,10.060229,12.980229,11.17023,12.260229,11.720229,11.57023,9.91023
4.2102294,4.0902295,2.6402295,3.7902296,3.3502295,5.3602295,4.6302295,4.6902294,3.6502295,3.1402295,3.2102294,3.2002294,2.6102295,-1.1997705,2.1602294,-0.73977053,0.3002295,1.5402294,1.5402294,1.5302294,0.06022949,-2.0897706,-1.1597705,1.2402295,0.2902295,0.9102295,4.1502295,4.8102293,5.7702293,4.6002293,3.6802294,4.8302293,6.8702297,6.7502294,5.4302297,5.5402293,6.1302295,5.1802297,1.1402295,-0.19977051,0.4202295,-0.60977054,0.3002295,-0.7797705,-0.8497705,-1.0897706,1.1702294,1.6402295,0.34022948,3.2202294,3.9202294,8.00023,13.650229,14.70023,15.41023,10.29023,13.440229,13.390229,12.13023
3.3502295,3.4002295,4.1802297,4.1202297,4.1102295,5.7102294,4.7202296,3.3502295,3.1002295,3.7002294,3.3602295,3.1802294,2.4102294,2.1902294,1.2502295,-0.2597705,0.12022949,1.0902295,1.0202295,1.0802295,0.06022949,1.5102295,0.3602295,-0.2797705,-1.2397705,1.6102295,3.9402294,2.8502295,3.9102294,4.2002296,4.7902293,4.8602295,5.7902293,5.2302294,5.3602295,2.8102295,2.4002295,0.020229492,-1.3497705,-0.46977052,-0.2097705,0.9002295,-1.2797705,-2.9497705,-2.7497704,-0.4897705,5.0202293,5.9402294,5.6802297,2.5402296,5.6402297,6.2302294,17.10023,15.95023,17.02023,14.49023,10.800229,9.970229,12.430229
