json/gfs_20240722_18.json
{"header": { "discipline":0, "disciplineName":"Meteorological products", "gribEdition":2, "gribLength":79621, "center":7, "centerName":"US National Weather Service - NCEP(WMC)", "subcenter":0, "refTime":"2024-07-22T18:00:00.000Z", "significanceOfRT":1, "significanceOfRTName":"Start of forecast", "productStatus":0, "productStatusName":"Operational products", "productType":1, "productTypeName":"Forecast products", "productDefinitionTemplate":0, "productDefinitionTemplateName":"Analysis/forecast at horizontal level/layer at a point in time", "parameterCategory":2, "parameterCategoryName":"Momentum", "parameterNumber":3, "parameterNumberName":"V-component_of_wind", "parameterUnit":"m.s-1", "genProcessType":2, "genProcessTypeName":"Forecast", "forecastTime":0, "surface1Type":103, "surface1TypeName":"Specified height level above ground", "surface1Value":10.0, "surface2Type":255, "surface2TypeName":"Missing", "surface2Value":0.0, "gridDefinitionTemplate":0, "gridDefinitionTemplateName":"Latitude_Longitude", "numberPoints":65160, "shape":6, "shapeName":"Earth spherical with radius of 6,371,229.0 m", "gridUnits":"degrees", "resolution":48, "winds":"true", "scanMode":0, "nx":360, "ny":181, "basicAngle":0, "lo1":0.0, "la1":90.0, "lo2":359.0, "la2":-90.0, "dx":1.0, "dy":1.0 }, "data":
[rows 130 to 155 of 181, columns 118 to 176 of 360]
1.4824634,0.41246337,1.2224634,0.30246338,-0.9375366,-0.9075366,-0.64753664,-0.2975366,0.11246338,-1.8375366,-6.4975367,-6.6775365,-3.0675366,1.5924634,-10.387537,-11.667537,-11.677537,-12.017536,-11.737536,-11.6575365,-11.397536,-11.177537,-10.557537,-10.647536,-10.467537,-9.457537,-5.127537,-8.277536,-8.167537,-6.2475367,-2.5275366,-6.4275365,-5.3475366,-3.5675366,-2.6475365,-1.3075366,-0.9875366,-0.6575366,0.8224634,1.0824634,0.9024634,2.5224633,2.4324634,1.1924634,0.54246336,0.07246338,-0.21753663,1.5924634,4.182463,5.5724635,7.4224634,9.5924635,11.3424635,11.382463,7.5024633,3.9724634,-3.5075366,3.6324635,-0.3275366
1.9324634,-0.027536621,-0.77753663,-0.7175366,-0.70753664,-2.1875367,-3.3475366,-1.7475367,-1.7975366,-0.76753664,-1.9575366,-3.7375367,-5.4875364,-6.047537,-2.9275367,-5.357537,-11.647536,-12.207537,-12.4075365,-11.817536,-12.797537,-12.057537,-11.647536,-10.897536,-10.9075365,-10.227536,-9.557537,-2.3675365,-5.1475368,-4.6875367,-2.8975365,-6.2775364,-5.377537,-4.7875366,-3.4575367,-2.5975366,-1.8575367,-1.5575366,-1.2875366,-0.5575366,-0.25753662,0.97246337,1.5724634,2.2124634,3.0224633,2.2324634,0.122463375,0.46246338,2.7724633,4.9724636,6.7524633,8.782463,10.802464,9.642464,2.9824634,0.79246336,1.4824634,4.2924633,2.5724633
3.3124633,-0.10753662,-0.3575366,-2.4475367,-1.9775367,-2.7175367,-3.7475367,-4.4075365,-3.8775365,-3.1375365,-2.4275367,-2.8675365,-3.4375367,-4.797537,-7.4275365,-5.857537,-4.7275367,-0.7375366,-11.827537,-11.697536,-12.137537,-11.447536,-10.607536,-11.857536,-10.877537,-10.697536,-10.567536,-11.387537,-3.1375365,-2.9475367,-3.4675367,-8.287537,-8.047537,-6.1775365,-3.1875367,-1.9675366,-1.7275367,-3.1875367,-2.5975366,-2.1375365,-1.3075366,-0.28753662,2.0824633,3.5224633,5.7824636,6.2924633,2.5624633,2.0024633,1.8124634,4.4024634,6.5624633,8.662463,10.8424635,4.372463,0.6824634,1.8424634,0.72246337,10.852464,11.532463
4.6724634,2.5724633,-0.5575366,-3.0675366,-2.6575365,-3.3975365,-4.317537,-5.0275364,-5.4675364,-5.5575366,-4.5375366,-4.067537,-2.1275365,-2.6475365,-3.2975366,-6.6775365,-7.7475367,-6.8875365,-6.2075367,-4.127537,-5.2175364,-11.757537,-11.577537,-11.827537,-10.807537,-10.397536,-10.397536,-11.777536,-3.9475367,-2.6475365,-6.1675367,-8.917537,-8.017536,-6.0275364,-4.8875365,-3.5675366,-3.0675366,-1.5575366,-4.047537,-2.9075365,-2.0975366,-0.8175366,1.7524633,4.0624633,5.7924633,6.2724633,7.1524634,0.8824634,2.8424635,4.0924635,6.8224635,9.032463,5.2724633,2.8024633,-0.6875366,0.8124634,9.472464,11.542463,10.692463
3.5524633,2.9224634,1.3924633,-2.4475367,-3.4775367,-3.2575366,-4.2675366,-5.6175365,-5.8475366,-5.6175365,-6.5275364,-5.2275367,-3.7775366,-3.2175367,-3.7475367,-3.5075366,-1.1375366,-2.3475366,-2.4975367,-7.7475367,-6.9275365,-6.1175365,-4.4275365,-12.857536,-11.927537,-11.127537,-10.147536,-9.947536,-10.057537,-8.547537,-9.777536,-9.347537,-9.327537,-7.4175367,-5.4575367,-4.1675367,-4.377537,-4.1375365,-4.6875367,-4.2375364,-3.1275365,-0.51753664,2.1124635,3.7724633,5.2924633,6.5124636,8.462463,4.932463,4.5424633,4.372463,8.072463,3.3424635,-0.58753663,-1.1875366,0.24246338,9.782463,11.772464,11.062464,10.872463
3.7924633,2.6724634,3.0424633,3.1124635,-2.8675365,-4.4575367,-5.3875365,-6.7675366,-7.1575365,-5.6875367,-5.8875365,-7.9275365,-5.9175367,-4.877537,-5.9275365,-4.9075365,-3.0575366,-2.6175365,-1.7775366,-3.8475366,0.99246335,-3.3275366,-6.2775364,-5.3275366,-6.0175366,1.8324634,-11.397536,-11.887537,-10.327537,-8.997537,-9.397536,-9.427537,-8.797537,-7.9475365,-7.2075367,-5.627537,-6.5175366,-6.6375365,-5.8075366,-5.2075367,-4.0275364,-1.2875366,1.4124634,3.5924635,5.2624636,6.8324633,7.912463,4.2624636,0.4824634,4.0224633,0.10246338,0.07246338,-1.2975366,0.8924634,9.142464,11.402463,10.582463,11.552464,11.122463
2.1424634,1.1424633,1.9924634,2.8724635,3.1824634,-2.8275366,-5.857537,-7.797537,-8.1575365,-6.377537,-5.607537,-6.9875364,-9.517536,-6.7775364,-7.6375365,-5.9475365,-4.6375365,-1.8375366,-1.4875367,-2.0075366,-1.8375366,-2.2175367,-3.0375366,-5.2575364,-6.7475367,-6.857537,-2.4475367,5.7924633,-11.647536,-11.107536,-9.937536,-10.427537,-9.887537,-9.397536,-9.417537,-7.9175367,-7.6475368,-8.197536,-8.187536,-6.1175365,-5.0575366,-3.1175365,-1.1375366,2.1424634,5.1324635,7.2224636,6.5624633,0.49246338,-3.2075367,-1.1175367,-1.1375366,-1.3575367,0.33246338,7.7824636,10.192463,11.052464,11.352464,12.762464,13.082463
2.2324634,-0.37753662,-0.6775366,2.0224633,3.4724634,5.1524634,-5.877537,-8.447536,-5.8975368,-6.6675367,-7.5775366,-9.827537,-8.9075365,-7.5975366,-6.4675364,-6.2875366,-3.7975366,-3.2075367,-2.7675366,-1.5675366,-2.3675365,-2.2175367,-3.1275365,-2.0875366,-4.1175365,-4.8275366,-4.8975368,-4.2175364,-2.2875366,0.8324634,-4.1575365,-8.177537,-9.117537,-9.817536,-10.117537,-10.017536,-10.187536,-10.127537,-9.027536,-7.7575364,-6.2575364,-5.0375366,-2.9375367,0.16246338,4.162463,6.122463,8.212463,2.6124635,-2.4175367,-1.2375367,-0.2675366,3.0824633,6.5624633,8.152463,10.5924635,11.192463,11.932464,13.282463,14.082463
1.0324634,-1.2475367,-1.4275366,0.6824634,2.4224634,3.1024635,-3.6875367,-7.4275365,-6.567537,-4.7075367,-11.327537,-8.767536,-7.857537,-6.8975368,-5.9475365,-4.2775364,-2.1575365,-2.4475367,-2.7375367,-2.8975365,-2.2975366,-2.6675367,-4.3075366,-4.7675366,-4.297537,-6.3275366,-4.797537,-3.3575366,-2.3575366,-1.8675367,-2.8275366,-2.8475366,-2.4975367,-7.8275366,-9.057537,-10.217537,-10.397536,-11.817536,-11.647536,-9.567536,-7.5075364,-6.9875364,-4.5075364,-1.5975366,1.1724634,5.0324636,5.5624633,1.0124633,-1.5575366,-0.9975366,0.25246337,3.3724635,6.6024632,9.332463,10.272464,10.332463,11.782463,13.112463,14.112463
-3.6175365,-3.3575366,-2.7075367,-0.2675366,-0.07753662,1.7824634,-1.6275367,-9.447536,-9.087537,-10.327537,-9.437536,-9.547537,-7.8875365,-4.9975367,-3.5075366,-3.2275367,-2.3275366,-1.5375366,-1.7775366,-2.6375365,-2.7175367,-2.5275366,-3.9875367,-5.5575366,-4.9175367,-7.9875364,-6.547537,-3.9575367,-3.0275366,-2.3575366,-1.8375366,-1.1375366,-3.1475365,-4.5575366,-5.047537,-9.357536,-10.547537,-12.477536,-13.697536,-12.527536,-9.6575365,-9.217537,-6.6375365,-4.2275367,-0.0075366213,3.2324634,4.4924636,4.2724633,0.09246338,-2.3575366,-0.15753663,3.7224634,7.142463,8.362463,9.932464,10.722464,11.802464,13.162463,13.902463
-2.2275367,-2.3175366,-1.6575366,-0.37753662,-1.6975366,1.2524633,-5.5175366,-10.057537,-8.057537,-8.547537,-8.597537,-7.9175367,-5.817537,-3.8675365,-3.8975365,-3.0775366,-1.5375366,-0.46753663,-0.6175366,-0.70753664,-2.1175365,-4.0075364,-4.2575364,-6.5275364,-6.4375367,-9.397536,-6.5175366,-4.9775367,-3.6975367,-2.0275366,-0.12753662,0.11246338,-0.94753665,-1.9475366,-3.4575367,-6.837537,-6.817537,-12.297537,-15.197536,-15.307537,-13.1575365,-11.1575365,-8.667537,-5.7675366,-2.9575367,1.8924633,3.3024633,4.2924633,1.6124634,-4.3975368,-1.6175367,3.0024633,6.7424636,8.212463,9.542463,10.172463,11.102464,12.632463,13.412463
-2.0575366,-2.6675367,-0.57753664,-2.1375365,-2.5275366,-2.3275366,5.3524632,-11.387537,-9.817536,-9.687536,-8.597537,-6.1775365,-4.357537,-2.8075366,-0.40753663,-0.89753664,-0.30753663,1.4124634,3.0024633,2.3424635,-3.1675367,-4.6875367,-4.1875367,-9.857536,-9.817536,-8.577537,-6.857537,-4.7675366,-2.4175367,-0.5575366,1.6124634,2.2724633,-0.017536622,-2.3475366,-4.3975368,-5.9775367,-9.127537,-10.187536,-17.487537,-17.167536,-15.387537,-12.937536,-10.467537,-7.9075365,-4.5375366,-0.3575366,3.4524634,4.8524632,2.8224633,-5.2875366,-2.0975366,1.8024634,5.9924636,7.892463,8.562464,9.572463,10.422463,11.642464,12.522464
-0.6775366,-2.2475367,-3.2875366,-5.607537,-3.3075366,2.9924634,-3.0775366,-10.567536,-10.587537,-9.817536,-7.7575364,-5.5975366,-3.0375366,-2.3575366,-1.0875366,-1.6075367,1.1724634,3.5924635,10.532463,-0.75753665,-4.3275366,-10.247537,-8.227536,-10.967537,-10.007537,-8.167537,-5.2775364,-3.6275365,-2.3075366,-0.43753663,2.3024633,2.2624633,1.4824634,-1.6675366,-5.4375367,-7.6175365,-9.617537,-11.457537,-17.167536,-17.807537,-16.287537,-14.307537,-12.307537,-8.867537,-6.2375364,-2.9475367,1.8524634,5.4224634,1.7124634,-4.567537,-3.1975367,0.2624634,4.642463,6.8424635,7.3824635,8.452463,9.282463,10.252463,11.192463
0.80246335,-1.2575366,-5.7175364,-5.7175364,-3.5375366,-8.967537,-10.337537,-9.967537,-8.737536,-8.087537,-6.357537,-4.877537,-2.7375367,0.4824634,0.13246338,-4.6475368,-0.13753662,1.7224634,6.682463,10.412463,-0.4575366,-1.8275366,-4.377537,-5.9875364,-6.6975365,-4.567537,-2.3075366,-1.3475366,0.31246337,2.3724635,4.9224634,4.5424633,3.8524635,-1.7875366,-9.007537,-10.977536,-11.857536,-15.177537,-18.617537,-19.107536,-17.107536,-14.877537,-13.087537,-10.467537,-8.067536,-4.5375366,-0.5475366,3.7524633,4.3624635,-3.2475367,-4.2375364,-0.7475366,2.5224633,6.0424633,6.8124633,7.0924635,8.142464,8.522464,9.392464
8.002463,4.8024635,0.15246338,-1.3875366,-4.6875367,-6.4575367,-7.1975365,-6.547537,-6.4675364,-7.1875367,-6.9275365,-4.837537,-2.7275367,-1.3375366,-2.6475365,-2.9575367,-3.1575365,-0.30753663,1.8524634,0.91246337,-0.38753662,-3.0575366,-3.6975367,-4.067537,-3.4075365,-2.3175366,-0.9075366,0.9324634,2.4324634,4.2724633,6.0324636,5.122463,3.4524634,-5.5975366,-9.287537,-14.6575365,-15.207537,-17.597536,-20.227537,-20.607536,-18.187536,-15.107536,-13.317536,-10.797537,-9.047537,-6.0075364,-1.6075367,1.6224633,3.0624633,4.0624633,-5.1975365,-1.9275366,0.6224634,4.0524635,5.4624634,5.2924633,6.0624633,6.4224634,7.4024634
7.7424636,4.5824633,0.8224634,-0.94753665,-2.3375366,-4.3075366,-5.7875366,-5.9575367,-5.7775364,-5.4875364,-4.817537,-3.9675367,-2.4175367,-2.9375367,-3.5975366,-4.2475367,-2.2275367,-2.4875367,-1.1075367,-1.9375366,0.03246338,-1.2575366,-0.8475366,-1.3375366,-1.3175366,-0.30753663,1.6424633,3.1624634,4.8624635,6.7424636,8.192463,6.2424636,3.0624633,-5.2675366,-11.757537,-13.387537,-16.487537,-18.967537,-21.507536,-20.347536,-17.817537,-16.027536,-12.527536,-10.717537,-8.017536,-6.1675367,-4.4675364,-1.0075366,1.9324634,3.2224634,3.1524634,-2.8275366,-1.5475366,1.1024634,3.8024633,4.4924636,4.4924636,4.912463,5.1024632
3.7724633,3.6724634,2.5624633,0.5924634,-0.88753664,-2.1275365,-3.0675366,-4.7275367,-4.9175367,-4.7875366,-5.0075364,-4.5775366,-4.0075364,-4.4275365,-3.7575366,-3.3975365,-2.9075365,-2.7175367,-2.6775367,-1.5975366,-0.9675366,-0.7975366,-1.0175366,-0.5475366,-0.44753662,0.9324634,3.0324633,5.2124634,7.642463,6.8124633,7.0424633,6.5624633,-1.6975366,-9.287537,-12.757537,-14.257537,-17.787537,-19.387537,-18.367537,-16.777536,-16.847536,-13.387537,-11.327537,-9.187536,-7.5375366,-5.857537,-4.4475365,-2.7075367,0.5024634,1.8824633,4.0824633,4.122463,-1.9475366,-1.6675366,1.2424634,2.9924634,3.1924634,2.9224634,2.9524634
4.0024633,1.6724634,0.7524634,-1.8175366,-2.9875367,-2.7775366,-3.1075366,-2.9675367,-4.067537,-3.8775365,-5.7475367,-6.107537,-4.6775365,-4.317537,-3.7275367,-3.8975365,-3.7775366,-2.8175366,-2.7775366,-2.1575365,-2.1475365,-1.6175367,-1.2875366,-1.1375366,0.7124634,1.4724634,3.2424634,4.642463,7.202463,9.542463,9.422463,-1.0475366,-9.6575365,-11.797537,-14.6575365,-14.147536,-14.447536,-13.767536,-14.367537,-14.277536,-12.577537,-10.747537,-9.547537,-8.557537,-6.7775364,-6.1375365,-5.1875367,-3.5375366,-0.9075366,1.9624634,3.2324634,4.1524634,4.0724635,-3.3975365,-2.7475367,0.13246338,1.1724634,0.60246336,0.7524634
2.1224635,0.86246336,0.042463377,-0.9175366,-1.9475366,-2.9375367,-3.8675365,-4.1175365,-3.8775365,-4.067537,-4.567537,-4.817537,-4.3975368,-3.7575366,-3.2775366,-3.2075367,-5.1675367,-4.2875366,-3.3675365,-3.1775367,-3.5175366,-1.4275366,-1.8375366,-1.7575366,-0.64753664,0.7124634,2.0124633,4.6924634,5.6024632,8.082463,5.0924635,1.1424633,-6.1975365,-12.067536,-12.317536,-10.937536,-10.807537,-11.317536,-11.427537,-10.247537,-9.817536,-9.1575365,-8.217537,-7.9775367,-6.8475366,-5.7675366,-5.3875365,-3.9875367,-1.6475366,1.4224634,3.3324633,5.0824633,4.0924635,2.1724634,-5.7375364,-3.7675366,-1.8675367,-2.0475366,-2.0075366
1.9024634,0.6324634,-1.1875366,-2.6475365,-4.4475365,-5.8875365,-6.627537,-7.0975366,-6.9575367,-6.837537,-6.3675365,-5.5175366,-5.1375365,-4.9775367,-4.3675365,-3.7675366,-4.8075366,-5.4775367,-4.817537,-4.107537,-2.8375366,-1.2175366,-0.6175366,-1.1175367,-1.2375367,0.15246338,2.0424633,4.1924634,5.5624633,3.4424634,-2.7175367,-0.88753664,-1.7875366,-4.6675367,-5.9575367,-7.9775367,-10.327537,-9.197536,-8.957537,-8.667537,-8.367537,-8.037537,-8.167537,-7.0575366,-6.377537,-5.4375367,-4.4875364,-3.0475366,-1.3575367,0.17246337,1.7924634,3.8224633,4.5624633,3.2924633,-4.087537,-5.5375366,-4.2275367,-3.8675365,-4.3075366
6.8324633,6.2824636,5.3824635,4.5424633,0.98246336,-1.4575366,-2.7775366,-9.357536,-11.577537,-11.257537,-9.307537,-8.487536,-7.9475365,-6.8475366,-6.1675367,-5.3475366,-5.0375366,-6.1175365,-6.0075364,-5.5375366,-4.567537,-3.4475367,-2.5575366,-1.6975366,-2.0475366,-1.5875366,1.0524634,3.3424635,4.0624633,2.2424634,-5.3475366,-6.0575366,-6.4775367,-6.9475365,-5.4975367,-5.2575364,-6.6875367,-6.2375364,-6.0975366,-6.6175365,-6.8675365,-6.7175364,-6.6475368,-6.2775364,-5.4375367,-5.0975366,-3.1975367,-2.5475366,-1.6375366,-0.9175366,0.85246336,2.6624634,3.4824634,3.6324635,1.7524633,-1.9575366,-5.7675366,-4.8875365,-4.797537
8.452463,8.102464,8.572463,3.6424634,4.3424635,1.9624634,-0.7275366,-3.6775367,-9.677537,-13.357536,-11.997537,-10.587537,-9.347537,-8.597537,-7.6675367,-6.9675364,-5.7575364,-5.9575367,-5.9975367,-5.317537,-5.107537,-4.9375367,-3.6075366,-4.2275367,-3.4775367,-2.5975366,-1.1575366,0.80246335,2.0224633,-0.30753663,-0.7175366,1.0924634,-2.4775367,-4.6575365,-5.4475365,-5.9275365,-5.8975368,-6.2875366,-6.627537,-6.567537,-5.9575367,-5.4075365,-5.047537,-4.7575364,-4.6375365,-4.7775364,-4.2175364,-3.0775366,-2.3475366,-1.5475366,0.122463375,1.4024634,2.5624633,2.0324633,1.6924634,-0.18753663,-4.2875366,-6.3075366,-6.047537
8.262464,9.922463,9.052464,7.642463,7.2624636,5.162463,-1.5375366,-6.2675366,-8.367537,-9.887537,-11.067536,-10.027536,-8.937536,-8.4075365,-7.2875366,-5.9275365,-5.8275366,-5.7775364,-5.4075365,-4.6575365,-4.1875367,-4.3875365,-4.6175365,-4.3675365,-3.6475365,-3.0075366,-2.6175365,-1.5275366,-1.0275366,-1.5775366,-1.0075366,-2.8575366,-3.5675366,-2.8375366,-2.2375367,-2.3575366,-2.7675366,-3.6275365,-5.3975368,-4.3075366,-3.2975366,-2.9975367,-3.4975367,-3.7375367,-3.0075366,-3.3375366,-4.2675366,-3.6975367,-3.6975367,-2.9775367,-2.1375365,-0.7975366,1.3624634,1.1524634,0.28246337,-0.39753664,-2.6675367,-4.797537,-6.2675366
7.8224635,8.132463,8.192463,9.312464,4.7724633,3.9524634,1.8824633,-3.8275366,-4.8475366,-6.547537,-7.297537,-7.4675364,-7.2575364,-6.6575365,-5.8675365,-4.7575364,-4.6975365,-4.837537,-4.2075367,-3.4475367,-3.1475365,-2.3875365,-1.6775366,-2.2075367,-1.4975367,-1.4675366,-1.2775366,-1.5975366,-3.0575366,-2.6675367,-1.5175366,-1.8575367,-2.5175366,-2.4775367,-3.3675365,-3.7475367,-3.8975365,-4.067537,-4.7375364,-5.1875367,-5.2175364,-5.0075364,-4.127537,-5.0375366,-5.6875367,-5.2575364,-5.1175365,-4.9875364,-4.1575365,-3.2775366,-3.2375367,-3.1675367,-1.9275366,-1.3175366,-1.2175366,-1.7975366,-3.4475367,-5.4875364,-6.8075366
7.182463,7.4924636,7.3424635,7.7624636,5.912463,2.3224633,1.2324634,0.5324634,-1.4875367,-2.1975367,-2.5175366,-3.0875366,-3.1475365,-3.1975367,-3.5075366,-5.7475367,-4.317537,-0.95753664,-0.14753662,1.0824634,1.2124634,2.3724635,2.7724633,3.2624633,3.3924634,2.1424634,0.2624634,-0.4875366,-0.16753662,-0.18753663,-1.0775366,-2.3275366,-3.2375367,-3.5975366,-4.047537,-4.3975368,-4.7175364,-5.7475367,-5.4775367,-5.7775364,-5.817537,-4.9575367,-4.4375367,-4.0075364,-3.9475367,-3.7275367,-2.8775365,-2.7275367,-1.8275366,-1.2175366,-1.5775366,-2.2575366,-2.1175365,-2.2875366,-2.4075365,-4.107537,-5.1775365,-7.047537,-7.2175364
6.122463,5.6024632,5.162463,5.3124633,5.1124635,3.6224635,2.4524634,2.2624633,1.7224634,1.2424634,1.3824633,1.6624634,1.1324633,1.0624634,1.0524634,1.5024633,2.2124634,3.7424634,4.452463,4.7224636,4.5124636,4.7824636,5.2824636,5.7124634,6.2224636,6.7424636,6.5524635,5.7224636,5.1024632,4.662463,4.1124635,3.4024634,3.1924634,3.0924635,2.3324633,0.5124634,-1.3275366,-1.6675366,-2.8275366,-4.5075364,-4.5375366,-3.6875367,-2.2975366,-1.2175366,-1.1375366,-1.6775366,-2.0375366,-2.7975366,-2.4975367,-2.4075365,-3.4575367,-4.0775366,-4.0575366,-5.607537,-5.1975365,-5.6475368,-6.1475368,-6.5975366,-7.0575366
