json/gfs_20240717_06.json
{"header": { "discipline":0, "disciplineName":"Meteorological products", "gribEdition":2, "gribLength":79541, "center":7, "centerName":"US National Weather Service - NCEP(WMC)", "subcenter":0, "refTime":"2024-07-17T06:00:00.000Z", "significanceOfRT":1, "significanceOfRTName":"Start of forecast", "productStatus":0, "productStatusName":"Operational products", "productType":1, "productTypeName":"Forecast products", "productDefinitionTemplate":0, "productDefinitionTemplateName":"Analysis/forecast at horizontal level/layer at a point in time", "parameterCategory":2, "parameterCategoryName":"Momentum", "parameterNumber":3, "parameterNumberName":"V-component_of_wind", "parameterUnit":"m.s-1", "genProcessType":2, "genProcessTypeName":"Forecast", "forecastTime":0, "surface1Type":103, "surface1TypeName":"Specified height level above ground", "surface1Value":10.0, "surface2Type":255, "surface2TypeName":"Missing", "surface2Value":0.0, "gridDefinitionTemplate":0, "gridDefinitionTemplateName":"Latitude_Longitude", "numberPoints":65160, "shape":6, "shapeName":"Earth spherical with radius of 6,371,229.0 m", "gridUnits":"degrees", "resolution":48, "winds":"true", "scanMode":0, "nx":360, "ny":181, "basicAngle":0, "lo1":0.0, "la1":90.0, "lo2":359.0, "la2":-90.0, "dx":1.0, "dy":1.0 }, "data":
[rows 104 to 129 of 181, columns 59 to 117 of 360]
5.1465015,5.4365015,4.1065016,3.8965015,2.9165015,3.4165015,3.8965015,4.0265017,3.6265016,4.7265015,4.9365015,5.0165014,6.1965013,7.1965013,7.8965015,8.236502,7.9565015,7.8465014,7.5765014,7.7265015,7.3965015,8.026502,8.626501,9.426501,10.256501,10.266501,9.136501,8.226501,8.116502,8.086501,8.296501,7.0165014,7.0465016,6.9965014,5.9365015,4.7565017,4.9965014,4.2665014,3.9265015,3.4265015,2.5965014,0.48650146,1.2765014,2.2865014,1.8165015,1.6665015,1.4665015,0.35650146,-0.46349853,1.0465015,1.0265014,1.1065015,1.5865015,0.9465015,1.5365014,2.3965015,0.35650146,-0.6634985,-1.5434985
2.8565016,1.0765015,-0.45349854,-1.1834985,-0.52349854,-0.28349853,0.55650145,2.7765014,3.6765015,4.3965015,5.7565017,5.7665014,5.7565017,5.9965014,7.3065014,7.5365014,7.2265015,7.3265014,7.6165013,7.4965014,7.6465015,8.276502,8.986502,9.626501,10.016501,9.816502,10.066502,10.416501,10.916501,9.626501,8.696502,8.666501,7.3565016,6.8665013,6.5365014,6.1265016,4.3165016,4.0665016,3.4765015,3.5865014,2.3465014,2.4265015,1.4565015,0.40650147,0.42650145,0.60650146,0.21650146,0.85650146,0.78650147,0.17650147,0.116501465,0.92650145,1.3065015,0.91650146,-0.093498535,-0.44349852,-0.90349853,-0.96349853,-1.6034986
-1.4934986,1.3965014,1.9865015,1.2065015,1.3665015,2.2165015,2.5465014,2.4665015,3.9765015,4.8265014,5.3765016,6.0165014,5.9565015,5.8765016,5.9465013,6.6265016,6.7565017,7.3365016,7.7065015,7.9965014,8.196502,8.566502,8.846501,9.296501,9.6865015,10.4365015,10.716501,10.416501,10.756501,10.336501,10.166501,10.396502,9.406502,8.646502,6.6865015,6.1965013,4.9965014,3.5765014,2.8065014,2.0365014,2.0465014,2.6965015,2.1265016,1.9865015,2.3365014,1.2565014,0.116501465,-0.21349853,0.16650146,-0.14349854,-0.6034985,0.47650146,0.086501464,-0.6034985,-0.9834985,-1.8634986,-1.1134986,-1.4934986,-2.6834986
3.4465015,3.0565014,3.5265014,3.5065014,4.0965014,4.6865015,4.3265014,4.5665016,3.7865014,3.9265015,4.9065013,4.8465014,5.0565014,4.3765016,4.5965014,5.5265017,7.0165014,7.7465014,8.046501,8.816502,8.346501,8.896502,9.156502,9.196502,10.266501,11.126501,11.566502,11.616502,10.9365015,10.406502,10.126501,10.046501,9.676501,9.976501,8.986502,7.6165013,7.1665015,4.8865013,2.5765014,1.3165015,1.1965015,-0.43349853,-0.37349853,1.5065014,0.75650144,1.3165015,1.4665015,0.45650145,-0.56349856,-1.4534985,-1.0834985,-0.10349853,-0.39349854,-1.1034986,-2.9834986,-2.9334986,-1.9834986,-1.8634986,-1.1934985
3.4865015,3.5965014,3.6265016,4.8465014,4.6365013,5.0965014,2.5765014,1.4965014,3.1565015,3.7265015,2.7165015,2.5265014,2.5765014,3.5265014,4.4465013,5.2365017,6.6065016,6.9365015,7.2565017,7.8365016,8.116502,8.446502,9.6865015,9.576502,10.506501,11.206501,11.206501,11.296501,11.486502,11.046501,10.646502,10.096501,9.846501,9.456501,8.506501,8.696502,8.146502,7.7365017,5.7765017,3.5865014,1.3265015,-1.4934986,-1.2534986,-2.0534985,0.07650147,-0.7234985,0.5865015,1.3665015,-1.6434985,-2.8834984,-2.2434986,-0.8534985,-1.5534985,-3.2634985,-1.9134985,-2.1434984,-2.6634986,-2.2134986,-1.1834985
2.8665016,3.8165014,2.9565015,2.5165014,1.7065015,0.86650145,1.9665015,1.4765015,1.9565015,0.74650145,1.2965015,2.5965014,3.8665016,3.5465014,4.1865015,5.7765017,5.1665015,4.6065016,6.1265016,6.6465015,7.6765013,8.216501,7.8365016,9.076502,8.816502,9.286502,10.046501,10.466501,11.036502,10.966501,10.996502,11.146502,10.496502,10.156502,8.386501,8.016501,7.2465014,8.396502,7.8065014,7.216501,6.1065016,-1.3534986,-1.7034985,-1.0234985,1.0765015,-2.0234985,-2.2134986,1.4265015,0.39650145,-3.1434984,-4.4834986,-3.0334985,-3.9634986,-3.2334986,-3.3734984,-2.8434985,-2.6034985,-2.1234984,-1.9634986
1.8065015,0.62650144,1.4565015,0.87650144,1.0965015,0.10650147,0.7665015,0.036501464,-1.0234985,-0.34349853,3.4465015,3.7265015,4.216501,4.5365014,4.2965016,3.8565016,4.0965014,4.8065014,5.7965016,6.1365013,7.1965013,7.5765014,8.256501,8.466501,9.016501,9.416501,9.426501,10.026502,10.206501,9.546501,9.556501,9.116502,9.796501,9.036502,10.516501,9.576502,6.8465014,7.2365017,7.0465016,7.3465014,7.0065017,6.1165013,0.086501464,-1.3834985,-1.0634985,-0.23349853,-3.7534986,-3.2034986,-0.49349853,-1.6734985,-5.4034986,-5.0634985,-5.1634984,-3.3034985,-3.6734986,-4.3434987,-3.1334984,-2.3034985,-1.9034985
-0.29349855,-0.08349854,-0.10349853,0.38650146,-1.3834985,-1.3434986,-0.74349856,-2.2634985,-0.5434985,1.7965015,3.2665014,2.8665016,1.9565015,2.5165014,3.4065015,3.4765015,3.7665014,4.6465015,4.6965013,6.1865015,6.2365017,7.0665016,7.6065016,7.7765017,8.126501,8.576502,9.296501,9.556501,10.326502,10.4365015,10.036502,8.816502,7.6165013,8.746502,8.716501,9.926501,10.006501,5.966501,6.3365016,6.3865013,6.966501,6.716501,5.6265016,-2.7334986,-3.5234985,-2.7434986,-2.9234986,-3.9534986,-2.9134986,-1.9534985,-5.7534986,-6.1734986,-6.6234984,-5.1134987,-5.5834985,-5.3134985,-4.8634987,-6.9534984,-4.6934986
-3.4934986,-0.88349855,-0.37349853,1.0765015,-0.50349855,-1.3034985,0.086501464,-0.29349855,1.4965014,1.3465015,1.0865015,0.98650146,1.2365015,1.5665015,1.9765015,3.2865014,3.2465014,5.0865016,5.5465016,6.3765016,6.3265014,7.0465016,7.8665013,9.016501,9.066502,8.846501,9.316502,9.9365015,9.846501,10.576502,10.886501,10.896502,7.7565017,7.7565017,8.656502,9.226501,9.406502,9.316502,8.486502,3.2665014,6.5865016,5.9565015,6.2665014,6.5565014,-4.9034986,-4.2934985,-3.4334986,-3.8734984,-3.2034986,-4.2734985,-4.3534985,-7.2334986,-6.9334984,-6.1234984,-6.6634984,-7.0034986,-7.8634987,-6.5134983,-5.9534984
-3.7934985,-1.9834986,-1.1734985,-2.0334985,-1.3534986,0.31650147,1.3765014,1.2165015,0.5165015,0.86650145,1.2265015,0.79650146,1.5265014,0.78650147,2.1565015,2.1665015,3.6865015,4.7465014,5.6565013,5.8665013,6.8765016,6.966501,7.9265013,8.396502,8.746502,10.146502,9.626501,10.556501,10.996502,10.676501,10.266501,10.646502,10.606502,9.386501,8.816502,10.156502,9.156502,9.156502,9.6865015,9.156502,1.9765015,3.8365014,5.9465013,6.1465015,5.0265017,-5.4834986,-4.9934983,-5.6634984,-4.9834986,-5.3434987,-5.1634984,-7.0134983,-7.9534984,-6.4634986,-7.9434986,-7.8534985,-6.7234983,-5.3034987,-5.3434987
-5.2234983,-4.3934984,-2.8334985,-2.4834986,-1.8234985,0.68650144,0.016501464,0.40650147,-0.10349853,0.41650146,0.036501464,0.62650144,0.8265015,1.5865015,2.3665016,2.2665014,3.7165015,4.2865014,5.6365013,4.9365015,5.4565015,6.4465013,6.9265013,7.6065016,8.136501,8.516501,9.606502,9.646502,9.766501,10.256501,10.116502,10.596501,10.786502,11.256501,9.996502,10.166501,11.336501,10.736502,10.946502,10.416501,10.286502,7.5965014,5.0865016,6.0165014,5.3665013,-0.77349854,-6.8034987,-6.6534986,-6.1234984,-7.283499,-6.9034986,-5.9734983,-7.8934984,-8.273499,-8.723498,-7.4534984,-6.8334985,-6.1634984,-5.6034985
-6.783499,-5.6734986,-3.8834984,-4.9534984,-2.9134986,-2.3334985,-2.3534985,-2.4934986,-2.1334984,-2.2434986,-0.58349854,-0.19349854,0.7065015,1.7365015,1.8065015,1.9465015,3.8065014,4.7765017,5.0365014,4.2565017,5.5865016,5.5965014,7.2465014,7.8165016,7.5865016,7.3465014,7.2465014,8.056501,9.596501,9.856502,10.266501,10.776502,10.336501,11.156502,11.416501,11.316502,10.476501,10.946502,10.726501,11.176501,12.636501,10.466501,11.506501,8.476501,5.6665015,6.3665013,-7.4434986,-7.2634983,-7.4934983,-7.3234987,-8.293499,-7.1134987,-7.7734985,-9.633498,-8.873499,-7.3034987,-6.6634984,-6.4434986,-6.9934983
-8.573499,-8.113499,-5.8734984,-3.4034986,-2.8734984,-2.7434986,-2.8434985,-1.9634986,-2.2334986,-1.8534986,-1.9934986,-0.9134985,-1.1234986,0.8365015,1.4065014,2.4365015,2.4465015,2.3665016,3.5765014,4.7965016,5.4065013,5.2265015,7.1465015,6.6965013,7.7465014,7.6365013,8.676501,8.786502,8.146502,8.646502,9.236502,9.836501,11.216501,9.026502,7.9065013,9.316502,10.766501,11.106502,11.586501,10.016501,10.016501,10.756501,10.946502,11.126501,12.336501,10.856502,9.166501,-7.8634987,-7.5834985,-7.8634987,-8.123499,-8.053498,-7.8434987,-9.083499,-8.933498,-4.1834984,-8.203499,-7.0534987,-7.4434986
-8.613499,-8.083499,-7.4234986,-5.8634987,-6.0434985,-5.0834985,-4.4534984,-4.283499,-4.4534984,-3.0134985,-2.1234984,-1.9934986,-0.8034985,-0.7234985,0.56650144,1.6565014,2.0365014,3.7165015,3.5065014,4.3065014,4.8565016,5.2865014,5.9065013,7.1365013,6.9165015,7.3765016,8.276502,8.316502,7.3465014,8.616502,8.926501,7.7765017,8.286502,9.506501,9.566502,10.156502,9.886501,9.296501,9.606502,10.176501,10.216501,9.276502,8.846501,8.876501,9.446502,11.166501,11.826502,6.966501,-10.173498,-9.823499,-9.233499,-8.483499,-9.043499,-9.973498,-9.423498,-9.193499,-9.573499,-8.593498,-8.183498
-10.233499,-10.843498,-9.083499,-7.0734987,-5.0634985,-5.8334985,-5.0034986,-4.4334984,-3.3534985,-3.6334984,-3.0434985,-2.8934984,-1.8034985,-1.3234985,0.47650146,1.0765015,1.7665014,2.6865015,2.7265015,3.6465015,4.5365014,5.8965015,6.3965015,7.1165013,6.216501,7.2065015,8.666501,8.116502,9.296501,8.446502,6.9465013,8.626501,7.1965013,7.716501,7.6565013,8.6865015,8.506501,9.856502,9.306501,9.776502,8.926501,9.1865015,9.576502,9.166501,8.546501,10.056501,10.886501,11.856502,-1.8534986,-9.383498,-10.463498,-10.513498,-9.983499,-9.783499,-10.023499,-7.2634983,-8.773499,-10.233499,-9.093498
-9.403499,-11.123499,-10.183498,-10.203499,-8.293499,-6.5834985,-6.2334986,-5.8934984,-5.3234987,-3.6334984,-3.9134986,-2.2834985,-1.5934986,-1.9734986,-0.58349854,2.1265016,2.5465014,2.1165016,3.5265014,4.1965013,3.5565014,4.3265014,5.9165015,7.3165016,6.5265017,8.176501,7.8265014,8.176501,7.1365013,7.8965015,8.286502,8.836501,7.7665014,7.466501,8.946502,6.4465013,7.2865014,7.1565013,9.196502,8.146502,9.266501,9.476501,10.786502,9.316502,7.8465014,8.146502,9.346501,10.586501,10.756501,6.8265014,-8.943499,-10.543499,-9.3134985,-9.513498,-8.463498,-9.573499,-6.1834984,-10.393498,-9.593498
-10.493499,-12.393498,-10.743499,-9.923498,-9.183498,-8.633498,-7.5134983,-7.3234987,-5.9134984,-5.4834986,-5.3934984,-4.8134985,-3.1834986,-1.7934985,-0.81349856,-0.013498535,0.9465015,3.3465014,4.0965014,3.8965015,4.1165013,6.0465016,5.9365015,6.8365016,7.1465015,6.8365016,6.1065016,8.416501,8.796501,8.166501,8.296501,7.5865016,8.866502,8.396502,8.596501,6.1565013,7.3665013,7.716501,6.9165015,8.296501,7.9865017,8.726501,9.276502,8.476501,9.256501,8.716501,6.9265013,7.9465013,7.5165014,8.506501,-2.8234985,-7.6234984,-9.713498,-9.033499,-8.663499,-9.263498,-7.7134986,-9.523499,-9.933498
-11.343498,-13.943499,-12.903499,-12.053498,-12.013498,-10.643498,-9.473498,-8.923498,-8.233499,-6.9334984,-6.3034987,-5.1734986,-3.6334984,-3.1034985,-1.7734985,-1.0134985,-0.013498535,2.4465015,2.2065015,3.6965015,3.9065015,5.7565017,7.2065015,6.6565013,7.716501,6.8865013,7.5165014,6.5965014,6.8965015,6.8565016,8.176501,7.6365013,7.7865014,7.8965015,7.0665016,7.8365016,6.466501,6.5265017,6.7565017,5.5365014,8.196502,8.006501,8.006501,8.576502,9.976501,8.816502,8.116502,7.3065014,7.5865016,9.126501,8.696502,5.5965014,-7.0834985,-10.503498,-9.993499,-10.043499,-10.663499,-6.0534987,-7.2134986
-11.333499,-13.623499,-13.893498,-13.263498,-11.673498,-12.553498,-10.963498,-10.503498,-9.363499,-8.773499,-7.4034986,-5.4834986,-3.8734984,-2.0634985,-2.9534986,-0.6134985,0.16650146,0.55650145,1.1065015,3.6065016,4.0965014,5.1065016,5.8565016,7.1165013,8.216501,8.656502,8.876501,8.636501,8.4365015,8.386501,7.9465013,7.0465016,6.5165014,6.6865015,7.216501,6.9465013,7.4365015,7.0665016,6.0165014,4.2465014,4.1665015,6.0865016,7.5665016,8.656502,8.196502,9.086501,8.496502,9.366502,6.8365016,6.4865017,7.7365017,3.7365015,7.8665013,-8.243499,-9.173498,-9.3134985,-11.533499,-5.1734986,-7.2234983
-8.493499,-14.093498,-14.533499,-12.983499,-12.513498,-12.513498,-11.863499,-10.903499,-10.083499,-9.573499,-8.143498,-5.8334985,-5.1934986,-3.8134985,-2.4534986,-1.5334985,-0.49349853,0.53650147,2.5465014,3.5565014,5.1565013,6.7265015,7.2265015,8.616502,8.356502,8.516501,9.796501,10.156502,10.026502,9.756501,8.636501,7.4965014,5.8965015,5.0065017,5.3465014,6.716501,6.5965014,7.7065015,5.3165016,5.7765017,3.3165014,2.1965015,4.1365013,5.8065014,7.2065015,7.5865016,8.646502,8.166501,8.866502,6.5565014,7.3165016,9.226501,8.156502,-11.403499,-8.973498,-8.803498,-9.933498,-5.6334987,-7.6034985
-4.7734985,-14.243499,-14.123499,-13.993499,-13.133498,-13.053498,-12.363499,-12.083499,-10.883498,-9.783499,-8.793499,-7.4734983,-5.9534984,-5.5634985,-3.2634985,-3.0534985,-2.1734986,-0.28349853,2.3465014,3.9365015,5.4565015,6.216501,6.966501,6.4365015,7.4865017,8.896502,9.796501,9.776502,9.486502,9.696502,9.726501,9.196502,8.156502,6.1365013,4.6265016,4.6865015,5.5165014,6.2465014,5.5665016,6.2565017,5.3465014,3.2665014,0.9565015,4.0265017,5.2965016,6.3765016,7.1665015,7.8565016,7.966501,8.956501,7.2765017,7.5965014,7.466501,10.666501,-9.763498,-9.683498,-8.623499,-4.3234987,-7.533499
-2.6034985,-11.223498,-15.593498,-16.1335,-14.173498,-13.253498,-12.453499,-12.623499,-11.353498,-10.903499,-10.303498,-8.763498,-7.7634983,-3.8634984,-4.9734983,-3.6534986,-0.6134985,1.1965015,2.1165016,3.9965014,5.3165016,5.6365013,6.7765017,6.5665016,7.4065013,8.886501,7.9965014,7.8865013,9.456501,8.956501,9.876501,9.856502,8.986502,8.136501,5.5665016,4.5065017,5.1665015,5.3565016,4.8765016,5.2065015,5.3065014,3.8965015,2.4665015,0.44650146,2.2065015,4.8665013,6.0965014,7.3365016,8.6865015,9.176501,8.516501,7.0465016,6.7465014,7.4865017,9.426501,-11.163499,-9.023499,-9.393498,-5.4934983
-3.3234985,-7.1934986,-11.783499,-18.2235,-16.8835,-15.983499,-14.323499,-13.133498,-12.153499,-12.303498,-10.603498,-9.253498,-7.3634987,-6.7734985,-4.4434986,-1.7234986,-0.8534985,1.1465014,3.0665014,5.0765014,5.0365014,5.6065016,6.7865014,7.3565016,7.5265017,7.2665014,7.5865016,8.1865015,8.326502,8.516501,9.226501,9.136501,9.286502,9.026502,7.7565017,6.2665014,4.1965013,5.2565017,5.4965014,6.2565017,5.3665013,4.0665016,3.3365014,2.1265016,-0.89349854,2.2965014,3.8365014,5.5465016,6.8365016,8.6865015,9.496502,8.886501,7.216501,5.216501,7.4765015,2.7565014,-7.3034987,-6.9634986,-9.243499
-4.6134987,-5.2534986,-9.8134985,-17.073498,-17.983498,-15.963498,-14.233499,-14.253498,-13.413499,-11.963498,-11.093498,-10.253498,-8.303498,-6.9334984,-5.2234983,-3.1034985,-0.8434985,1.5065014,3.5465014,4.1965013,3.4665015,5.4165015,6.3465014,7.2865014,7.4365015,7.5665016,7.1065016,6.9965014,8.576502,8.456501,7.7365017,8.166501,8.456501,7.9265013,7.5665016,6.7565017,6.1365013,5.7265015,6.1065016,6.4565015,6.0865016,5.3765016,3.4865015,2.1665015,0.15650147,-0.6634985,1.2965015,3.3965015,5.4465013,6.9265013,8.016501,9.736502,7.8265014,7.4365015,5.6165013,6.6165013,8.666501,-8.463498,-11.193499
-6.0534987,-4.8534985,-7.1234984,-13.303498,-17.1435,-16.7135,-16.033499,-15.093498,-14.053498,-13.453499,-11.303498,-11.523499,-9.703499,-6.8634987,-5.8234987,-3.0534985,-1.1334985,0.97650146,3.2465014,4.5365014,3.6965015,6.0565014,6.6965013,7.1165013,6.716501,6.4565015,6.7565017,7.4165015,7.9465013,8.106502,8.086501,7.8065014,7.466501,8.006501,7.5565014,6.8265014,6.2265015,6.2265015,6.6165013,6.9465013,5.2665014,4.7965016,4.3565016,2.4665015,1.5165014,-1.0734985,0.056501463,1.0865015,3.1265016,5.8765016,7.5065017,9.176501,10.206501,9.716501,5.9765015,3.4065015,4.5765014,-7.1834984,-11.753498
-6.8134985,-5.5634985,-5.6734986,-12.033499,-18.413498,-17.673498,-16.773499,-15.753498,-14.843498,-13.523499,-12.403499,-12.113499,-10.113499,-7.0834985,-6.4634986,-3.4834986,-0.9234985,1.2065015,2.0365014,3.0365014,3.9765015,5.3265014,6.4565015,6.0365014,6.5965014,6.8465014,6.1165013,7.8065014,7.6365013,7.2465014,7.0165014,7.2265015,7.5665016,7.6565013,7.2065015,6.3865013,6.5565014,5.5665016,5.966501,6.5465016,6.5265017,4.3365016,3.7665014,3.1565015,1.9865015,0.7165015,-0.44349852,0.13650146,1.2465014,1.8965014,5.6965013,7.4065013,8.956501,9.526502,12.216501,5.4965014,3.8865016,6.8665013,-12.213498
