json/gfs_20240724_06.json
{"header": { "discipline":0, "disciplineName":"Meteorological products", "gribEdition":2, "gribLength":79570, "center":7, "centerName":"US National Weather Service - NCEP(WMC)", "subcenter":0, "refTime":"2024-07-24T06:00:00.000Z", "significanceOfRT":1, "significanceOfRTName":"Start of forecast", "productStatus":0, "productStatusName":"Operational products", "productType":1, "productTypeName":"Forecast products", "productDefinitionTemplate":0, "productDefinitionTemplateName":"Analysis/forecast at horizontal level/layer at a point in time", "parameterCategory":2, "parameterCategoryName":"Momentum", "parameterNumber":3, "parameterNumberName":"V-component_of_wind", "parameterUnit":"m.s-1", "genProcessType":2, "genProcessTypeName":"Forecast", "forecastTime":0, "surface1Type":103, "surface1TypeName":"Specified height level above ground", "surface1Value":10.0, "surface2Type":255, "surface2TypeName":"Missing", "surface2Value":0.0, "gridDefinitionTemplate":0, "gridDefinitionTemplateName":"Latitude_Longitude", "numberPoints":65160, "shape":6, "shapeName":"Earth spherical with radius of 6,371,229.0 m", "gridUnits":"degrees", "resolution":48, "winds":"true", "scanMode":0, "nx":360, "ny":181, "basicAngle":0, "lo1":0.0, "la1":90.0, "lo2":359.0, "la2":-90.0, "dx":1.0, "dy":1.0 }, "data":
[rows 78 to 103 of 181, columns 0 to 58 of 360]
2.7031348,1.9531348,1.9631348,1.3231348,2.9731348,2.9031348,3.0431347,2.6231349,2.6831348,2.7031348,1.4431348,2.2131348,3.5231347,3.5231347,3.2831347,3.4131348,2.2931347,3.0331347,1.4131348,0.8931348,0.85313475,1.4831347,-0.106865235,-2.2568653,-2.8568652,-0.76686525,2.7231348,3.1831348,2.8931348,2.7531347,2.6631348,1.7731347,4.4331346,4.1831346,1.6331347,1.4531348,0.77313477,3.9831347,1.2331347,1.2131348,1.2831348,5.633135,5.903135,-0.94686526,3.5531347,6.1631346,10.753135,15.973135,3.0331347,8.963135,3.2631347,-0.9168652,14.853135,13.803135,14.193134,12.103135,13.343135,11.433135,8.973135
2.7431347,1.7931348,1.6131347,1.9131348,1.8731347,1.8231348,1.8031348,1.0031347,1.3331348,1.0631348,1.3131348,2.3231347,3.6731348,3.3431349,1.7931348,2.2131348,2.1731348,1.2831348,1.0631348,-0.13686523,-0.8768652,-1.0368652,-1.8568653,-2.6568651,-1.4268652,0.6431348,1.5331348,1.4131348,2.2431347,2.0731347,1.7831348,0.9331348,1.8731347,1.3531348,0.8131348,0.92313474,0.20313476,-0.31686524,1.6931348,-0.07686523,-0.14686523,6.7931347,5.7331347,3.8431349,-0.96686524,11.593135,5.3331347,16.743135,11.003135,9.103135,10.073134,11.673135,15.123135,14.283134,11.123135,11.453135,12.053135,11.533134,11.883135
2.0631347,1.7631347,1.7731347,2.4631348,1.5331348,1.2631347,1.0431348,1.0931348,1.3931347,1.0131347,1.4031348,2.1231349,1.9431348,1.3031348,1.1431347,2.4531348,1.0731348,0.7531348,0.48313478,-0.58686525,-1.7568653,-1.4968653,-1.6068653,0.033134766,0.90313476,0.90313476,0.7531348,1.5331348,1.1931348,0.78313476,0.66313475,0.33313477,0.53313476,0.28313476,0.023134766,0.43313476,0.36313477,-0.6068652,0.27313477,-0.35686523,1.0731348,3.8031347,9.053135,6.8731346,8.223135,6.4331346,13.723135,8.963135,8.693134,10.353135,9.873135,9.903134,12.153134,11.193134,10.933135,8.373135,7.8931346,9.943134,9.103135
2.3531349,0.16313477,1.3431348,1.8531348,2.2831347,1.7531347,0.7531348,0.36313477,0.7031348,-0.29686522,1.4831347,1.2931348,0.8731348,1.1131347,0.8731348,0.7531348,0.78313476,0.23313476,-0.16686523,-0.95686525,-0.84686524,-0.8068652,0.45313478,0.55313474,1.1631348,0.09313477,1.0531348,1.1731348,0.5731348,0.59313476,0.41313475,0.103134766,-0.59686524,-0.026865235,0.19313477,-0.9168652,0.26313478,0.39313477,-1.2368653,-1.9768653,4.693135,1.4331348,3.3131347,7.033135,8.703135,9.343135,10.653134,8.733135,7.463135,8.323134,8.403134,10.983135,10.663135,10.203135,9.413135,8.443134,7.4131346,7.3931346,7.153135
2.9931347,0.013134765,1.8631347,0.91313475,1.3331348,1.8931347,1.6731348,1.0031347,1.4731348,1.5731348,1.5231347,0.26313478,0.34313476,0.98313475,0.65313476,-0.6068652,0.073134765,-0.40686524,-0.07686523,-0.53686523,-0.6168652,0.043134764,0.023134766,0.78313476,0.20313476,0.79313475,0.06313477,0.80313474,0.5631348,0.97313476,0.84313476,-0.09686524,-0.46686524,0.38313475,-0.0068652346,-0.15686524,-0.6168652,-0.5468652,-1.2468653,4.653135,-0.38686523,-0.13686523,7.2931347,7.6431346,8.983135,8.433135,9.173135,8.053135,9.463135,11.283134,9.783134,9.793135,9.383135,8.953135,8.613134,9.223135,8.363134,6.783135,6.803135
2.6631348,1.3131348,2.1231349,1.0931348,-0.19686523,-0.26686522,0.023134766,0.91313475,1.5931348,3.0231347,-0.026865235,0.17313476,-0.50686526,0.35313475,-0.066865236,1.4631348,0.39313477,0.8331348,-0.46686524,-0.44686523,-0.43686524,0.023134766,-0.14686523,-0.056865234,-0.38686523,-0.21686524,0.25313476,0.16313477,0.45313478,-0.48686522,-0.5568652,0.09313477,0.043134764,-0.24686523,-1.0668652,-0.5468652,-0.83686525,-0.48686522,1.4831347,0.67313474,0.55313474,7.823135,8.723135,7.7531347,8.453135,8.093135,7.713135,7.8731346,7.5631347,7.593135,9.003135,9.553135,9.053135,8.733135,8.893135,7.5231347,6.323135,6.3531346,6.263135
2.1631348,3.9331348,5.6031346,5.223135,4.6631346,1.9831347,0.66313475,1.1931348,1.0931348,0.43313476,1.1231347,-0.44686523,-0.33686525,-0.71686524,-0.45686522,-0.21686524,0.33313477,-0.11686523,-0.31686524,-0.48686522,0.12313476,0.24313477,0.16313477,0.24313477,-0.6268652,-0.15686524,-0.36686525,0.37313476,-0.36686525,-0.036865234,0.49313477,0.46313477,-0.63686526,-1.4068652,-1.7568653,-1.5868652,-0.30686525,2.5931349,2.6031349,0.80313474,3.9731348,6.743135,11.363134,8.653134,7.8131347,8.333135,7.8131347,9.143135,8.873135,10.193134,9.503135,9.283134,8.9931345,7.863135,6.863135,6.1631346,5.3531346,5.343135,5.633135
4.3331347,4.653135,4.553135,4.7731347,5.423135,6.6631346,1.7131348,0.9431348,1.1731348,0.6931348,0.073134765,0.39313477,0.16313477,-0.43686524,-1.0868652,-0.32686523,-0.43686524,0.34313476,-0.09686524,-0.016865235,-0.48686522,0.22313477,-0.066865236,-0.106865235,-0.25686523,-0.15686524,-0.20686524,-0.64686525,0.34313476,0.37313476,-0.24686523,0.32313478,0.053134765,-0.08686523,-1.6368653,-0.34686524,4.9331346,3.0331347,1.3931347,3.0931349,6.243135,7.743135,7.743135,9.193134,8.723135,7.9831347,9.973135,9.233135,9.963135,8.623135,8.313135,7.613135,7.153135,6.823135,5.9831347,5.323135,4.2731347,4.513135,4.9831347
5.3331347,4.943135,5.3331347,6.0031347,6.053135,6.173135,5.6231346,4.2331347,2.6131349,-0.84686524,0.13313477,0.25313476,-0.57686526,-0.76686525,-0.9268652,-0.82686526,-0.6668652,-0.40686524,-0.48686522,-1.0368652,0.013134765,-0.066865236,0.42313477,-0.11686523,-0.32686523,-0.25686523,-0.70686525,-0.27686524,0.0031347657,0.6831348,0.17313476,-0.6168652,-0.9168652,-1.0468652,-0.83686525,1.2031348,2.7031348,3.8631349,6.263135,8.523135,7.993135,7.973135,7.553135,8.683135,10.463135,11.513135,9.593135,8.783134,6.763135,7.193135,6.993135,6.9131346,6.7931347,6.0431347,6.0431347,5.5831347,5.323135,5.113135,5.2931347
6.053135,5.8131347,5.9531345,6.653135,6.943135,5.9531345,4.283135,3.4631348,3.0531347,2.0331347,1.2231348,-0.8568652,-0.63686526,-0.43686524,-0.35686523,-0.5668652,-0.6268652,-0.38686523,-0.7368652,-0.26686522,-0.29686522,-0.036865234,-0.40686524,-0.11686523,-0.15686524,-0.51686525,-0.48686522,-0.13686523,-0.28686523,-0.12686524,0.16313477,-0.42686522,-1.5368652,-1.4768653,-1.8868653,-1.8268652,1.9231348,9.303135,5.943135,7.8131347,7.963135,8.163135,10.733135,10.513135,7.323135,7.7331347,7.383135,7.283135,7.553135,6.923135,6.923135,6.653135,5.653135,6.2031345,6.173135,5.113135,5.213135,4.943135,5.493135
7.923135,7.263135,6.8731346,6.243135,5.7931347,5.263135,3.6731348,3.5131347,5.1631346,5.8331347,0.7631348,-0.24686523,-0.39686525,-0.08686523,0.22313477,-0.40686524,-0.52686524,-0.39686525,-0.19686523,0.14313477,0.113134764,-0.106865235,0.20313476,-0.27686524,-0.53686523,-0.14686523,-0.52686524,0.43313476,-0.32686523,-0.40686524,0.043134764,-0.22686523,-0.31686524,-1.4968653,-1.2468653,-0.29686522,1.1431347,-0.20686524,3.7531347,8.723135,8.333135,7.573135,7.8131347,6.8131347,5.7531347,6.783135,7.133135,8.003135,8.133135,7.803135,7.343135,6.763135,6.3731346,5.6231346,5.553135,4.883135,5.263135,6.303135,7.263135
6.8331347,6.7731347,5.5031347,5.3531346,5.513135,5.193135,6.613135,1.9831347,5.4531345,5.283135,0.5731348,0.46313477,0.30313477,0.19313477,0.20313476,0.6431348,-0.23686524,-0.41686523,0.16313477,0.18313476,-0.036865234,-0.37686524,-0.7368652,-0.49686524,-1.1468652,-0.9368652,-0.64686525,-0.7468652,-0.49686524,-0.15686524,0.52313477,0.47313476,-0.066865236,-0.036865234,-0.43686524,-0.6868652,0.7531348,1.3331348,6.2931347,8.9931345,8.373135,7.4831347,7.013135,5.2331347,7.093135,6.553135,7.213135,8.173135,8.183135,7.4331346,7.2931347,6.9131346,7.443135,6.653135,6.153135,5.2531347,7.223135,7.5831347,8.223135
4.823135,4.613135,4.153135,5.3731346,5.6631346,4.9831347,5.033135,4.943135,5.6631346,5.0031347,1.2631347,0.36313477,0.16313477,-0.38686523,0.35313475,0.16313477,0.39313477,-0.16686523,-0.7968652,-1.2268653,-0.9368652,-1.2068652,-1.0368652,-1.3168652,-1.0868652,-0.72686523,0.023134766,-0.59686524,0.06313477,-0.036865234,0.7531348,0.41313475,-0.29686522,-1.6868652,-1.3668653,0.40313476,3.1731348,3.8931348,1.6831348,7.5031347,7.4131346,7.6231346,5.2731347,7.2031345,8.143135,7.463135,7.403135,7.2331347,7.2731347,6.883135,7.1431346,7.443135,7.8131347,7.303135,7.303135,6.963135,8.143135,8.333135,8.533134
5.073135,4.593135,3.9531348,5.493135,5.0831347,5.303135,4.883135,5.553135,5.6031346,2.7131348,2.5331347,0.29313478,0.19313477,0.19313477,0.52313477,0.41313475,-0.23686524,0.9331348,0.113134764,-0.38686523,-0.84686524,-0.5568652,-0.40686524,-0.5568652,-1.0168653,-1.0368652,-1.1668652,0.19313477,-0.19686523,0.42313477,0.5131348,1.1231347,2.1531348,1.0931348,0.97313476,-0.5568652,2.0531347,-0.24686523,3.1731348,6.343135,5.9331346,4.533135,6.6031346,7.9331346,7.363135,6.8731346,7.463135,7.243135,7.3731346,6.723135,6.803135,7.443135,7.823135,7.6231346,8.263135,8.573134,8.403134,8.683135,8.123135
5.0231347,4.3131347,4.8331347,5.3131347,5.3931346,4.9531345,4.0031347,4.693135,5.923135,5.863135,1.3231348,0.54313475,0.61313474,1.2931348,2.2831347,1.4731348,2.4031348,0.39313477,0.36313477,0.073134765,-0.30686525,-0.066865236,-0.78686523,-0.7368652,-0.7368652,-0.49686524,-0.94686526,-0.15686524,-0.0068652346,1.1731348,-0.026865235,1.5631348,7.533135,5.1031346,0.42313477,-0.53686523,-0.52686524,0.33313477,-0.0068652346,5.303135,5.723135,4.223135,7.0431347,7.9131346,7.573135,7.7331347,7.6831346,6.8731346,6.633135,7.0031347,7.0831347,7.5431347,7.403135,6.9531345,6.613135,7.693135,8.643135,8.403134,7.943135
5.243135,4.883135,5.3331347,4.7331347,5.3131347,4.493135,5.5031347,5.6031346,5.9131346,4.783135,3.5431347,0.08313476,0.5631348,0.49313477,0.38313475,1.2331347,1.1031348,0.34313476,-0.5668652,-0.58686525,-0.69686526,-0.7468652,-0.38686523,-0.36686525,-1.0568652,-1.0068653,-0.51686525,0.033134766,-0.21686524,-1.3468652,0.8931348,1.8531348,3.0631347,3.2931347,1.1731348,0.55313474,2.8731349,3.9131348,3.0731347,7.0631347,5.693135,7.283135,7.553135,7.923135,8.063135,7.573135,7.673135,6.943135,6.633135,6.3731346,6.923135,7.8131347,7.673135,6.9831347,5.9331346,6.713135,7.513135,7.7331347,8.143135
4.7331347,4.0231347,4.463135,5.093135,5.713135,6.5831347,6.2031345,6.6031346,6.0631347,5.363135,4.4831347,2.2431347,0.98313475,0.06313477,0.45313478,1.0931348,0.72313476,0.19313477,-0.0068652346,-0.64686525,-1.1068653,-0.28686523,0.48313478,-0.49686524,-0.6268652,-1.0168653,-0.026865235,-0.7468652,-0.31686524,0.5031348,0.78313476,2.0031347,2.5831347,1.9931347,1.5431348,0.013134765,2.0931349,2.4031348,0.80313474,4.6631346,6.723135,7.693135,7.5031347,7.3731346,7.9131346,6.973135,7.3931346,7.5831347,7.4131346,7.2931347,7.7031345,7.943135,8.813135,7.973135,7.263135,6.4131346,6.6831346,7.553135,7.713135
4.5431347,5.463135,5.7531347,5.533135,6.1031346,5.7331347,5.3331347,5.3731346,6.223135,5.7531347,3.2531347,3.1731348,1.1931348,0.20313476,1.5731348,2.2331347,0.65313476,0.7031348,0.52313477,0.44313475,0.8331348,0.60313475,0.38313475,0.72313476,0.72313476,-0.19686523,0.52313477,0.72313476,-0.11686523,0.15313476,0.54313475,2.1731348,1.6331347,1.4831347,2.2731347,0.66313475,-0.41686523,1.5231347,1.6931348,5.0231347,7.343135,6.493135,5.423135,6.243135,7.513135,7.403135,7.7031345,8.303135,8.623135,8.713135,7.8331347,7.5831347,8.033134,8.433135,6.743135,4.9531345,5.3531346,6.323135,7.5631347
4.323135,4.9831347,5.5231347,6.0031347,5.7931347,5.613135,5.633135,5.5831347,5.4531345,5.1631346,5.113135,4.8931346,3.5131347,0.77313477,1.2131348,1.3631347,0.7531348,0.37313476,0.77313477,1.5331348,0.38313475,0.46313477,0.92313474,1.5031347,1.1031348,0.9331348,2.0831347,2.1731348,1.0731348,0.5731348,1.7631347,0.8931348,2.1131349,2.0331347,1.9231348,0.113134764,0.41313475,1.6531348,2.5731347,5.963135,6.093135,5.863135,4.923135,6.4131346,7.0431347,7.533135,7.8731346,8.093135,8.573134,8.033134,8.373135,8.973135,8.153134,8.233135,8.003135,6.9131346,5.0231347,5.693135,7.4131346
5.4831347,5.4831347,5.7931347,6.2331347,5.783135,6.093135,6.263135,6.223135,6.3531346,6.8931346,6.8731346,6.1431346,4.193135,1.6331347,2.2931347,-0.08686523,-0.32686523,0.073134765,1.0131347,2.0731347,1.8331348,2.0431347,1.2631347,2.1131349,1.7531347,2.1631348,1.2331347,2.2131348,1.4331348,0.06313477,2.5631347,-0.43686524,0.8131348,1.3831347,1.6731348,1.9431348,0.5031348,1.2131348,1.2531347,2.2431347,6.3331347,5.6831346,5.3331347,6.263135,6.633135,7.533135,7.323135,7.6231346,8.343135,8.663135,7.7731347,8.333135,8.303135,7.6631346,7.8731346,7.9831347,7.1031346,7.213135,7.6631346
5.7931347,5.973135,6.193135,6.3931346,6.2031345,6.113135,5.5831347,5.4531345,5.553135,5.943135,6.133135,6.443135,6.073135,5.1431346,0.6831348,0.34313476,1.4031348,1.4731348,0.39313477,1.5631348,2.2531347,1.4631348,1.2831348,1.3831347,1.7431347,2.7431347,0.8331348,0.37313476,2.4931347,0.5831348,-0.78686523,-0.40686524,2.2031348,1.2031348,2.9331348,0.9431348,1.0731348,-0.45686522,1.6331347,1.1631348,6.673135,6.3131347,5.053135,5.3531346,5.263135,6.0631347,6.343135,6.653135,7.2731347,8.103135,8.773135,8.423135,8.113134,8.333135,8.043135,7.8131347,6.923135,6.7931347,7.263135
5.8331347,5.7731347,5.7731347,6.283135,6.323135,6.113135,5.8731346,6.113135,6.463135,6.4831347,6.223135,5.963135,4.653135,4.4531345,1.0331348,0.60313475,1.0331348,0.79313475,1.3331348,0.97313476,1.9831347,1.9531348,1.0431348,1.2831348,1.6731348,1.5531348,0.30313477,1.1231347,1.9231348,2.1231349,1.1731348,1.6331347,1.6031348,-0.51686525,-0.59686524,1.0731348,1.2031348,-0.36686525,0.98313475,2.6231349,7.303135,6.2931347,5.843135,4.113135,4.5031347,4.903135,5.133135,6.303135,6.693135,7.8131347,8.783134,8.383135,8.123135,7.383135,7.323135,7.4331346,7.5031347,6.783135,7.1631346
6.963135,6.7531347,6.493135,6.1631346,6.403135,6.7931347,6.973135,7.283135,6.9131346,6.593135,5.7731347,5.0431347,4.243135,2.6131349,0.54313475,0.43313476,1.1831348,1.4931347,1.4931347,1.9831347,1.8431348,2.1631348,1.7031348,1.0331348,1.6631348,1.7131348,2.9931347,1.3431348,1.5531348,2.0431347,2.6931348,1.1031348,-0.5468652,-0.09686524,-1.2268653,-0.6868652,0.5031348,0.47313476,1.6531348,0.5031348,4.823135,5.5031347,4.863135,4.8731346,3.3931348,1.9231348,3.6231349,4.993135,6.9831347,7.863135,8.353135,8.233135,8.713135,7.6031346,6.8331347,6.7731347,7.0431347,7.073135,5.723135
6.8331347,7.053135,7.383135,6.8931346,6.763135,7.3331347,7.473135,7.153135,6.653135,6.7331347,6.2031345,5.2931347,3.4431348,1.9231348,0.053134765,1.4431348,1.2931348,1.8231348,1.4231348,1.0731348,1.5731348,1.9031348,1.3331348,1.7731347,1.1831348,1.3131348,0.41313475,1.7031348,-0.016865235,0.59313476,0.49313477,0.6331348,1.3531348,-0.11686523,-0.78686523,0.46313477,0.98313475,0.74313474,1.7731347,0.25313476,2.6631348,6.013135,4.8131347,2.4831347,2.5131347,2.1431348,0.8831348,2.9131348,6.423135,7.9331346,7.593135,8.693134,8.453135,7.403135,5.5431347,5.513135,5.3531346,5.3731346,5.493135
6.463135,6.8131347,6.9831347,7.3531346,7.743135,7.8731346,8.073134,8.053135,7.533135,7.363135,6.973135,5.783135,3.7631347,2.1031349,-0.17686523,0.60313475,-0.22686523,0.91313475,1.6531348,1.0631348,2.1131349,2.1531348,2.4031348,0.73313475,0.77313477,-0.29686522,0.29313478,-0.13686523,1.1631348,-0.16686523,-0.046865236,0.44313475,0.17313476,-0.46686524,0.72313476,-0.6268652,0.99313474,1.3031348,2.3831348,2.4431348,1.8331348,5.363135,4.443135,4.1231346,4.0431347,3.0531347,2.6631348,1.1131347,0.39313477,6.533135,8.7431345,8.033134,6.553135,6.823135,4.843135,4.0231347,4.633135,4.243135,4.8331347
6.053135,6.2731347,6.823135,7.263135,7.473135,7.9531345,8.113134,7.883135,7.4831347,7.223135,7.303135,6.1831346,4.443135,0.36313477,0.55313474,0.27313477,-0.50686526,0.09313477,0.74313474,1.1731348,1.2531347,2.0531347,2.0931349,-0.38686523,-0.58686525,-0.48686522,-0.08686523,0.44313475,-0.43686524,0.98313475,1.0731348,0.21313477,0.44313475,0.113134764,1.3831347,-0.89686525,-0.24686523,0.8131348,2.7931347,3.3131347,3.0431347,5.9331346,4.8331347,4.593135,4.1431346,4.4331346,3.6531348,-0.6168652,1.2031348,0.99313474,9.693134,7.863135,7.223135,8.623135,7.7331347,5.943135,3.9031348,4.193135,3.6131349
