json/gfs_20240721_06.json
{"header": { "discipline":0, "disciplineName":"Meteorological products", "gribEdition":2, "gribLength":79628, "center":7, "centerName":"US National Weather Service - NCEP(WMC)", "subcenter":0, "refTime":"2024-07-21T06:00:00.000Z", "significanceOfRT":1, "significanceOfRTName":"Start of forecast", "productStatus":0, "productStatusName":"Operational products", "productType":1, "productTypeName":"Forecast products", "productDefinitionTemplate":0, "productDefinitionTemplateName":"Analysis/forecast at horizontal level/layer at a point in time", "parameterCategory":2, "parameterCategoryName":"Momentum", "parameterNumber":3, "parameterNumberName":"V-component_of_wind", "parameterUnit":"m.s-1", "genProcessType":2, "genProcessTypeName":"Forecast", "forecastTime":0, "surface1Type":103, "surface1TypeName":"Specified height level above ground", "surface1Value":10.0, "surface2Type":255, "surface2TypeName":"Missing", "surface2Value":0.0, "gridDefinitionTemplate":0, "gridDefinitionTemplateName":"Latitude_Longitude", "numberPoints":65160, "shape":6, "shapeName":"Earth spherical with radius of 6,371,229.0 m", "gridUnits":"degrees", "resolution":48, "winds":"true", "scanMode":0, "nx":360, "ny":181, "basicAngle":0, "lo1":0.0, "la1":90.0, "lo2":359.0, "la2":-90.0, "dx":1.0, "dy":1.0 }, "data":
[rows 52 to 77 of 181, columns 59 to 117 of 360]
0.09495361,0.24495362,-0.7350464,-1.9250464,-5.2850466,-6.1750464,-8.485046,2.2849536,2.5349536,1.9949536,2.1349535,0.55495363,3.0849535,0.6449536,0.7649536,1.7549536,1.3249536,0.13495362,-1.7950463,-4.3050466,-3.9650464,-2.5350463,-0.9750464,-1.2550464,-1.7350464,-2.7050464,-4.8850465,-7.8050466,-4.4650464,1.2649536,-0.6750464,0.38495362,-1.9950464,-4.1950464,-6.1250463,-0.22504638,2.5449536,-0.33504638,0.7149536,-3.4050465,2.7649536,-1.4850464,-2.4650464,-2.5750463,-2.6850464,-1.1150464,-1.7250464,-2.6550465,-1.4450464,1.0749536,-2.2050464,-0.81504637,4.7649536,2.0549536,3.7549536,1.3149536,4.5149536,5.6249537,5.314954
0.0049536135,-1.6550463,-1.4750464,-2.1150465,-3.8550463,-4.5550466,-3.6750464,-0.8050464,0.12495361,-2.4350464,-0.40504637,0.61495364,0.014953613,-0.51504636,0.35495362,1.9849536,1.0849537,2.0549536,-2.3850465,-2.2550464,-3.6350465,-2.7650464,-3.5750463,-0.8550464,-2.5750463,-4.895046,-3.8150463,-3.2850463,-4.0250463,-4.4950466,-5.6150465,-3.9650464,-1.3750464,-5.7350464,-1.2550464,-2.1750464,-4.5150466,0.7249536,2.4149537,1.8749536,1.6849536,0.34495363,2.4549537,2.0449536,1.1849536,-1.5450463,-0.1650464,-1.0850464,-1.4050463,0.31495363,0.5649536,3.9649537,3.2849536,0.08495361,3.5949535,1.1849536,6.3949537,5.7649536,5.524954
1.5849537,-1.2150464,-4.935046,-4.2950463,-1.5050464,-1.8350464,-4.1250463,-2.3350463,-2.8050463,-3.0850463,-4.0550466,-3.1650465,-0.24504639,0.99495363,-0.3550464,-1.8350464,1.1349536,1.5949537,2.6849537,-2.8250463,-3.6050463,-3.9550464,-3.3750465,-3.0050464,-2.9350464,-2.2750463,-3.6250465,-3.7550464,0.5249536,-4.4250464,-5.2450466,-2.3650465,1.4549537,-2.3750465,-1.8650464,-2.7850463,-3.7750463,-5.975046,-4.3350463,-2.4950464,-2.9450464,-0.3450464,-0.81504637,1.5749536,0.5649536,-0.9650464,1.5149536,3.5249536,3.4849536,-1.5450463,2.1049535,1.5649536,3.0849535,1.9849536,3.2649536,3.8049536,4.4949536,5.4849534,5.5949535
2.0749536,-1.0250463,-6.145046,-6.1050463,-3.7450464,-0.9050464,-2.8050463,2.6049535,3.7549536,-3.2350464,0.9649536,3.7749536,2.4649537,2.4849536,1.9249536,2.0949535,1.3149536,-2.4850464,-2.1050463,2.8049536,4.3649535,-2.3150463,1.7949536,0.7949536,-1.6950464,-2.6150465,-2.7050464,-1.0550464,-2.4150465,-2.2750463,-2.7350464,3.8349535,4.9649534,5.6949534,2.6549537,1.3549536,0.8349536,-0.8550464,1.1149536,1.0649536,-1.3250464,-1.8950464,0.37495363,0.2649536,-1.0150464,-0.5950464,1.5649536,2.5249536,4.0149536,-1.0950464,2.9249537,2.4349537,-0.22504638,-0.12504639,0.98495364,4.6949534,5.1949534,5.3949537,5.084954
1.3049536,-0.56504637,-10.195046,-8.575047,-2.8550463,-1.6650463,1.8949536,1.9849536,2.0349536,-0.035046387,-0.2550464,2.6949537,-0.50504637,0.18495362,0.4249536,2.0649536,1.4349536,2.5449536,0.6249536,0.09495361,1.7649536,3.6549537,1.7249537,0.5249536,0.4849536,-0.9150464,-1.5150464,0.28495362,2.5849535,-0.23504639,3.9249537,4.9949536,2.0249536,1.4749537,-0.2550464,0.4549536,-1.1050464,-1.2750463,-2.0350463,0.054953612,1.1049536,2.1449537,1.8049536,0.41495362,-0.40504637,0.37495363,-0.1650464,2.6149535,1.5849537,0.4949536,-0.5250464,1.2149537,0.55495363,-0.23504639,4.104954,4.1349535,5.4449534,6.2849536,5.6349535
-4.5850463,-2.6150465,-13.085047,-7.145046,1.8049536,1.0549536,2.9049537,2.8849535,0.37495363,1.8149536,0.4849536,1.1949536,2.3449535,0.6249536,-0.015046387,2.6349535,2.4749537,1.0349536,1.7549536,1.1349536,2.9549537,3.9349537,0.9149536,0.9449536,0.4249536,-1.3150464,0.6349536,0.4949536,0.3049536,0.4849536,4.774954,2.8749535,3.0549536,0.4849536,0.7249536,1.4249536,1.1349536,0.7749536,0.5949536,0.5049536,0.86495364,-0.27504638,-0.8550464,-0.22504638,0.5649536,0.3349536,2.0449536,1.9349536,-0.8950464,-0.7950464,2.9049537,1.5449536,2.6149535,2.5649536,4.6849537,5.5749536,6.2049537,5.7649536,4.9749537
-2.1850464,-4.4850464,-15.925046,-9.3650465,-1.8850464,2.5149536,0.41495362,2.6149535,-0.42504638,-0.33504638,0.8749536,1.3149536,0.55495363,0.31495363,1.3849536,0.3049536,1.2749536,0.61495364,1.4649537,2.1249535,1.8049536,1.9349536,1.5649536,2.2949536,2.7649536,-1.0950464,-2.0350463,-1.8650464,2.4049537,2.4349537,3.3749535,0.7049536,2.6549537,2.5449536,0.4349536,2.3149536,2.5149536,1.2649536,2.0749536,1.7049537,0.7149536,-0.40504637,-1.1150464,0.5849536,1.5949537,0.67495364,2.3649535,2.8349535,2.6049535,3.0049536,1.5649536,-2.3650465,-0.82504636,2.6149535,5.6949534,6.6449537,6.7349534,4.084954,3.3649535
1.4949536,-1.3350464,-9.655046,-6.895046,-1.3050464,3.4449537,2.5249536,2.9049537,2.0249536,0.114953615,0.8249536,0.13495362,2.5849535,-0.46504638,1.1949536,0.67495364,0.8449536,1.9049536,0.8949536,0.7149536,0.114953615,4.7249537,1.1149536,4.2349534,1.6549536,0.8749536,-0.2650464,0.23495361,-2.5650463,-0.43504637,0.20495361,2.7849536,4.584954,2.2049537,4.8849535,2.6549537,2.1249535,-0.015046387,1.5149536,1.5949537,1.3749536,1.8849536,2.9749537,1.8749536,0.6949536,0.114953615,3.0749536,5.7549534,2.1649537,0.9149536,0.47495362,1.7649536,0.74495363,5.1949534,7.2849536,6.5349536,5.9449534,3.1349535,5.6849537
3.7849536,0.16495362,-2.2750463,-6.7950463,0.8549536,-1.4650464,-0.8350464,1.9049536,0.2649536,0.86495364,-0.9050464,1.3549536,0.8749536,1.5149536,0.93495363,0.6349536,0.41495362,1.5549536,2.4649537,3.3849535,0.7749536,1.0449536,1.2349536,3.4449537,-0.17504638,-0.24504639,1.1849536,0.5949536,2.8649535,3.0149536,3.5749536,3.0249536,2.9549537,3.0549536,0.99495363,1.3949536,0.15495361,2.5749536,-1.2950463,-0.095046386,2.7149537,3.8949537,1.6749536,0.4949536,-0.3450464,1.4149536,2.9349537,3.8449535,1.1749536,2.6349535,1.9049536,2.7249537,4.7349534,6.7549534,5.0949535,3.8849535,2.6149535,2.1249535,4.314954
-4.0450463,0.73495364,-1.6950464,-9.465046,-1.6450464,1.9649537,-0.6150464,-0.9750464,0.4949536,-1.0150464,2.1549537,0.4049536,1.9749537,-0.9050464,-1.2250464,1.6749536,1.0449536,1.3649536,1.6949536,2.8949537,2.8349535,1.7949536,2.1449537,2.7149537,1.7749536,1.4249536,0.41495362,1.6749536,3.5849535,-0.7850464,0.6249536,-1.7350464,-1.5650464,-3.3650465,-0.21504639,2.6449537,1.0649536,2.1849537,1.8049536,0.09495361,3.4049537,1.6449536,1.7649536,1.8349537,-0.50504637,-0.20504639,1.1849536,2.8049536,2.3549535,3.6549537,3.4949536,2.5549536,3.5749536,3.3649535,5.7849536,3.5349536,2.5049536,4.8449535,3.5649536
2.0949535,2.0649536,0.8749536,-4.145046,-5.0050464,0.17495361,-0.5850464,-1.1650463,0.3649536,1.8249536,0.8849536,2.7249537,0.4849536,-1.9650464,0.06495361,1.3049536,-0.1650464,1.5849537,1.5949537,2.5949535,1.7749536,2.7049537,4.3749537,2.8149536,1.0449536,-0.24504639,0.044953614,1.3949536,1.9649537,2.9049537,3.5549536,4.1649537,3.2149537,4.5049534,1.2249537,0.31495363,0.14495361,0.114953615,0.86495364,1.9449536,0.86495364,1.8349537,2.1349535,1.1149536,2.6449537,0.7049536,3.1549537,4.4049535,5.1549535,3.3849535,4.3949537,3.5749536,-0.9550464,4.0349536,4.2449536,2.0249536,5.354954,4.0049534,1.8649536
2.2949536,1.7949536,-1.1950464,-2.3650465,-8.125047,-1.6450464,-1.0350463,-0.3150464,1.3549536,1.4049536,1.2149537,0.8149536,-0.1650464,-1.2650464,2.2449536,-0.7350464,-0.3250464,2.0049536,1.3149536,1.7249537,1.6349536,1.2249537,1.3349537,0.74495363,-0.5950464,0.67495364,1.4249536,0.6049536,2.0049536,1.9449536,1.1549536,1.8649536,1.5749536,1.3649536,1.1549536,-3.8350463,0.32495362,1.0349536,1.2049537,0.4249536,0.6649536,-0.1350464,1.2649536,2.3749535,2.4449537,5.9649534,7.2049537,7.6749535,6.0749536,3.7449536,3.1149535,2.6549537,-0.025046386,4.274954,4.4649534,-1.1550463,4.1649537,2.3949537,0.6649536
1.1249536,1.4149536,3.2049537,0.99495363,1.5249536,-0.81504637,0.17495361,1.1049536,1.0249536,-0.43504637,1.0549536,2.6749537,2.1049535,2.7749536,-0.21504639,-1.1150464,0.68495363,1.4549537,-0.4850464,0.74495363,0.5249536,-0.015046387,-0.8050464,-0.055046387,-0.21504639,0.8249536,1.7649536,1.1549536,1.5949537,2.6649537,4.1649537,1.6249536,-0.22504638,-1.2250464,-2.0350463,-0.75504637,-0.4450464,0.4549536,0.18495362,0.7649536,0.8849536,0.4049536,0.37495363,1.0549536,2.5749536,5.1649537,3.1549537,5.9049535,4.1849537,3.0349536,2.0649536,2.9449537,1.8849536,2.7849536,4.4349537,2.6249535,3.9049537,0.8449536,-1.7050464
1.8049536,2.7949536,3.4949536,2.9549537,1.5849537,0.74495363,-0.0050463867,-0.82504636,-0.50504637,-1.5250463,2.7649536,4.1249537,4.544954,3.7949536,0.15495361,0.55495363,-0.9550464,0.2249536,0.044953614,-0.9050464,-1.0750464,-2.0850463,-1.7750463,-1.3050464,0.99495363,-0.23504639,0.6449536,1.7149537,1.5049536,2.1949537,3.3049536,3.3549535,2.5949535,1.9749537,1.7149537,1.0649536,1.4649537,0.8449536,0.7849536,0.17495361,-0.07504639,0.5649536,0.8549536,1.6149536,1.3749536,3.1749537,2.7049537,2.8549535,1.2249537,2.8649535,1.5649536,0.2249536,1.2449536,0.5149536,1.6449536,2.5549536,4.5049534,2.4349537,1.3949536
2.1849537,4.044954,3.7549536,2.8749535,1.9449536,0.92495364,-0.57504636,-2.9450464,-3.9150465,1.1649536,1.1749536,3.3549535,5.4049535,4.0949535,3.4449537,3.5849535,2.1949537,-0.9650464,-2.2850463,-0.14504638,-1.8750464,-2.0550463,-2.6550465,-0.8950464,-1.7250464,-0.6650464,0.9449536,1.0349536,1.7649536,2.6449537,3.8449535,4.9949536,4.9849534,1.9949536,-0.56504637,0.16495362,1.4049536,1.9149536,-0.1650464,0.4649536,0.98495364,-0.045046385,-0.12504639,1.7349536,1.5149536,1.7349536,1.3149536,0.4549536,1.8749536,2.4649537,2.3149536,1.6949536,1.8649536,0.6449536,1.6349536,2.6049535,1.5949537,3.0549536,3.2049537
-2.3650465,7.6149535,5.4249535,3.3749535,1.6749536,0.4349536,-0.105046384,-1.3350464,-1.9550464,1.5049536,3.4149537,4.6349535,3.3749535,4.2549534,4.8049536,3.7349536,0.8549536,-0.9950464,-3.6350465,-1.1650463,-1.6950464,-2.4150465,-1.9750464,-1.6850464,-0.7850464,-1.2750463,-0.9750464,1.5349536,2.7349536,4.1949534,5.0149536,5.7249537,7.564954,2.5149536,0.7749536,-0.025046386,2.6449537,3.7549536,1.1049536,0.4249536,0.034953613,-0.1650464,0.24495362,1.4149536,1.4149536,1.8049536,1.8049536,2.9749537,2.3349535,1.4349536,1.7249537,-2.3050463,1.2449536,1.2249537,1.8449537,2.3649535,3.0549536,3.1349535,2.0449536
2.0249536,7.354954,6.0049534,3.5649536,2.4549537,2.5849535,2.0349536,0.14495361,-0.7350464,0.93495363,1.8349537,3.5849535,1.7649536,3.9449537,5.3649535,2.9949536,2.1049535,2.5449536,2.1549537,-2.8050463,-3.5050464,-1.1250464,-0.56504637,-0.7150464,0.73495364,1.6349536,1.9849536,2.1149535,4.1249537,6.6549535,7.5349536,9.064954,8.834953,5.2849536,0.8549536,1.5649536,8.374953,8.1349535,0.18495362,0.9049536,0.024953613,-0.0050463867,0.5949536,0.6949536,0.7149536,-0.24504639,2.0649536,0.5449536,-1.4150463,1.8049536,0.9649536,2.2549536,0.2649536,0.6349536,0.34495363,0.32495362,1.5649536,1.9049536,2.5649536
5.5049534,6.1249537,7.2149534,6.9449534,4.4849534,2.4149537,3.1349535,2.2549536,2.3349535,2.9449537,3.8049536,3.8749535,3.1249535,6.2049537,6.4849534,3.2349536,1.2749536,-0.6850464,0.7049536,-1.1450464,-2.9150465,-0.9350464,0.9649536,1.5449536,1.6449536,1.4149536,0.18495362,3.8249536,7.3449535,8.654954,9.6349535,9.984954,9.514954,8.334953,1.9649537,0.7749536,7.2049537,6.4649534,2.2149537,1.0549536,0.4849536,0.8849536,0.7649536,0.44495362,-0.015046387,0.44495362,0.15495361,0.5349536,0.4949536,-2.6850464,-0.75504637,0.16495362,-1.3750464,1.2749536,3.1449537,3.1149535,3.3449535,3.2649536,3.3449535
7.0349536,7.104954,7.1349535,4.9649534,6.064954,4.6549535,4.314954,3.8849535,4.3749537,3.8949537,3.5149536,4.1849537,3.9949536,5.6849537,5.3749537,3.2849536,-0.7350464,1.8349537,1.1649536,0.28495362,0.41495362,1.7949536,1.4749537,3.5649536,4.9449534,1.5549536,2.1549537,5.8949537,9.284954,9.814954,11.304954,10.3849535,9.474954,8.824954,7.6349535,1.1749536,4.2149534,5.3449535,1.1249536,0.6349536,0.3949536,1.3449537,0.18495362,1.3849536,0.7549536,0.06495361,-0.2550464,-0.15504639,-4.185046,-3.6850464,1.5049536,-0.8750464,-2.6450465,3.3949537,3.8049536,6.1949534,6.5749536,5.9249535,5.1549535
8.094954,7.524954,5.3949537,6.5549536,6.3249536,5.084954,5.0049534,3.0349536,4.0349536,3.3949537,2.7349536,2.9149537,4.9749537,5.4549537,5.274954,2.0749536,1.0449536,2.4849536,2.4449537,2.0749536,0.4949536,0.9149536,2.2349536,3.3049536,3.0649536,1.3049536,8.914953,8.624953,9.3849535,10.504953,11.424953,10.624953,10.084953,8.914953,9.354954,4.2149534,1.9549537,1.8949536,0.17495361,1.0049536,-0.82504636,0.06495361,0.5149536,-0.065046385,-0.51504636,0.25495362,0.12495361,-3.6850464,-5.7450466,-8.1150465,-0.2550464,-1.4550464,0.4949536,1.5449536,6.3749537,7.1149535,6.6549535,6.8249536,6.5149536
11.024954,9.8849535,7.4949536,7.9249535,7.524954,6.4349537,6.3649535,6.084954,5.6649537,3.9949536,3.3549535,3.7449536,3.3749535,3.0549536,3.7249537,0.44495362,2.1849537,2.8949537,2.8849535,1.9349536,1.1449536,3.0249536,3.0249536,1.6249536,3.3049536,8.914953,7.9149537,8.714953,9.8849535,11.444954,10.934954,10.054954,9.1349535,9.694954,9.254953,7.6949534,1.6949536,1.1749536,0.7849536,1.5649536,0.7949536,1.0549536,0.4349536,-0.75504637,-0.5950464,1.6149536,1.1649536,-2.7450464,-5.895046,-6.7150464,-3.5950463,-9.315046,-1.2750463,5.7849536,8.104954,7.3449535,7.5049534,6.7249537,6.7149534
11.094954,10.514954,11.334953,8.864954,8.874953,8.664953,7.3049536,7.2149534,5.584954,4.854954,4.1949534,4.274954,4.2649536,4.2649536,2.8149536,1.8549536,3.4349537,3.0249536,1.9049536,1.7749536,1.7349536,1.6749536,2.5549536,0.99495363,5.1549535,6.5349536,7.9249535,8.584953,10.484954,11.094954,10.534954,9.974954,9.924953,8.774954,8.444954,8.604954,4.4949536,2.9449537,3.1249535,0.5349536,0.8449536,0.3949536,-0.21504639,-0.6750464,0.5649536,1.7149537,1.2449536,1.1549536,-3.0450463,-3.9150465,-8.345046,-9.215046,-11.575047,14.074954,12.234954,9.114954,7.524954,6.854954,6.7649536
9.064954,8.844954,9.474954,9.244953,8.3849535,7.064954,6.604954,6.834954,6.774954,6.274954,5.6549535,5.2649536,4.7849536,4.1449537,3.5949535,1.6749536,2.5449536,3.7249537,1.6649536,1.2349536,0.7749536,-0.22504638,2.0649536,4.5549536,5.8449535,6.2449536,6.9649534,8.8849535,10.544953,11.174953,10.654954,10.854954,9.874953,8.824954,8.124953,7.6449537,3.9649537,3.0049536,3.6149535,0.9549536,-0.0050463867,-0.7150464,1.5549536,2.0649536,5.5949535,2.9149537,1.4849536,0.9749536,0.9649536,-0.9250464,-3.4850464,-5.8150463,-2.5550463,11.004953,11.274954,9.234954,8.184954,6.9949536,6.6249537
10.964953,9.024954,9.194954,8.784954,7.4549537,7.8049536,7.4149537,6.9849534,6.1249537,5.5749536,6.064954,4.5149536,3.9249537,3.9449537,4.3649535,3.0949535,3.1649537,2.5649536,1.4549537,1.0049536,0.17495361,2.0349536,3.0249536,4.3049536,4.6649537,6.0749536,7.3449535,9.684954,9.714953,10.364954,10.404954,10.164953,8.834953,8.344954,8.104954,6.6749535,5.294954,5.3449535,3.8249536,0.3949536,0.2749536,-1.5450463,1.8249536,0.73495364,0.5749536,1.7649536,1.6649536,0.08495361,0.9049536,0.7749536,2.1049535,-1.3550464,1.8449537,5.3449535,7.1949534,7.314954,8.714953,8.554954,7.4949536
10.234954,8.144954,9.064954,6.834954,7.6349535,6.774954,6.2349534,5.6449537,6.064954,5.0149536,3.6349535,4.4449534,4.4949536,4.0549536,4.3849535,3.2749536,2.4849536,2.5249536,2.9549537,0.5649536,0.3049536,-2.4450464,5.354954,4.9949536,5.024954,7.064954,7.4849534,9.124953,9.264954,9.904954,10.094954,9.8849535,8.894954,8.104954,7.5949535,6.1249537,5.044954,4.6249537,4.294954,1.5049536,-0.5550464,1.0049536,1.1149536,0.5249536,2.7349536,-0.015046387,-0.21504639,1.4149536,0.5949536,1.0049536,1.6149536,1.3849536,2.4949536,5.2549534,4.9149537,6.0949535,7.9849534,9.144954,8.594954
10.164953,8.964953,7.9149537,6.8749537,6.0149536,5.9149537,5.9449534,5.6749535,4.8849535,4.0949535,3.8849535,4.2849536,2.9049537,2.9649537,2.5249536,3.2049537,0.5049536,1.6849536,1.7149537,2.4449537,0.4549536,0.4349536,4.584954,4.6749535,6.4849534,7.6649537,8.844954,8.224954,9.984954,10.294953,9.624953,9.154954,8.574954,8.004953,5.6649537,6.2849536,6.104954,4.084954,3.2849536,1.6549536,0.7949536,1.6049536,3.1149535,3.3949537,3.4549537,2.6749537,0.4949536,0.8949536,1.5449536,0.99495363,2.0149536,-0.045046385,2.5849535,3.5149536,6.7549534,7.9949536,8.894954,9.254953,8.304954
