json/gfs_20240719_00.json
{"header": { "discipline":0, "disciplineName":"Meteorological products", "gribEdition":2, "gribLength":79564, "center":7, "centerName":"US National Weather Service - NCEP(WMC)", "subcenter":0, "refTime":"2024-07-19T00:00:00.000Z", "significanceOfRT":1, "significanceOfRTName":"Start of forecast", "productStatus":0, "productStatusName":"Operational products", "productType":1, "productTypeName":"Forecast products", "productDefinitionTemplate":0, "productDefinitionTemplateName":"Analysis/forecast at horizontal level/layer at a point in time", "parameterCategory":2, "parameterCategoryName":"Momentum", "parameterNumber":2, "parameterNumberName":"U-component_of_wind", "parameterUnit":"m.s-1", "genProcessType":2, "genProcessTypeName":"Forecast", "forecastTime":0, "surface1Type":103, "surface1TypeName":"Specified height level above ground", "surface1Value":10.0, "surface2Type":255, "surface2TypeName":"Missing", "surface2Value":0.0, "gridDefinitionTemplate":0, "gridDefinitionTemplateName":"Latitude_Longitude", "numberPoints":65160, "shape":6, "shapeName":"Earth spherical with radius of 6,371,229.0 m", "gridUnits":"degrees", "resolution":48, "winds":"true", "scanMode":0, "nx":360, "ny":181, "basicAngle":0, "lo1":0.0, "la1":90.0, "lo2":359.0, "la2":-90.0, "dx":1.0, "dy":1.0 }, "data":
[rows 26 to 51 of 181, columns 0 to 56 of 360]
-0.8654834,-0.9154834,-1.3654834,-0.4654834,0.7145166,0.5145166,1.2745166,2.5245166,2.8545165,3.9445167,3.7145166,2.7045166,2.3945167,2.2845166,2.8745165,2.4245167,2.2245166,1.4745166,1.3545166,1.0345166,0.5045166,0.3145166,0.1945166,-1.1954834,-0.5654834,-1.1254834,-0.115483396,-0.4854834,0.15451661,0.3345166,-0.9754834,-1.4354835,-1.0154834,-1.6154834,-2.1554835,-0.2654834,-0.5454834,-4.6654835,-4.0654836,-2.2254834,-1.4754834,-1.2854834,-1.0354834,-0.9054834,-0.2254834,-1.2354834,-1.0854834,-0.7454834,-1.0654835,-0.9454834,-1.2054834,-1.3454834,-1.7254834,-1.2354834,-0.3754834,0.024516601,0.6045166
-0.025483398,-0.5354834,-1.5654835,-1.6954834,-0.3354834,1.6245166,1.2345166,-0.055483397,-0.8054834,0.6245166,0.5145166,0.6245166,1.1745166,2.7645166,2.6745167,4.3445168,3.8145165,3.2645166,1.8645166,2.5245166,1.2445166,0.8345166,0.36451662,0.3345166,-0.3654834,0.2745166,0.3145166,0.4245166,0.9945166,-0.2454834,-0.4654834,0.6145166,0.9845166,0.3445166,-0.8754834,-0.6054834,-0.6054834,2.0445166,1.1645166,-1.0754834,-1.6954834,-0.8354834,-0.1754834,-0.4654834,-0.0854834,0.4845166,0.9945166,0.9445166,0.8945166,1.4845166,1.1245166,0.2045166,-0.1254834,-0.7654834,-0.9754834,-0.9154834,0.8245166
-0.9954834,-0.8154834,-1.6054834,-2.4854834,-1.5254834,0.4645166,-0.0754834,0.2145166,0.8945166,2.6645167,0.2845166,1.0345166,2.3045166,2.3345165,2.1245165,2.1245165,2.6745167,3.0045166,5.7345166,5.074517,4.0045166,2.7945166,0.4045166,-0.3354834,-0.6154834,-0.6154834,-0.52548337,-0.4154834,0.7445166,1.2245166,1.1245166,1.0245166,1.2045166,0.9845166,1.1945167,0.1745166,-1.4154834,1.8645166,0.8045166,-0.5854834,0.6445166,-0.5354834,-0.025483398,-0.2854834,0.7845166,0.9145166,0.2545166,0.9945166,1.2345166,0.8645166,1.1345166,1.2945166,1.0245166,0.8545166,0.4645166,-0.1554834,-0.5954834
-0.0854834,-0.4654834,0.0045166016,-0.2654834,-1.8254834,-1.2654834,0.3345166,1.0245166,1.4045166,1.2545166,0.064516604,-0.2854834,0.5345166,1.8245167,2.5245166,1.8745166,2.7045166,3.3945167,6.1945167,5.0945168,3.7245166,4.8145165,2.1045165,1.4945166,0.2645166,-0.6654834,-0.2654834,-0.20548339,0.3445166,0.8345166,1.2845166,2.7645166,3.6745167,0.8945166,1.2645166,1.5045166,0.034516603,0.054516602,1.3045166,0.9045166,-0.77548337,0.2945166,1.2945166,1.1345166,1.2545166,0.3445166,0.5745166,1.2145166,1.1945167,0.9945166,0.9845166,0.9645166,0.7845166,0.7145166,1.0345166,1.5545166,-0.1954834
-0.2254834,-0.9754834,-0.8754834,0.3045166,-0.8054834,-1.6754833,-1.4854834,1.4445167,1.6945167,2.0945165,-0.025483398,-0.4354834,-0.2254834,0.8145166,1.5845166,1.7245166,2.3745165,2.6145165,2.5045166,5.514517,8.194516,8.144517,9.3745165,7.8445168,5.784517,7.6545167,5.9945164,6.284517,5.074517,3.4845166,2.1645167,1.4345165,1.2845166,1.3945166,1.4945166,1.4945166,1.3945166,-0.9354834,-0.2854834,1.8345166,0.0045166016,-0.4954834,-0.9354834,0.4045166,1.6245166,0.5145166,0.7345166,1.2645166,1.5445166,1.5345166,1.1945167,1.3345166,0.0745166,0.72451663,-0.1854834,0.3245166,1.1945167
-0.5154834,-0.1354834,-0.0654834,0.2445166,0.9845166,-1.7054834,-1.1854835,1.5845166,2.1645167,1.6945167,0.0845166,-1.7054834,0.2245166,2.7145166,6.2045164,3.3345165,3.6445167,3.6945167,4.8845167,7.8645167,7.3545165,7.034517,7.6945167,5.804517,2.2345166,1.9445167,2.4245167,1.9345165,2.2645166,1.5945166,1.6645166,1.8945166,1.9045166,1.4945166,2.2945166,2.2545166,1.9445167,2.0145166,1.1945167,0.9345166,1.3745166,0.8645166,0.2945166,0.2645166,0.3145166,1.2445166,0.4045166,0.7445166,1.5045166,1.3245167,0.8045166,0.0745166,0.5045166,0.8645166,-0.1254834,0.8745166,0.7645166
0.5845166,0.054516602,0.4845166,1.1445166,1.3145165,2.1445167,3.4645166,4.7345166,8.394517,12.034516,11.974517,8.884517,2.5945165,2.1845167,3.3345165,3.1845167,3.5445166,7.3545165,8.284516,9.104517,10.114516,8.654516,9.174517,9.034516,9.604517,2.5145166,1.7645166,1.9545166,4.534517,1.7745166,1.9545166,2.0745165,1.7545166,1.5745167,2.2845166,2.0945165,1.5845166,2.5145166,2.0045166,1.0845166,-0.5454834,-0.5154834,0.7945166,-1.0854834,-0.5754834,0.3945166,0.094516605,0.5645166,0.9345166,1.3345166,0.9145166,-0.3454834,0.054516602,-0.0654834,-0.1754834,0.6345166,0.5845166
0.4545166,-0.4254834,-0.3054834,-0.1054834,0.8445166,1.6845165,2.8645165,4.304517,5.6945167,5.6645164,4.304517,8.134517,7.6445165,1.9045166,5.0245166,2.2545166,3.4845166,7.7045164,8.234516,7.7745166,7.534517,7.9145164,1.9345165,2.7545166,2.9945166,1.2445166,2.4145167,1.8345166,2.7745166,1.3445166,2.2745166,1.4845166,1.3445166,1.6745166,1.7845166,1.6745166,1.2045166,1.9345165,1.4445167,1.0145166,-0.2754834,-0.7154834,-1.2954834,-1.4154834,-1.1154834,-0.3054834,0.0845166,0.4745166,-0.38548338,2.0245166,1.1945167,0.4945166,0.024516601,0.034516603,-0.5054834,-0.005483398,0.3245166
0.3545166,0.6845166,-0.3654834,0.014516601,-0.0854834,0.4245166,1.3245167,1.6445166,2.3645165,1.7145166,2.1045165,4.4045167,4.764517,2.3045166,2.7445166,5.9245167,6.6345167,7.5245166,7.8345165,7.7045164,7.574517,6.8645167,3.0045166,2.9545166,3.4545166,2.8445165,2.8245165,2.4145167,2.1745167,2.2545166,2.1545167,1.3145165,1.2045166,1.4045166,2.2145166,0.1145166,-0.0454834,0.6545166,0.8845166,-0.9154834,-1.4254833,-1.7054834,-1.0654835,-1.6654834,-1.5054834,-0.3654834,0.1645166,-0.035483398,0.5745166,0.5545166,0.2945166,0.2345166,0.6345166,0.4145166,-0.005483398,0.5945166,-0.7154834
-2.0254834,-0.6054834,-1.3654834,-1.5654835,-0.9254834,-0.9154834,-1.2254834,-1.0454834,-0.3254834,-0.6954834,0.9845166,2.1845167,2.5745165,4.1845164,3.7745166,3.4545166,5.0645165,6.3445168,7.4545164,8.014517,8.704516,8.884517,2.6445167,2.8445165,3.1745167,2.9745166,2.5245166,3.1545167,2.5745165,2.8045166,2.1745167,1.1845165,0.6045166,1.7045166,2.0345166,1.4045166,1.2545166,1.4445167,-0.3154834,0.094516605,-1.5754834,-2.1554835,-2.1654835,-1.6454834,-1.4354835,-1.1154834,-0.115483396,-0.8254834,1.0745167,1.2045166,0.9845166,0.1645166,0.72451663,0.8045166,0.7645166,1.4845166,0.1745166
-0.8354834,-1.2654834,-2.3354833,-2.3454833,-2.6654835,-2.6254835,-2.8054833,-2.4854834,-1.9254833,-1.3454834,-0.7654834,-0.7054834,-1.4154834,-1.4354835,0.8945166,0.8945166,1.3445166,1.9945166,2.0145166,2.5145166,3.0545166,2.7645166,2.6045165,2.2745166,1.8745166,2.5945165,2.4645166,2.4445167,2.8045166,1.5845166,2.5245166,1.0745167,0.9345166,1.1845165,1.6045166,2.1745167,1.3245167,1.6945167,1.2845166,-0.4554834,-0.7954834,-1.0054834,-2.5454834,-2.8854835,-2.1254835,-1.8854834,-0.77548337,0.7545166,0.3945166,1.5345166,0.7345166,0.4945166,0.3245166,0.024516601,0.4445166,1.2345166,1.1245166
-0.5554834,-1.5554833,-3.8554833,-3.6454835,-3.8954835,-4.6654835,-2.9254835,-2.9554834,-2.7354834,-2.5454834,-1.1554834,-0.2654834,-2.0254834,-2.3154833,-1.8754834,-2.0854833,-1.6154834,-1.0254834,-0.1854834,-1.1054834,-0.1554834,0.4645166,-0.015483398,0.5145166,0.4445166,0.97451663,1.4245166,2.0745165,1.5245166,1.6345166,2.1945167,1.6345166,1.6845165,2.7045166,2.7745166,2.7345166,2.9245167,2.7145166,2.8145165,2.4845166,-0.1854834,-0.7654834,-0.38548338,-2.3354833,-2.7654834,-2.4754834,-2.2054834,-0.6654834,-0.2954834,0.0445166,0.2945166,1.4245166,0.6645166,0.4145166,0.7745166,1.0745167,1.0745167
-0.8854834,-1.6754833,-4.425483,-5.0754833,-4.2454834,-2.2754834,-2.7554834,-3.1654835,-2.7254834,-1.5254834,-0.8454834,-0.6754834,-2.6154833,-1.5254834,-1.4054834,-1.7554834,-1.1754833,-0.005483398,-0.8054834,-0.0954834,0.1945166,-0.6254834,-0.6954834,-0.3054834,0.2245166,0.9245166,1.3545166,0.9245166,1.2745166,1.5945166,1.4045166,1.4345165,1.7645166,2.1545167,2.2045166,1.9045166,1.4045166,2.5145166,2.5045166,2.3845167,2.1745167,-0.6054834,-1.4854834,-1.3754834,-0.9154834,-2.1654835,-1.6054834,-1.9554834,-1.7954834,-1.5754834,-1.5354834,0.6545166,0.4845166,0.7545166,0.4245166,1.1545166,0.8745166
-1.9554834,-3.8154833,-2.2454834,-2.4754834,-2.4154835,-2.9354835,-2.0754833,-1.9654834,-1.5754834,-0.6654834,-0.8054834,-0.9854834,-0.9454834,-1.7554834,-1.3654834,-0.8754834,-0.9354834,-0.77548337,-1.9654834,-1.1054834,-0.025483398,0.4045166,0.6545166,-1.4154834,-1.2054834,0.034516603,-0.055483397,1.2745166,1.4845166,1.6845165,1.6245166,2.1945167,2.3945167,2.6345167,1.6245166,0.3345166,0.8345166,0.8045166,1.5645165,1.8645166,0.9945166,-0.5754834,-1.5154834,0.024516601,-0.2854834,0.5345166,0.9545166,-2.4854834,-3.1254835,-3.0454834,-2.2254834,-0.52548337,0.2445166,1.6145166,0.9245166,1.1745166,1.6145166
-3.6354835,-2.9554834,-1.5754834,-1.9254833,-2.4254835,-0.9354834,-1.2554834,-1.1654834,-0.3254834,-1.2254834,-0.8054834,-1.3454834,-1.7554834,-1.3454834,-1.7554834,-1.2854834,-0.9354834,-1.3454834,1.0245166,-1.3654834,-1.3554834,-0.4354834,0.024516601,1.0245166,-0.0654834,1.2545166,2.2745166,1.4245166,1.5145166,1.2645166,1.3545166,1.5345166,1.9445167,1.8145165,1.3945166,-0.5654834,-0.7954834,-0.4554834,0.6645166,0.3145166,0.8245166,-0.1254834,1.2745166,1.1045166,0.2645166,0.8345166,1.2745166,2.4945166,0.7845166,1.6245166,0.3545166,-2.4754834,-0.6254834,1.8145165,0.7145166,1.7545166,3.0945165
-1.1054834,-1.5554833,-1.1454834,-1.9854834,-0.8754834,-2.7654834,-1.6554834,-2.0154834,-1.5254834,-1.1754833,-1.2254834,-0.6254834,-0.005483398,-0.8754834,0.2045166,-2.3854835,-1.5554833,-1.3754834,-0.6354834,-1.3554834,-1.0254834,1.1045166,-0.5854834,-1.1754833,0.6145166,0.5445166,0.7345166,0.3845166,0.1745166,0.5345166,0.5345166,0.3445166,1.0445166,2.1545167,1.5045166,-1.1454834,-1.0454834,0.2545166,0.3045166,0.5745166,-1.5054834,0.9645166,-0.9654834,0.0445166,0.6045166,1.9845166,3.4445167,2.4445167,1.8045166,2.9245167,3.4945166,2.1545167,-0.1654834,-0.4654834,1.9345165,2.8245165,3.6545167
-1.9854834,-2.7054834,-2.1154833,-2.8054833,-1.7154834,-1.5854834,-0.8554834,0.0845166,-1.8554834,-0.7654834,-0.8054834,-0.7354834,0.5445166,-0.5154834,0.014516601,-0.9054834,1.2445166,0.0445166,-1.8254834,-2.0754833,-0.3554834,0.9945166,-0.1254834,-1.6154834,-1.6854835,-0.4754834,2.0745165,0.4845166,-0.1354834,0.3045166,0.8445166,-0.1454834,-1.4554834,-0.8154834,0.3945166,-1.7854834,-0.4954834,-0.2254834,-1.2654834,-1.0354834,-0.4154834,0.1245166,0.2845166,-0.3654834,0.6145166,2.1645167,2.8745165,3.1645167,1.7245166,2.4245167,0.2145166,1.2745166,-0.2854834,0.36451662,2.2945166,1.2545166,2.7945166
0.014516601,-2.4054835,-1.8654834,-1.3454834,-1.3054833,0.0445166,-1.3654834,-0.1854834,-0.0854834,-0.0454834,-0.3254834,-0.005483398,-0.5954834,0.6845166,0.8945166,1.5645165,0.5945166,-0.5854834,-2.2454834,-2.7954834,-2.7254834,-2.1254835,-1.5454834,1.1145166,-0.8354834,-2.1454835,0.6345166,1.3445166,2.0545166,1.1845165,-0.5454834,0.1745166,-3.5854833,-1.3254834,-1.2754834,-0.1254834,-0.4554834,0.2445166,-3.3354833,-0.025483398,1.6045166,2.6145165,1.9045166,1.4445167,2.7345166,2.3645165,0.7745166,-0.7454834,-0.5654834,-1.4354835,-1.0554833,-1.5754834,0.064516604,1.4245166,1.6445166,2.0145166,0.3345166
-1.2454834,-1.1054834,-0.7054834,0.7845166,0.2945166,-0.3654834,-0.6254834,0.9645166,1.0845166,-1.3854834,-0.4354834,-0.005483398,1.1745166,-0.1954834,-1.0454834,-0.2854834,0.18451661,-0.5354834,-3.0254834,-2.9454834,-1.5254834,-2.2854834,-1.0854834,-1.0354834,-0.9754834,-1.1954834,-0.7654834,3.2045166,0.6645166,1.7845166,1.9745166,2.9145167,-4.4554834,-2.5954833,0.2245166,-0.005483398,0.8945166,0.9445166,-2.4854834,-1.2854834,-1.3154835,-1.9054834,-0.5954834,-0.115483396,1.2045166,0.0845166,1.4445167,3.2745166,3.7445166,6.284517,7.6845164,6.5245166,5.5645165,4.4045167,3.5545166,2.0945165,2.0245166
0.3245166,-0.0454834,-1.3954834,-0.3454834,-0.2654834,-0.9354834,-2.3154833,2.9945166,0.4045166,-0.1754834,-0.5554834,-1.3154835,0.9945166,1.8045166,-0.4754834,-3.3054833,0.97451663,-0.0454834,-0.1254834,-0.115483396,0.4745166,0.064516604,-1.0854834,0.5645166,0.3545166,0.054516602,-0.6054834,-1.6854835,0.9945166,2.8445165,1.9845166,2.3045166,4.304517,-0.1454834,0.5145166,1.2645166,-0.3154834,-3.8154833,1.1345166,-1.0554833,-3.2754834,-2.4754834,-1.3854834,0.0445166,1.7845166,3.6645167,3.2945166,3.4245167,5.8445168,6.3145165,6.3545165,5.034517,3.5245166,0.4645166,1.8445166,2.0945165,1.8345166
2.4645166,1.9845166,-1.4054834,-1.1754833,0.6245166,-0.7954834,-0.8454834,0.4045166,1.8845166,2.7345166,0.2845166,0.0445166,1.3545166,2.6645167,5.8945165,1.1045166,-1.0754834,-1.1654834,0.4145166,-0.1254834,1.5745167,2.1945167,1.3245167,-1.0554833,2.0945165,0.034516603,-1.5654835,-0.3554834,-1.2654834,0.8545166,0.6445166,2.5445166,6.3845167,2.3145165,1.7745166,-2.0254834,-1.8554834,-1.8454834,-3.2154834,-2.0354834,-1.3654834,0.4845166,-0.4454834,1.3145165,0.9045166,0.5245166,-0.0754834,0.8045166,4.324517,4.534517,3.5645165,0.0445166,-1.7154834,0.5745166,0.3145166,1.7745166,1.5345166
-0.1554834,0.7945166,1.2245166,0.4145166,-1.4854834,2.6245165,5.2045164,5.3745165,3.1045165,1.5045166,3.8845167,-0.1254834,0.4145166,-1.0954834,3.7845166,6.0645165,5.4145164,-0.0654834,-2.4754834,-1.8054833,0.2345166,0.8245166,-0.7954834,-0.6254834,0.3245166,1.5145166,0.0045166016,1.5345166,2.2745166,0.2645166,1.0045166,1.1845165,2.2445166,3.6945167,4.3745165,3.6345167,1.7745166,-0.025483398,2.3245165,1.7445166,1.0245166,-2.2954834,-0.6254834,-2.6054833,1.9045166,-0.2354834,-0.015483398,1.1245166,1.1945167,2.5045166,2.5045166,-1.8354834,-3.0354834,-2.4654834,-1.5654835,-1.5554833,0.3245166
-0.7054834,-0.2254834,-0.6654834,0.8445166,0.9145166,4.0245166,4.0945168,3.4045167,2.5345166,-1.9854834,-1.8854834,5.0945168,0.8045166,-2.3054833,-0.2354834,2.7245166,5.5645165,7.8845167,3.9945166,-0.1054834,-3.4454834,2.0745165,0.8045166,0.4745166,0.8045166,2.1345167,-1.2854834,-2.3054833,2.7345166,-1.5354834,-3.7854834,-3.3754835,-2.6554835,-0.6654834,1.5645165,6.6845164,9.244516,7.7145166,4.6745167,3.5545166,-0.4154834,-1.9654834,-0.9754834,-0.52548337,-1.4654834,-0.6754834,-0.4654834,1.0045166,1.6845165,2.6445167,3.7545166,3.8045166,3.6945167,1.4245166,-4.9054832,-3.5554833,-1.2454834
-1.1254834,0.7445166,2.7145166,1.4945166,2.0445166,1.9245166,1.7745166,1.3445166,1.4045166,1.0045166,3.3345165,3.8345165,3.5445166,4.4345164,-0.115483396,-0.0654834,0.9945166,1.4945166,3.8845167,2.0445166,-1.8454834,-0.7154834,2.5045166,-1.3754834,-1.1254834,-0.6254834,-0.4254834,-1.0954834,-3.9154835,-2.3454833,-0.4354834,-0.0954834,-0.2454834,0.6845166,1.3445166,-0.3654834,1.5645165,1.2045166,2.8945167,1.1745166,1.9145166,0.15451661,-0.8354834,-0.5554834,-1.7454834,-0.3554834,-1.6354834,-2.8454833,-0.3154834,2.1245165,1.8245167,1.7245166,1.1945167,1.6945167,1.5745167,0.9545166,0.0045166016
0.8345166,1.3645166,-1.6754833,-0.7554834,-0.8154834,-1.5654835,-1.6154834,-0.3454834,1.4845166,-1.8054833,-0.1654834,1.4345165,0.18451661,2.4245167,3.8745165,3.1245165,-0.8154834,1.9545166,1.9345165,2.9745166,-1.7454834,-1.2354834,1.2145166,1.7445166,-0.5854834,-3.1954834,-4.6354833,-1.0054834,1.4245166,-1.5454834,1.5845166,0.4045166,-0.5154834,-1.1454834,0.36451662,0.6645166,0.1445166,0.3945166,-0.8254834,-0.5354834,0.8445166,-1.0154834,-0.2154834,-1.4454834,3.6345167,-4.1354833,-1.1354834,0.1945166,-0.2554834,-1.0654835,-2.3454833,0.3245166,-1.9254833,-0.7854834,-1.2754834,-2.1654835,-2.2254834
0.15451661,0.4745166,-2.6254835,-4.965483,-3.8754835,-3.9154835,-3.5054834,-2.6154833,-0.1354834,0.1645166,-1.4254833,-0.7954834,-1.8254834,-0.6954834,2.6145165,1.9645166,0.4245166,0.8645166,5.0045166,1.4145166,1.9245166,-2.0554833,1.8845166,0.5845166,-2.4654834,-2.3954835,-1.1054834,-4.7554836,-1.8054833,-1.0354834,0.7745166,-0.5554834,-0.6354834,-1.5254834,-0.5954834,0.7545166,-0.1454834,2.2545166,0.36451662,0.4945166,-1.2354834,-3.1054833,-1.9554834,2.3745165,-1.9454834,0.024516601,-4.3954835,0.8945166,-0.4054834,-0.8654834,-1.2354834,0.8545166,0.1945166,-0.4254834,-0.2854834,0.054516602,-0.5354834
