json/gfs_20240721_00.json
{"header": { "discipline":0, "disciplineName":"Meteorological products", "gribEdition":2, "gribLength":79558, "center":7, "centerName":"US National Weather Service - NCEP(WMC)", "subcenter":0, "refTime":"2024-07-21T00:00:00.000Z", "significanceOfRT":1, "significanceOfRTName":"Start of forecast", "productStatus":0, "productStatusName":"Operational products", "productType":1, "productTypeName":"Forecast products", "productDefinitionTemplate":0, "productDefinitionTemplateName":"Analysis/forecast at horizontal level/layer at a point in time", "parameterCategory":2, "parameterCategoryName":"Momentum", "parameterNumber":2, "parameterNumberName":"U-component_of_wind", "parameterUnit":"m.s-1", "genProcessType":2, "genProcessTypeName":"Forecast", "forecastTime":0, "surface1Type":103, "surface1TypeName":"Specified height level above ground", "surface1Value":10.0, "surface2Type":255, "surface2TypeName":"Missing", "surface2Value":0.0, "gridDefinitionTemplate":0, "gridDefinitionTemplateName":"Latitude_Longitude", "numberPoints":65160, "shape":6, "shapeName":"Earth spherical with radius of 6,371,229.0 m", "gridUnits":"degrees", "resolution":48, "winds":"true", "scanMode":0, "nx":360, "ny":181, "basicAngle":0, "lo1":0.0, "la1":90.0, "lo2":359.0, "la2":-90.0, "dx":1.0, "dy":1.0 }, "data":
[rows 104 to 129 of 181, columns 116 to 173 of 360]
-8.197112,-8.567112,-8.137112,-8.397112,-8.107112,-7.007112,-6.6771116,-6.5771117,-6.917112,-7.127112,-7.4271116,-7.0571117,-8.067112,-6.747112,-4.497112,-4.437112,-5.1171117,-6.6971116,-3.8071117,-3.637112,-5.667112,-6.7171116,-7.107112,-6.3071117,-5.337112,-4.7871118,-3.4571118,-4.7171116,-5.857112,-8.067112,-7.1171117,-6.5771117,-6.3871117,-5.6371117,-5.647112,-5.0971117,-5.277112,-4.4471116,-4.647112,-4.3071117,-4.437112,-4.547112,-4.4071116,-3.4371119,-3.147112,-3.0971117,-4.4471116,-4.0371118,-4.937112,-7.207112,-6.7871118,-7.007112,-6.0371118,-6.147112,-6.567112,-6.9271116,-7.1171117,-7.0971117
-8.497112,-8.307112,-7.8871117,-7.3671117,-6.457112,-5.167112,-3.1671119,-3.7771118,-6.087112,-5.747112,-7.007112,-8.987112,-4.4271116,-6.3671117,-5.9071116,-5.127112,-4.8471117,-4.5571117,-4.727112,-4.6571116,-5.1571116,-6.547112,-7.087112,-7.4071116,-5.2871118,-3.7271118,-2.9871118,-4.107112,-4.237112,-3.9871118,-7.007112,-6.687112,-5.957112,-5.607112,-5.3071117,-4.8271117,-5.017112,-4.1371117,-3.877112,-4.6771116,-4.627112,-4.3871117,-4.417112,-3.397112,-1.6771119,-2.7471118,-3.5271118,-2.5471117,-1.7071118,-3.6871119,-0.28711182,-3.4971118,-5.977112,-5.9271116,-6.457112,-6.507112,-6.737112,-6.0771117
-9.147112,-8.777112,-7.017112,-6.417112,-6.627112,-6.817112,-6.047112,-4.587112,-5.0971117,-3.1971118,-7.5371118,-6.547112,-5.8071117,-6.417112,-8.617112,-5.937112,-8.427112,-5.5771117,-5.797112,-6.567112,-4.987112,-5.2871118,-6.5571117,-6.937112,-6.167112,-4.0771117,-2.0171118,-1.3671118,-0.6271118,-3.3371117,-5.357112,-5.817112,-5.6771116,-4.977112,-4.7171116,-3.9971118,-3.7371118,-3.7071118,-3.5571117,-3.1671119,-4.4671116,-4.1571116,-3.867112,-3.8471117,-2.157112,-2.397112,-2.7771118,-1.8971118,-3.5871117,-4.747112,-5.707112,-4.8071117,-6.647112,-5.647112,-5.477112,-5.817112,-6.667112,-6.477112
-9.127111,-8.617112,-8.557112,-8.917111,-8.837111,-8.127111,-6.8071117,-4.897112,-4.527112,-4.5371118,-4.007112,-7.777112,-6.267112,-8.327112,-9.707111,-7.4071116,-9.037112,-7.6171117,-7.257112,-7.087112,-6.3071117,-6.277112,-4.3671117,-5.3871117,-6.937112,-5.267112,-5.007112,-5.397112,-2.0571117,-2.4871118,-2.2571118,-3.7871118,-4.4271116,-4.737112,-4.227112,-3.4771118,-3.1871119,-2.9371119,-2.6771119,-2.657112,-3.3371117,-3.357112,-3.2271118,-3.2171118,-2.9271119,-2.4171119,-0.6171118,-2.5071118,-4.067112,-4.8271117,-5.517112,-6.627112,-5.417112,-5.397112,-4.4271116,-4.507112,-5.527112,-6.4271116
-8.927112,-9.357112,-9.677112,-9.757112,-9.827112,-9.077112,-8.817112,-6.977112,-5.797112,-5.5571117,-7.017112,-7.8671117,-7.4071116,-9.197112,-9.017112,-7.8871117,-8.637112,-7.9471116,-6.9671116,-6.357112,-5.6171117,-6.0971117,-6.047112,-5.647112,-5.547112,-4.877112,-2.9771118,-3.857112,-5.1371117,-3.7271118,-0.047111817,-1.1071118,-1.7171118,-2.877112,-3.5571117,-3.4171119,-2.617112,-2.397112,-2.0871117,-1.5371118,-2.367112,-2.2671118,-1.9071118,-2.4371119,-2.7071118,-2.0871117,-1.1671119,-2.4371119,-3.8171117,-4.007112,-3.9371119,-4.777112,-4.9271116,-4.917112,-4.687112,-3.6771119,-4.487112,-3.9271119
-9.5471115,-10.017112,-10.457111,-10.407112,-10.207111,-9.307112,-6.377112,-6.777112,-7.1971116,-6.8871117,-6.837112,-8.277112,-7.487112,-8.827112,-8.247112,-7.6571116,-7.797112,-7.767112,-8.757112,-7.107112,-6.607112,-5.837112,-5.3471117,-6.917112,-5.837112,-5.487112,-5.2171116,-3.877112,-6.227112,-4.237112,-1.3071119,0.55288815,0.66288817,-0.8671118,-2.127112,-2.5971117,-2.4671118,-1.8371118,-1.7571118,-1.3671118,-0.51711184,-0.88711184,-0.40711182,-0.9271118,-1.2371118,-0.4171118,-0.49711183,-0.11711182,-1.5971118,-2.9871118,-2.4671118,-1.3671118,-2.4771118,-3.7871118,-3.657112,-3.2871118,-2.8371117,-3.137112
-9.637112,-9.927112,-10.227112,-8.277112,-8.137112,-6.737112,-5.8871117,-6.1371117,-6.6371117,-5.7871118,-5.3671117,-6.587112,-7.667112,-7.647112,-7.0771117,-8.207111,-8.237112,-7.607112,-7.9271116,-7.2871118,-6.8271117,-5.897112,-5.017112,-6.277112,-6.067112,-5.757112,-6.6371117,-6.8471117,-4.417112,-3.5871117,-2.367112,-0.63711184,-0.46711183,-3.0771117,0.022888184,-0.63711184,-1.3971118,-1.5271118,-0.7571118,-0.087111816,0.5128882,1.2528882,1.1128882,1.5428882,0.80288815,0.11288819,0.37288818,0.16288818,-1.5671118,-0.15711182,-0.3871118,-0.9971118,-1.1271118,-2.147112,-2.9271119,-2.877112,-2.367112,-2.5671117
-8.067112,-6.007112,-7.1371117,-7.167112,-7.757112,-6.1371117,-5.1571116,-5.627112,-6.5771117,-6.1971116,-5.9471116,-5.8871117,-6.6971116,-6.777112,-7.397112,-8.027112,-8.177112,-7.797112,-7.7871118,-7.6571116,-6.027112,-6.267112,-5.977112,-6.457112,-5.277112,-5.0971117,-6.4671116,-6.747112,-6.127112,-4.0571117,-4.257112,-4.6371117,-3.5771117,-2.0371118,-2.7671118,-0.06711182,-0.13711181,0.11288819,0.6228882,1.4228882,1.8628882,2.7928882,3.5128882,3.2728882,3.0828881,1.9828882,1.4028882,2.8128881,1.0428882,0.98288816,1.5428882,1.8928882,0.44288817,-0.5471118,-0.8071118,-0.9971118,-1.2471118,-1.8771118
-5.297112,-4.317112,-4.687112,-5.7171116,-5.937112,-4.507112,-5.4671116,-4.547112,-6.397112,-5.8671117,-6.207112,-7.107112,-6.337112,-5.6771116,-7.207112,-7.1171117,-7.047112,-6.547112,-7.047112,-5.7871118,-5.507112,-5.0971117,-5.3671117,-6.067112,-5.727112,-5.977112,-5.9271116,-6.087112,-5.687112,-4.3471117,-4.5771117,-4.6771116,-5.587112,-1.0071118,-1.0371118,-1.8971118,-3.1871119,-0.19711182,2.7128882,3.6628883,4.082888,4.3828883,4.332888,5.002888,5.1528883,4.232888,4.3628883,3.7728882,3.5028882,4.832888,3.3028882,3.2028883,2.2128882,1.8628882,2.1628883,1.2628882,0.7128882,0.122888185
-4.147112,-2.5371118,-2.0971117,-2.5471117,-4.317112,-5.8671117,-4.1771116,-4.357112,-6.067112,-6.1771116,-7.067112,-6.6571116,-7.337112,-6.2871118,-6.777112,-6.9271116,-6.7171116,-6.277112,-6.017112,-3.5871117,-3.8271117,-3.9871118,-4.477112,-4.777112,-5.067112,-5.377112,-5.587112,-6.247112,-5.2171116,-4.777112,-5.027112,-3.4471118,-4.957112,-3.3471117,0.012888184,1.8028882,-0.7571118,1.8628882,3.7528882,5.3428884,6.2128882,5.9428883,5.872888,6.042888,6.642888,6.9428883,6.222888,6.252888,5.292888,5.792888,5.702888,5.262888,5.9428883,4.8828883,4.452888,3.2928882,2.9028883,2.6528883
-5.4471116,-6.1971116,-4.207112,-5.547112,-5.207112,-4.377112,-5.107112,-4.6371117,-6.1171117,-5.727112,-5.227112,-6.127112,-7.267112,-6.587112,-5.6171117,-6.567112,-5.757112,-4.8471117,-4.1171117,-3.0471117,-3.0371118,-3.1671119,-3.4171119,-3.7871118,-4.2871118,-4.0971117,-5.267112,-4.667112,-5.027112,-4.817112,-4.277112,-3.897112,-1.0371118,-2.2271118,-0.4271118,0.27288818,1.7028881,3.872888,5.0928884,5.912888,6.512888,6.9228883,7.702888,7.392888,7.642888,7.752888,7.9228883,7.762888,7.3228884,6.722888,7.502888,7.482888,6.062888,5.742888,5.142888,4.432888,3.9928882,3.5028882
-5.3471117,-4.227112,-3.637112,-4.987112,-4.047112,-3.9271119,-4.5571117,-4.227112,-5.0371118,-6.017112,-4.857112,-4.237112,-3.5871117,-3.887112,-5.297112,-4.8271117,-4.437112,-3.2771118,-2.5971117,-1.9171119,-1.9171119,-2.6871119,-2.6771119,-3.2871118,-3.5671117,-3.7671118,-4.067112,-3.3271117,-4.457112,-4.3871117,-4.297112,-3.2771118,-1.3171118,0.4828882,0.6528882,1.4728882,2.9828882,5.392888,6.332888,6.742888,7.242888,7.662888,8.392888,8.572888,9.292889,8.792889,9.132888,9.072888,8.032888,9.012888,8.572888,8.292889,8.652888,7.162888,5.742888,5.722888,4.432888,4.3028884
-5.3871117,-4.3471117,-4.207112,-3.9671118,-2.9871118,-3.367112,-2.897112,-3.627112,-4.2171116,-3.6671119,-4.007112,-3.7871118,-2.7571118,-2.2971117,-2.107112,-2.117112,-2.0071118,-1.6471118,-1.0171118,-0.6871118,-0.5671118,-0.57711184,-1.4371119,-2.0471117,-1.9471118,-2.0871117,-2.2771118,-2.5771117,-3.2371118,-2.5171118,-1.4071118,-0.9871118,0.2928882,2.0428882,2.8028882,3.0828881,3.4328883,3.1728883,8.672888,7.272888,6.432888,7.022888,8.192888,9.582889,10.282888,10.872889,9.842888,9.502888,9.492888,9.862888,9.142888,9.122889,9.032888,7.9028883,6.762888,6.8228884,6.562888,5.832888
-3.7571118,-4.0771117,-2.9671118,-3.0471117,-2.0871117,-1.4771118,-1.9671118,-1.9671118,-1.6971118,-2.3071117,-2.117112,-1.7371118,-2.0071118,-1.7971119,-0.95711184,-0.9671118,-1.0371118,0.022888184,0.37288818,1.4128882,0.6828882,0.4528882,0.66288817,-0.3571118,-0.7971118,-1.3371118,-0.30711183,-0.17711182,-0.6271118,-0.4871118,0.14288819,1.3828882,2.6728883,3.1928883,3.852888,4.9628882,4.542888,4.722888,7.502888,5.992888,7.932888,7.4028883,8.182888,9.002888,10.422888,9.942888,10.612888,10.102888,10.662889,10.632888,10.762888,9.392888,9.672888,8.9528885,8.242888,7.892888,7.662888,6.6528883
-3.7171118,-2.8271117,-2.5471117,-1.5171118,0.14288819,0.40288818,0.3928882,1.0428882,1.4128882,1.3428882,1.0128882,1.6228882,1.4628882,0.8428882,1.6228882,1.9128882,2.1628883,2.5428882,2.092888,1.7628882,2.1528883,1.1828882,0.73288816,1.6828882,0.3528882,-0.14711182,0.10288818,0.15288818,0.8428882,0.9028882,1.6028882,1.8928882,2.7028883,2.882888,3.4628882,4.222888,5.522888,2.9428883,5.702888,7.6128883,7.5728884,7.5328884,8.622889,8.762888,10.232888,9.362888,10.722888,10.732888,11.342888,10.942888,12.142888,12.032888,10.322888,8.442888,7.9028883,7.2128882,8.242888,8.562888
-0.6071118,-1.0671118,0.082888186,1.4628882,1.3928882,2.382888,2.6728883,2.7628882,2.8028882,3.2228882,3.1828883,3.372888,3.3328881,3.6728883,3.4928882,3.2228882,3.092888,3.4928882,3.3228881,3.0828881,2.7528882,1.9628882,1.0928882,1.8228881,2.3228881,0.4528882,1.4328882,0.7728882,1.2528882,1.5828881,2.4428883,2.592888,2.9928882,3.2928882,3.602888,3.8028882,5.5928884,3.6628883,9.9528885,9.502888,9.812888,9.402888,9.682888,10.342888,10.812888,12.092888,12.442888,10.532888,10.662889,13.882888,11.382888,11.782888,12.382888,9.692888,7.8228884,6.9628882,8.642888,9.642888
0.7128882,2.0628881,1.7828882,2.9328883,3.2628882,3.2828882,3.122888,3.2528882,4.392888,4.1528883,4.042888,4.452888,4.722888,5.002888,4.732888,4.242888,4.4028883,4.2128882,4.1328883,3.4728882,3.342888,3.2628882,1.7728882,1.9128882,-0.24711181,2.0028882,2.4028883,2.392888,2.0228882,2.142888,3.4428883,3.4628882,3.632888,3.5128882,3.1728883,3.132888,5.752888,2.5728881,6.5928884,10.562888,9.852888,11.732888,12.302888,12.562888,13.412889,12.542889,11.942888,13.062888,13.272888,12.2028885,13.052888,13.352888,12.032888,12.042889,10.332889,8.682888,6.792888,7.412888
1.9828882,2.9028883,2.5528882,3.6928883,3.382888,4.122888,4.312888,3.7528882,5.372888,5.312888,5.162888,5.1928883,5.3828883,5.2828884,5.642888,5.2828884,4.3828883,4.6728883,4.392888,4.742888,4.252888,2.8328881,2.122888,5.312888,3.0628881,2.622888,3.6828883,3.7928882,3.2128882,3.3328881,3.602888,4.2828884,3.7828882,4.412888,2.4928882,2.5828881,2.7028883,3.7028883,9.082889,11.112888,12.282888,13.2028885,13.942888,14.982888,14.492888,15.022888,13.762888,14.2028885,13.622889,12.972888,12.812888,12.592888,13.912889,12.062888,11.642888,10.242888,8.312888,6.702888
3.4428883,2.4328883,3.3128881,4.0328884,3.3028882,4.4628882,3.0328882,4.772888,5.812888,6.702888,6.502888,6.6728883,6.6128883,8.052888,8.582889,8.212888,7.6328883,5.012888,4.812888,4.582888,4.982888,4.412888,1.4428881,7.732888,5.252888,3.7528882,4.5928884,4.6528883,4.312888,4.542888,3.9028883,4.7828884,3.1828883,3.5128882,4.3628883,4.232888,3.852888,12.902888,13.572888,13.762888,14.632888,15.242888,15.642888,15.692888,15.372889,15.972888,15.112888,15.512888,15.372889,14.872889,13.272888,13.072888,13.832889,12.682888,12.412889,10.802888,10.092888,9.132888
3.2728882,1.9328882,3.5028882,3.372888,4.542888,5.042888,4.2128882,5.1328883,5.932888,10.862888,10.822888,10.692888,10.412889,9.742888,9.432888,8.982888,8.612888,8.492888,7.642888,4.3028884,4.6328883,7.122888,2.132888,6.9028883,6.222888,5.582888,5.2828884,5.062888,4.8028884,4.512888,3.3128881,3.9828882,2.7728882,4.272888,4.012888,3.592888,12.312888,13.742888,14.602888,15.162889,16.362888,17.212889,16.502888,15.862888,15.262888,14.902888,16.122889,15.522888,15.172888,15.912889,14.242888,13.9528885,13.682888,16.372889,10.842888,10.512888,9.642888,9.542889
2.4228883,3.7428882,4.5728884,6.0728884,7.242888,9.792889,10.402888,10.082889,10.432888,12.162889,10.482888,10.242888,9.662889,9.802888,8.872889,9.142888,9.212888,9.532888,9.332889,8.922888,4.432888,8.9528885,3.5328882,6.852888,7.312888,6.242888,6.012888,5.5728884,4.8428884,4.6328883,3.6828883,4.3628883,2.7428882,4.562888,5.562888,5.1128883,10.282888,14.232888,16.212889,17.832888,18.652887,16.582888,15.182888,14.772888,14.342888,15.182888,16.502888,16.142889,15.132888,15.842888,15.082889,14.322888,13.692888,10.772888,11.782888,9.712888,9.382888,8.342888
15.252888,6.2828884,6.7128882,11.812888,12.692888,12.862888,12.382888,13.342888,13.632888,11.802888,11.382888,11.962888,10.892888,10.482888,10.132888,9.572888,9.042889,9.992888,10.422888,10.292889,8.2028885,5.992888,6.8628883,5.252888,6.512888,5.292888,4.732888,4.432888,4.4428883,4.1128883,3.6528883,3.9728882,4.6528883,5.102888,5.4428883,10.172888,11.962888,13.112888,14.652888,15.562888,11.662889,8.682888,11.882888,14.262888,13.322888,14.252888,14.872889,14.742888,13.9528885,14.152888,15.032888,11.312888,12.212888,7.042888,11.082889,8.872889,8.542889,7.752888
13.902888,14.302888,14.602888,14.062888,13.282888,13.752888,13.642888,13.9528885,13.402888,11.422888,12.722888,12.102888,10.9528885,11.922888,10.622889,10.222888,9.412889,10.932888,11.372889,11.232888,10.412889,5.202888,6.982888,8.492888,5.012888,5.372888,4.102888,3.7628882,3.4728882,3.0628881,3.372888,2.1928883,0.082888186,2.5028882,2.102888,11.312888,11.522888,11.352888,7.062888,8.152888,8.622889,9.732888,8.932888,9.222888,12.532888,12.502888,12.212888,12.392888,11.632888,11.192888,11.442888,10.712888,8.822888,5.202888,10.152888,7.872888,8.2028885,7.502888
14.332889,15.172888,14.342888,14.832889,14.332889,14.592888,13.882888,13.412889,13.092888,12.672888,12.512888,12.642888,11.172888,11.362888,11.242888,11.172888,12.572888,11.982888,11.652888,11.402888,10.812888,10.282888,10.542889,10.172888,4.5928884,4.042888,2.9328883,2.592888,2.852888,1.6628882,0.5728882,0.79288816,1.4328882,4.182888,8.872889,11.992888,8.7028885,3.6628883,3.0228882,3.9828882,7.312888,5.752888,6.4428883,8.822888,9.7028885,10.222888,9.922888,8.962888,8.762888,9.542889,8.732888,8.942888,8.042889,4.1528883,10.722888,7.0928884,7.232888,7.812888
13.552888,14.022888,14.072888,13.252888,13.382888,14.632888,13.292889,13.892888,13.122889,13.272888,12.942888,12.912889,12.722888,11.652888,12.182888,12.112888,12.582889,11.562888,11.672888,11.682888,10.962888,10.612888,10.472888,10.332889,9.652888,2.372888,4.722888,5.262888,5.162888,0.8728882,1.5828881,2.4928882,7.912888,11.942888,11.012888,7.3428884,5.482888,4.9028883,2.882888,1.3628882,0.80288815,2.8228881,3.8228881,6.492888,7.042888,7.832888,7.992888,7.542888,7.512888,7.852888,8.162889,7.662888,7.142888,4.482888,6.292888,4.222888,5.372888,1.9628882
10.082889,10.242888,10.242888,11.632888,9.892888,7.312888,12.662889,11.242888,11.4528885,12.212888,13.962888,13.372889,12.292889,11.762888,11.472888,11.362888,11.682888,11.972888,11.432888,11.752888,10.812888,11.142888,10.782888,10.552888,9.692888,9.322888,9.172888,8.502888,7.742888,7.522888,7.832888,9.012888,9.9528885,10.112888,8.732888,4.472888,1.8028882,0.47288817,1.6628882,0.15288818,-0.6071118,-0.3571118,-0.057111815,1.3528882,1.7228882,1.9628882,0.9028882,3.5228882,4.292888,3.9928882,4.012888,4.042888,3.862888,3.9328883,2.1628883,1.5328882,-0.057111815,-0.83711183
