json/gfs_20240721_00.json
{"header": { "discipline":0, "disciplineName":"Meteorological products", "gribEdition":2, "gribLength":79662, "center":7, "centerName":"US National Weather Service - NCEP(WMC)", "subcenter":0, "refTime":"2024-07-21T00:00:00.000Z", "significanceOfRT":1, "significanceOfRTName":"Start of forecast", "productStatus":0, "productStatusName":"Operational products", "productType":1, "productTypeName":"Forecast products", "productDefinitionTemplate":0, "productDefinitionTemplateName":"Analysis/forecast at horizontal level/layer at a point in time", "parameterCategory":2, "parameterCategoryName":"Momentum", "parameterNumber":3, "parameterNumberName":"V-component_of_wind", "parameterUnit":"m.s-1", "genProcessType":2, "genProcessTypeName":"Forecast", "forecastTime":0, "surface1Type":103, "surface1TypeName":"Specified height level above ground", "surface1Value":10.0, "surface2Type":255, "surface2TypeName":"Missing", "surface2Value":0.0, "gridDefinitionTemplate":0, "gridDefinitionTemplateName":"Latitude_Longitude", "numberPoints":65160, "shape":6, "shapeName":"Earth spherical with radius of 6,371,229.0 m", "gridUnits":"degrees", "resolution":48, "winds":"true", "scanMode":0, "nx":360, "ny":181, "basicAngle":0, "lo1":0.0, "la1":90.0, "lo2":359.0, "la2":-90.0, "dx":1.0, "dy":1.0 }, "data":
[rows 130 to 155 of 181, columns 177 to 235 of 360]
1.7147974,1.7847973,2.7547975,2.6947973,1.0947974,1.1847974,1.1347973,0.8447974,1.3147974,-0.48520264,-4.9352026,-9.225203,-13.595202,-14.7652025,-16.085203,-15.485203,-15.7652025,-15.195203,-17.145203,-18.555202,-17.645203,-15.525203,-14.605203,-12.775203,-12.415203,-10.455203,-8.915203,-7.4752026,-5.735203,-4.6152024,-2.9852026,-2.5252028,-1.6152027,-0.68520266,-0.23520264,1.4147973,3.6447973,5.2747974,4.784797,5.2547975,5.7247972,6.4547973,7.5847974,7.5447974,9.374798,10.244798,10.724797,10.794797,10.964797,10.864798,10.524797,10.764797,9.514797,10.584797,10.464797,9.894797,10.424797,10.994798,11.344797
1.4147973,2.4347973,3.4547973,2.7247972,2.4147973,1.6947974,1.6747974,0.6447974,1.7947974,-0.07520264,-1.3852026,-8.605203,-15.065203,-18.585203,-16.465202,-16.145203,-15.335202,-17.235203,-17.695202,-18.045202,-16.655203,-14.575203,-13.325203,-11.685203,-10.835202,-9.2652025,-8.8052025,-7.405203,-6.1352024,-5.1352024,-3.8152027,-2.1352026,-1.9452026,0.37479737,1.2847973,2.1347973,2.6447973,3.4347973,3.5547974,4.9147973,6.8947973,7.3147974,7.0047975,8.774797,9.704798,9.934797,10.4447975,11.104797,11.634797,10.684797,11.094797,10.384797,9.854797,9.134797,9.954798,10.414798,11.274797,10.604797,10.454798
4.8847976,4.5447974,4.9547973,3.1847973,2.3347974,1.3747973,0.29479736,0.29479736,-0.7152026,4.2347975,3.3647974,-5.445203,-15.745203,-16.255203,-15.375202,-14.815203,-17.775202,-18.355202,-17.615202,-15.665203,-13.145203,-12.155203,-11.785203,-10.845202,-9.885202,-8.715202,-8.125202,-7.215203,-5.7752028,-4.4752026,-2.8152027,-2.5252028,-0.48520264,0.67479736,2.8147974,2.9647973,3.1547973,4.6547976,5.3947973,5.6447973,6.6647973,7.594797,7.7047973,8.854797,9.584797,9.914798,10.094797,10.684797,10.9847975,10.104797,10.274797,10.684797,9.9447975,10.054797,8.384797,9.894797,9.904798,10.1947975,10.294797
7.6947975,5.344797,4.3847976,3.4047973,0.45479736,1.6147974,3.1247973,-0.18520264,0.10479736,2.1147974,2.3247974,-3.9852026,-8.065203,-10.475203,-12.485203,-15.025203,-15.345202,-15.335202,-14.445203,-13.375202,-13.455203,-12.445203,-11.405203,-10.035203,-8.505202,-7.655203,-8.095202,-6.7852025,-5.4952025,-4.0852027,-3.0152025,-1.0852027,0.54479736,1.5947974,2.6247973,3.4147973,3.6647973,4.7547975,5.7047973,6.5647974,6.7347975,7.0447974,8.154798,8.534798,8.674797,8.934797,9.4447975,9.404798,9.874798,10.334797,10.314797,10.724797,10.254797,9.724797,10.454798,8.524797,8.304797,8.574798,10.044797
2.6047974,3.2847974,4.9447975,3.0047975,2.5647974,1.3047974,3.0747974,1.1947974,1.1747974,1.1347973,-1.6352026,-3.8152027,-6.4952025,-8.955203,-10.895203,-10.995203,-10.235203,-11.565203,-11.625202,-12.995203,-11.315203,-10.915203,-10.375202,-9.3052025,-8.585202,-8.485203,-7.0252028,-6.0152025,-4.7052026,-3.0752027,-1.7952026,0.38479736,2.2047973,3.4747972,3.2147973,4.284797,4.784797,6.1547976,6.1047974,6.8647976,6.9747972,7.5047975,7.8747973,8.394797,8.154798,7.9447975,8.524797,9.094797,9.294797,9.654798,10.354797,10.144797,10.154798,10.154798,9.324798,10.364798,8.604797,7.554797,9.034798
-0.6652026,1.7747973,3.0047975,4.0647974,3.5547974,2.2847974,2.2247972,2.1647973,1.7947974,0.11479736,-1.5652026,-2.9152026,-5.2752028,-5.8652024,-7.4552026,-7.3452024,-9.125202,-9.975203,-10.935203,-10.125202,-9.665203,-9.955203,-9.395203,-8.545202,-8.685203,-7.6452026,-6.5452027,-5.4752026,-3.1152027,-2.3852026,-0.52520263,0.93479735,2.4147973,3.3747973,4.3547974,5.094797,6.344797,6.2547975,7.5247974,7.6547976,7.6647973,7.4747972,8.4447975,8.294797,8.294797,8.654798,8.804797,8.764797,8.544797,8.504797,8.454798,8.854797,9.184797,9.344797,8.904798,8.844797,7.9647975,8.094797,6.554797
-3.4552026,-2.0752027,1.3147974,0.5147974,0.79479736,1.6747974,1.8847973,1.1147974,0.7647974,-0.13520263,-0.87520266,-1.7752026,-3.6652026,-5.1652026,-6.5152025,-8.025203,-8.235203,-8.185203,-8.945203,-9.325203,-9.495203,-8.845202,-8.205203,-8.625202,-7.6352024,-6.7052026,-5.8052025,-3.8252027,-1.9352026,-1.0152026,0.5747974,2.4047973,3.0947974,4.4047976,5.1047974,6.034797,7.1647973,7.2747974,6.9447975,7.6347976,8.664798,8.2347975,8.224797,7.9647975,8.274797,9.074798,9.544797,8.334797,8.9447975,8.834797,8.014797,7.6947975,8.044797,8.314797,8.464797,8.154798,8.034798,7.514797,6.3147974
-1.5552026,-1.4152026,-1.3452027,-1.2952026,-0.93520266,-1.0752026,-0.35520265,0.064797364,-0.49520263,-1.4052026,-2.0352027,-3.7652025,-5.735203,-6.5852027,-7.2652025,-8.985203,-8.975203,-8.205203,-8.135202,-8.835202,-8.295202,-8.185203,-8.285203,-7.7652025,-7.005203,-6.2052026,-4.1652026,-3.2652025,-1.9252026,0.63479733,1.8347974,2.6147974,2.9247973,4.344797,5.7147975,6.8847976,7.4447975,8.204798,8.254797,8.334797,8.004797,8.684797,8.154798,8.244798,8.014797,8.164798,8.294797,8.634797,8.904798,8.834797,8.284798,8.024797,7.7947974,6.6847973,6.6147976,7.0847974,6.7747974,6.534797,5.844797
-2.8652027,-1.8352027,-1.3752027,-1.0952027,-1.4752027,-1.5952027,-2.0352027,-1.9152026,-1.9652027,-2.8352027,-3.6552026,-4.7652025,-5.695203,-6.6052027,-7.3752027,-7.9352026,-8.3052025,-8.595202,-8.595202,-8.315203,-7.8552027,-7.8752027,-8.125202,-7.215203,-6.2752028,-4.9752026,-3.8452027,-1.7752026,-0.19520263,0.34479737,1.6747974,2.7947974,4.284797,5.244797,5.7147975,6.554797,7.6547976,8.304797,8.9447975,9.174797,9.134797,8.954798,8.184797,8.364798,8.854797,8.524797,8.434797,8.704798,8.114798,8.084797,8.024797,7.6947975,7.6647973,7.1347976,6.594797,5.5247974,5.264797,4.6847973,5.4547973
-4.0152025,-4.0152025,-3.6152027,-3.0952027,-2.5452027,-2.3552027,-2.7352026,-2.8852026,-3.1152027,-3.6652026,-4.0752025,-4.405203,-5.1052027,-5.5952024,-6.0752025,-5.9152026,-5.965203,-6.945203,-6.8552027,-6.8352027,-7.2752028,-7.8752027,-7.1452026,-6.7252026,-5.3252025,-4.155203,-1.9852027,-0.51520264,0.92479736,1.5147973,2.6047974,4.1647973,4.4447975,5.8647976,7.4247975,7.6847973,8.344797,8.704798,8.834797,8.994798,9.514797,9.244798,9.874798,9.504797,9.324798,8.974797,8.374798,7.7247972,8.054797,8.154798,7.8747973,7.824797,7.054797,7.1147976,6.4847975,6.0047975,4.844797,3.4247973,3.2047973
-6.1252027,-5.3352027,-4.8252025,-4.1652026,-3.6352026,-2.6752026,-2.5552027,-2.7852027,-2.5552027,-3.6052027,-3.2852027,-2.8652027,-3.3052027,-4.3952026,-4.735203,-5.4752026,-6.1052027,-7.3052025,-6.1052027,-5.4952025,-5.195203,-5.505203,-5.755203,-5.3652024,-4.3852024,-2.2052026,0.044797365,1.2547973,2.1047974,2.9047973,4.074797,5.0047975,5.4647975,6.0047975,6.7347975,7.994797,8.514797,9.124798,9.224797,9.394797,10.004797,10.714797,10.654798,9.774797,9.704798,8.684797,9.024797,10.374798,10.804797,10.454798,9.034798,9.454798,9.924797,7.5447974,5.6747975,5.4147973,4.1847973,4.0247974,2.8047974
-7.2952027,-7.5352025,-6.255203,-4.675203,-4.3052025,-4.255203,-4.3552027,-4.3452024,-4.695203,-4.3852024,-3.6252027,-2.9152026,-2.8852026,-3.9252026,-4.195203,-5.3552027,-5.2652025,-6.0552025,-5.7852025,-4.715203,-3.8852026,-4.1652026,-3.7052026,-2.2752028,-1.3852026,-0.41520265,0.15479736,2.1947973,3.5047975,4.554797,5.4047976,5.9547973,5.4247975,7.054797,8.024797,8.424797,8.514797,9.624798,11.034798,11.454798,11.134797,11.414798,11.374798,11.454798,11.2347975,11.314797,12.064797,10.314797,11.374798,11.714797,11.364798,11.204798,9.604797,9.014797,8.594797,5.9747972,4.594797,4.1247973,2.7447975
-8.635202,-8.195203,-7.4952025,-6.1652026,-5.7852025,-5.5452027,-5.1152024,-4.8552027,-4.7952027,-4.2952027,-3.8652027,-4.215203,-4.7052026,-4.755203,-4.4352026,-4.235203,-4.695203,-4.7452025,-3.9852026,-2.4052026,-2.6952026,-2.5752027,-1.7352027,-1.1352026,0.98479736,1.5847974,2.1447973,2.9947975,4.8147974,6.3547974,6.094797,6.4047976,6.8547974,6.844797,7.8847976,8.514797,9.114798,10.434797,10.604797,10.494798,11.2347975,11.854797,12.084797,12.6947975,13.204798,13.184797,12.704798,9.754797,10.324798,12.834797,12.704798,11.404798,10.514797,9.834797,8.564797,6.6847973,5.3547974,4.244797,3.7547975
-9.525203,-9.565203,-8.665203,-8.0152025,-6.485203,-5.6252027,-5.3252025,-5.3552027,-4.8752027,-4.8752027,-4.8652024,-4.6152024,-4.2452025,-4.425203,-3.8352027,-4.005203,-4.5752025,-4.175203,-4.2852025,-3.6952026,-2.1552026,-1.1152027,-1.5652026,-1.0852027,0.81479734,1.7247974,0.98479736,1.1247973,2.2647974,6.8547974,5.9347973,6.3947973,6.6347976,7.1747975,7.7247972,8.284798,8.774797,9.674797,10.094797,11.414798,13.2347975,12.124798,12.564797,12.854797,13.724797,14.094797,13.774797,14.024797,12.9847975,12.304797,11.524797,11.174797,10.144797,9.684797,8.634797,7.304797,5.494797,4.3947973,3.8147974
-10.8052025,-10.3052025,-9.905203,-8.735203,-7.2652025,-6.255203,-5.235203,-5.8552027,-5.235203,-5.8352027,-4.8852024,-3.9552026,-4.4952025,-4.965203,-4.235203,-2.7152026,-2.7852027,-3.9952025,-3.9852026,-2.0452027,-0.27520263,0.48479736,0.28479737,0.35479736,1.3747973,0.50479734,0.26479736,1.2547973,2.2647974,3.9147973,6.3847976,5.5047975,5.8347974,6.2947974,6.1547976,7.824797,9.634797,11.2347975,11.804797,13.254797,13.104797,13.384797,13.184797,12.9447975,12.9847975,13.434797,13.894797,13.624798,13.514797,12.714797,12.1947975,10.894797,9.364798,9.024797,7.594797,6.6547976,5.6547976,4.6147976,3.1047974
-12.175202,-11.405203,-10.5552025,-9.565203,-8.435203,-7.6452026,-7.465203,-6.8852024,-5.3752027,-5.0452027,-5.4352026,-5.8052025,-4.925203,-4.8652024,-5.1852026,-4.945203,-4.6852026,-3.2052026,-2.4552026,-1.2352027,0.26479736,1.1147974,1.4647974,2.3347974,1.9747974,1.1547973,1.2047974,1.4647974,2.8947973,2.3547974,3.2747974,3.4747972,5.3847976,5.244797,5.1847973,6.014797,7.534797,7.1947975,10.624798,11.854797,11.644797,12.184797,12.784798,14.034798,14.244798,14.284798,14.364798,14.714797,14.794797,14.394797,13.744798,13.034798,11.064797,8.7347975,7.824797,6.804797,5.2147975,4.7147975,3.2847974
-13.775203,-12.945203,-11.945203,-10.995203,-10.035203,-8.965202,-8.425202,-7.1352024,-6.8052025,-6.735203,-7.7252026,-6.5652027,-6.485203,-5.5152025,-5.0952024,-4.2752028,-3.2752028,-2.9052026,-2.7752028,-0.62520266,0.50479734,0.9547974,0.94479734,1.4047973,1.3947973,1.4947973,1.4547974,1.6847974,2.0647974,2.2747974,2.9747972,2.9847975,3.7347975,4.6747975,5.034797,5.5847974,6.6947975,8.314797,9.784798,10.284798,10.884797,12.294797,13.214797,13.854797,14.204798,14.744798,15.604797,15.704798,15.4847975,15.174797,15.6947975,14.164798,12.184797,10.304797,8.154798,6.2347975,5.8747973,5.2047973,4.7247972
-13.405203,-12.595202,-11.435203,-10.375202,-10.095202,-9.795202,-9.065203,-8.135202,-8.135202,-7.695203,-7.505203,-6.2852025,-5.8652024,-5.755203,-4.655203,-2.2752028,-2.0252028,-1.2352027,-1.4652027,0.5247974,1.4947973,1.5147973,1.0947974,1.7747973,1.6747974,2.0047975,2.4547973,2.8547974,2.8347974,3.0647974,3.4947975,3.8947973,4.514797,5.5847974,5.6447973,5.1147976,7.1147976,9.144797,9.374798,10.374798,11.7347975,12.364798,12.6947975,13.564797,13.684797,14.1947975,15.514797,15.804797,17.954798,17.394798,16.724798,15.884797,13.704798,11.154798,8.904798,6.9147973,5.3647976,6.054797,3.7847974
-12.115203,-11.605203,-11.205203,-10.985203,-10.215202,-9.655203,-9.0152025,-8.695203,-7.3652024,-7.0952024,-6.3452024,-5.5252028,-4.8152027,-4.3052025,-3.9752026,-3.3852026,-2.6552026,-2.0552027,-1.1652026,-0.99520266,-0.21520263,0.19479737,0.94479734,1.4847974,1.8547974,2.1747973,2.8547974,3.1347973,3.1147974,3.5847974,4.2147975,5.1847973,5.6247973,6.2147975,3.6547973,6.4747972,8.304797,9.324798,10.344797,11.054797,11.534798,11.804797,12.214797,12.554797,12.084797,13.4447975,14.104797,14.604797,15.964797,16.604797,16.284798,16.104797,15.524797,12.034798,10.9847975,9.424797,7.4547973,5.6947975,5.5047975
-11.925202,-11.855203,-11.5552025,-11.0552025,-10.815203,-9.325203,-8.525203,-8.855203,-8.165203,-7.0552025,-5.9952025,-5.0552025,-4.215203,-3.5452027,-2.7952027,-2.3052027,-1.7752026,-1.5252026,-1.3552027,-1.0852027,-0.40520263,0.35479736,0.7147974,1.1147974,1.6447973,2.1447973,2.3247974,2.9147973,2.9447973,3.9247973,4.534797,4.6547976,4.244797,5.304797,6.994797,8.044797,9.274797,10.094797,10.574798,11.224797,11.544797,11.784798,11.704798,10.534798,10.584797,10.094797,11.634797,13.1947975,14.204798,14.624798,15.224797,14.454798,13.384797,13.154798,11.274797,10.934797,8.824798,7.5847974,6.514797
-11.935203,-11.405203,-10.935203,-10.5552025,-9.985203,-9.595202,-8.675202,-7.6852026,-7.2452025,-7.0852027,-5.965203,-5.1652026,-5.2952027,-5.3552027,-5.0652027,-4.2252026,-3.8152027,-3.3552027,-0.42520264,2.2347975,1.4147973,0.024797363,0.024797363,0.80479735,1.1947974,1.4247974,1.7347974,2.1347973,2.6647973,2.8047974,2.6247973,2.5247974,4.8347974,6.3747973,7.8747973,9.004797,9.604797,10.134797,10.674797,11.384797,11.774797,11.544797,10.434797,9.744798,10.454798,10.124798,11.424797,13.344797,13.844797,13.824798,13.814797,12.934797,12.384797,11.634797,10.134797,8.894797,8.074798,7.1747975,6.3347974
-11.595202,-10.5152025,-10.215202,-10.115203,-9.695203,-9.095202,-8.325203,-7.7752028,-7.0852027,-6.3752027,-5.8052025,-5.4952025,-4.8352027,-4.0152025,-3.1752026,-2.9452026,-2.4352026,-0.48520264,-0.12520264,0.81479734,1.7347974,1.2747973,0.49479735,0.68479735,0.6547974,1.4147973,0.8447974,1.2847973,1.3047974,0.41479737,0.5847974,2.9947975,4.6647973,6.744797,7.8347974,8.9847975,9.814797,10.4447975,11.044797,11.684797,11.324798,10.284798,9.244798,9.224797,10.004797,10.554797,11.454798,12.904798,13.814797,13.994798,13.914798,12.294797,9.814797,6.324797,6.7247972,7.8547974,6.9247975,7.5447974,12.154798
-10.535203,-10.335202,-10.195203,-10.215202,-9.3052025,-8.645203,-8.425202,-7.5752025,-6.465203,-5.5652027,-4.9552026,-4.5852027,-4.4552026,-4.1452026,-3.5752027,-2.4252026,-1.9752027,-1.9552026,-0.9252026,-0.39520264,0.014797363,0.33479735,0.21479736,-0.57520264,-0.33520263,0.42479736,0.43479738,-0.16520263,-1.4852027,-0.62520266,1.6647973,2.5747974,4.9747972,6.534797,7.804797,8.174797,10.124798,10.774797,11.4447975,12.014797,11.324798,9.774797,9.554797,9.154798,10.904798,11.104797,12.044797,12.434797,13.2347975,14.184797,15.204798,16.844797,17.044798,17.564796,18.854797,-3.7852027,0.7847974,2.7447975,6.8347974
-10.395203,-10.635202,-10.145203,-9.605203,-9.385202,-9.145203,-8.205203,-7.3452024,-6.7752028,-5.735203,-4.8152027,-4.3552027,-3.8652027,-3.2752028,-3.4852026,-3.2352026,-2.3652027,-2.0052025,-1.9352026,-1.7352027,-1.0052027,0.19479737,0.28479737,-0.14520264,-0.29520264,-0.24520263,-1.1352026,-2.3952026,-1.8952026,-0.48520264,1.5747974,2.8947973,4.034797,4.784797,5.4147973,6.2347975,7.344797,8.364798,10.344797,11.644797,11.084797,9.964797,9.604797,9.7347975,11.274797,11.664798,12.1947975,12.464797,13.354797,14.114798,14.844797,16.094797,17.074797,17.964798,19.494797,20.774797,-0.45520264,0.86479735,0.5947974
-9.105203,-7.695203,-8.615203,-7.175203,-6.7252026,-7.235203,-6.5652027,-5.3352027,-4.7752028,-4.3452024,-3.8152027,-3.0952027,-2.6252027,-2.2352026,-1.8152026,-1.4052026,-0.87520266,-0.23520264,-0.14520264,-0.7352026,-0.5352026,-0.29520264,0.054797363,0.40479738,-0.64520264,-2.1452026,-2.6352026,-2.1952026,-0.99520266,0.88479733,2.2847974,2.6847973,2.9647973,3.7547975,4.7747974,5.4347973,5.9547973,6.7347975,7.264797,7.824797,8.314797,10.184797,9.604797,9.724797,10.204798,10.744798,11.474797,11.964797,12.9847975,14.124798,14.364798,14.744798,15.424797,16.354797,17.074797,16.444798,15.4447975,5.0047975,3.9947975
-7.7952027,-7.675203,-7.2752028,-7.2952027,-6.8052025,-6.1852026,-5.755203,-5.4952025,-5.0252028,-4.3552027,-3.8252027,-2.9952025,-2.2152026,-1.4752027,-0.99520266,-0.52520263,-0.07520264,0.11479736,-0.13520263,-0.32520264,-0.13520263,-0.015202637,-1.3052026,-1.4252026,-2.0652027,-2.3952026,-2.3652027,-0.95520264,0.93479735,1.9247974,2.1647973,2.5647974,2.7947974,3.2547975,4.1347976,4.8947973,5.8947973,6.534797,7.4447975,7.514797,8.174797,8.384797,8.184797,7.8147974,7.9547973,7.9647975,7.9647975,8.914798,11.794797,13.244798,13.124798,13.604797,13.9847975,14.094797,14.204798,14.384797,14.334797,14.094797,13.294797
