json/gfs_20240720_12.json
{"header": { "discipline":0, "disciplineName":"Meteorological products", "gribEdition":2, "gribLength":79589, "center":7, "centerName":"US National Weather Service - NCEP(WMC)", "subcenter":0, "refTime":"2024-07-20T12:00:00.000Z", "significanceOfRT":1, "significanceOfRTName":"Start of forecast", "productStatus":0, "productStatusName":"Operational products", "productType":1, "productTypeName":"Forecast products", "productDefinitionTemplate":0, "productDefinitionTemplateName":"Analysis/forecast at horizontal level/layer at a point in time", "parameterCategory":2, "parameterCategoryName":"Momentum", "parameterNumber":3, "parameterNumberName":"V-component_of_wind", "parameterUnit":"m.s-1", "genProcessType":2, "genProcessTypeName":"Forecast", "forecastTime":0, "surface1Type":103, "surface1TypeName":"Specified height level above ground", "surface1Value":10.0, "surface2Type":255, "surface2TypeName":"Missing", "surface2Value":0.0, "gridDefinitionTemplate":0, "gridDefinitionTemplateName":"Latitude_Longitude", "numberPoints":65160, "shape":6, "shapeName":"Earth spherical with radius of 6,371,229.0 m", "gridUnits":"degrees", "resolution":48, "winds":"true", "scanMode":0, "nx":360, "ny":181, "basicAngle":0, "lo1":0.0, "la1":90.0, "lo2":359.0, "la2":-90.0, "dx":1.0, "dy":1.0 }, "data":
[rows 27 to 53 of 181, columns 61 to 121 of 360]
-3.071311,-1.911311,-2.901311,-4.921311,-7.0413113,-5.201311,-5.5413113,-5.161311,-4.911311,-6.151311,-5.7913113,-4.421311,-4.861311,-6.581311,-6.931311,-7.031311,-7.121311,-7.381311,-5.931311,-4.101311,-3.721311,-3.511311,-3.641311,-3.391311,-3.601311,-3.831311,-5.941311,-3.011311,-2.9413111,-1.921311,0.52868897,1.808689,2.148689,2.968689,0.49868897,1.848689,1.958689,0.29868898,-0.35131103,1.848689,1.8986889,2.428689,1.4986889,0.06868897,1.8986889,1.808689,2.638689,1.568689,1.368689,1.478689,0.878689,-1.0013111,1.7486889,1.858689,1.6286889,1.838689,1.298689,-0.08131103,-0.031311035,-1.051311,-1.1013111
-3.4213111,-5.3113112,-5.491311,-5.631311,-5.591311,-4.731311,-6.421311,-4.081311,-3.611311,-2.971311,-2.891311,-4.731311,-4.941311,-6.091311,-6.491311,-5.921311,-5.171311,-4.421311,-3.891311,-4.941311,-3.271311,-4.8113112,-6.031311,2.518689,-0.101311035,-2.531311,-2.301311,-1.541311,1.928689,0.55868894,0.53868896,1.168689,-0.35131103,-0.08131103,1.168689,0.27868897,-1.341311,-0.71131104,0.58868897,0.23868896,0.60868895,-0.63131106,-1.011311,0.06868897,0.41868895,2.648689,1.2686889,1.548689,0.77868897,1.2486889,1.328689,2.208689,-0.47131103,0.518689,0.958689,0.29868898,-1.401311,-0.94131106,-0.741311,-1.681311,-2.081311
-5.231311,-5.481311,-5.421311,-6.801311,-5.5413113,-4.281311,-2.231311,-2.9113111,-4.721311,-3.1913111,-2.991311,-5.321311,-3.711311,-4.481311,-0.871311,-3.9213111,-5.121311,-3.341311,-1.411311,-0.811311,-2.131311,-1.831311,-2.281311,-2.4113111,-2.031311,-2.041311,-1.211311,-0.49131104,0.938689,0.84868896,0.92868894,0.13868897,0.26868898,1.288689,1.208689,-0.051311035,-0.0013110351,-0.20131104,1.168689,1.2686889,1.698689,2.8186889,3.5686889,1.6286889,1.0186889,0.518689,0.888689,0.47868896,1.038689,1.178689,0.29868898,-0.28131104,-0.48131102,-0.84131104,-1.801311,-1.2213111,-1.891311,-1.641311,-0.09131104,-1.681311,-1.3513111
-5.551311,-5.191311,-5.5613112,-4.801311,-5.021311,-4.661311,-5.951311,-3.9313111,-2.281311,-1.8713111,-4.781311,2.208689,1.038689,-1.331311,-1.2513111,-1.831311,-0.94131106,-1.6113111,-2.591311,-2.981311,-3.201311,-2.301311,-2.491311,-1.931311,-1.9913111,-1.821311,-0.861311,0.49868897,-0.53131104,-0.36131105,1.488689,2.128689,2.018689,2.458689,0.648689,1.308689,0.91868895,1.788689,1.9986889,1.6286889,1.0186889,1.488689,0.20868896,1.488689,0.958689,0.19868897,0.26868898,-0.45131102,-0.44131103,-0.991311,-0.83131105,-0.78131104,-0.611311,-1.1113111,0.15868896,0.048688963,-1.831311,-2.751311,-1.4813111,-1.071311,-0.41131103
-3.831311,-4.141311,-3.761311,-2.391311,-0.76131105,-0.011311036,-2.761311,-2.641311,-1.091311,-2.791311,-1.631311,-1.9913111,-3.861311,-2.811311,-2.881311,-2.091311,-1.531311,-1.8613111,0.648689,0.60868895,1.228689,0.638689,0.97868896,0.36868897,-0.19131103,-0.851311,-0.18131104,0.77868897,1.038689,1.798689,1.178689,1.488689,1.4986889,1.1486889,1.918689,1.448689,1.488689,2.538689,1.698689,1.158689,0.22868897,0.108688965,-0.32131103,-1.141311,0.90868896,0.758689,-0.561311,-1.321311,-0.47131103,-0.061311036,-1.921311,-0.41131103,-0.24131103,1.038689,0.958689,-0.21131104,-0.52131104,-0.731311,0.60868895,-0.94131106,-0.13131103
-2.391311,-2.071311,-2.381311,-3.141311,-2.081311,-3.641311,-2.4313111,-2.6913111,-2.121311,-3.871311,-5.071311,-5.091311,-1.6013111,-1.2513111,-1.2313111,-0.051311035,1.7486889,-0.20131104,-0.011311036,-0.851311,-0.29131103,-0.17131104,-0.48131102,-0.88131106,0.14868897,-0.20131104,0.14868897,0.90868896,1.558689,2.5786889,1.788689,1.6386889,1.078689,-0.09131104,-0.47131103,0.048688963,-0.011311036,1.038689,1.218689,2.138689,1.5086889,0.43868896,0.35868895,1.368689,1.2586889,0.38868895,-0.24131103,0.38868895,-1.301311,-0.57131106,0.36868897,0.36868897,0.708689,0.038688965,-1.8513111,-0.26131102,0.73868895,-0.27131104,-1.401311,0.59868896,-1.271311
-0.70131105,-2.391311,-3.231311,-3.751311,-3.281311,-2.371311,-2.851311,-1.2513111,-3.9413111,-3.9413111,-2.271311,-1.531311,-0.031311035,2.0686889,1.468689,0.73868895,-0.34131104,2.018689,1.588689,1.928689,2.418689,2.298689,1.8986889,0.33868897,-0.11131103,-0.35131103,-0.20131104,1.7786889,0.898689,1.728689,1.8786889,1.358689,0.24868897,1.658689,2.268689,1.688689,0.31868896,0.37868896,0.898689,-0.64131105,-0.0013110351,-0.39131105,0.708689,1.078689,0.47868896,-0.671311,-0.28131104,-1.271311,-0.42131102,-1.551311,-1.151311,-1.681311,-1.4913111,-2.211311,-0.90131104,-1.0013111,-1.901311,0.47868896,-1.1013111,-1.881311,-1.061311
-2.031311,-2.6613111,-3.151311,-4.391311,-3.481311,-3.351311,-4.211311,-0.72131103,-2.101311,-2.631311,0.32868898,0.018688966,2.0786889,-1.6113111,1.2586889,0.96868896,-0.731311,-0.90131104,0.71868896,1.7786889,2.0786889,1.948689,1.8986889,1.438689,3.3086889,1.828689,2.658689,2.038689,0.628689,-0.13131103,1.658689,1.558689,1.618689,0.71868896,2.658689,0.46868896,-0.31131104,-1.2213111,-1.281311,0.34868896,-1.051311,1.178689,-0.981311,-0.19131103,-0.24131103,0.25868896,-1.3713111,-2.051311,-1.7513111,0.19868897,-0.021311035,-0.52131104,-0.89131105,-1.531311,-1.571311,-2.291311,-2.321311,-2.751311,0.708689,-1.711311,-2.491311
-1.341311,-3.371311,-4.451311,-3.201311,-3.361311,-3.591311,-2.041311,-2.1913111,-0.051311035,-0.25131103,-0.021311035,-0.36131105,-0.78131104,-0.601311,1.7686889,-0.18131104,-0.95131105,0.90868896,0.878689,3.5586889,3.5886889,1.3786889,1.958689,-0.061311036,-0.801311,-0.18131104,1.188689,1.698689,0.98868895,-1.1213111,1.438689,1.578689,0.34868896,0.058688965,1.6486889,0.31868896,0.96868896,1.448689,0.30868897,-0.051311035,-1.421311,-0.90131104,-2.781311,-0.801311,-1.0013111,-1.581311,-1.5013111,-1.211311,-1.911311,-0.921311,-1.7413111,-0.65131104,-0.70131105,0.30868897,-0.15131104,-1.061311,0.18868896,0.66868895,0.54868895,-1.6113111,-1.791311
-2.221311,-1.681311,-1.341311,-3.331311,-0.931311,-0.88131106,0.77868897,0.67868894,-0.90131104,-1.781311,-2.741311,-3.751311,-2.111311,0.37868896,-0.75131106,0.36868897,-1.581311,0.71868896,3.0886889,3.868689,3.448689,3.018689,0.67868894,-0.031311035,-0.541311,0.41868895,-1.011311,0.39868897,0.698689,-1.1113111,-0.811311,1.2486889,-0.45131102,0.71868896,0.13868897,-1.911311,-1.8613111,-0.811311,-0.34131104,0.758689,0.08868896,-1.061311,-2.541311,1.788689,-1.021311,-2.781311,-0.14131103,-0.041311037,-0.51131105,-0.621311,0.36868897,-0.931311,-1.761311,0.19868897,-0.23131104,-0.26131102,-0.541311,-1.511311,-0.69131106,-2.541311,-2.9213111
-3.121311,-4.071311,-4.781311,-2.751311,-2.9413111,-3.6913111,-3.6813111,-4.231311,-2.6813111,-2.4313111,-0.96131104,2.8286889,-3.701311,0.80868894,-1.061311,-0.991311,2.868689,0.42868897,-0.791311,2.908689,0.91868895,0.66868895,1.288689,0.52868897,0.71868896,-0.0013110351,-0.14131103,-0.09131104,-1.461311,-0.741311,1.3886889,0.98868895,1.3786889,-1.4713111,-1.301311,-1.291311,-1.451311,-1.4913111,-1.5013111,-1.4813111,-0.76131105,-0.78131104,-2.631311,-0.38131103,0.09868897,1.108689,-4.401311,-3.221311,-0.65131104,-0.84131104,0.35868895,0.818689,1.448689,0.36868897,-0.27131104,-0.49131104,-0.90131104,-0.47131103,-1.2513111,-1.531311,-1.3513111
-3.121311,-3.311311,-3.601311,-5.001311,-2.841311,-3.551311,-1.931311,-2.531311,-1.821311,-1.1213111,-0.811311,-0.871311,-1.131311,-0.29131103,-2.351311,-0.981311,-1.941311,1.238689,-0.95131105,-0.741311,-1.271311,-1.911311,1.1486889,1.158689,0.048688963,-1.311311,-1.331311,0.948689,-1.581311,-2.021311,-2.251311,-1.541311,-1.831311,-2.571311,-1.661311,-1.691311,0.54868895,-0.71131104,-1.9813111,-1.831311,-1.4813111,-1.1213111,1.158689,1.8886889,-0.47131103,2.278689,-1.581311,-1.131311,-1.2313111,-0.76131105,1.3986889,0.45868897,-1.511311,-1.011311,-1.021311,-1.7513111,0.878689,-1.381311,-1.181311,-0.931311,-0.76131105
-1.9713111,-3.861311,-2.591311,-2.361311,0.14868897,-1.451311,-2.721311,-5.581311,-4.361311,-4.431311,-3.071311,-1.561311,0.30868897,-2.6613111,-0.14131103,-3.641311,-0.53131104,-2.791311,3.718689,6.618689,8.298689,2.3386889,1.788689,2.288689,3.908689,0.628689,-0.78131104,-0.65131104,-0.27131104,-0.49131104,-2.641311,-1.421311,-2.051311,-2.491311,-1.781311,0.06868897,0.18868896,-0.65131104,-1.4913111,-1.581311,-1.511311,-1.151311,-1.451311,-1.011311,-1.551311,-0.76131105,-2.111311,-0.51131105,-0.071311034,-0.32131103,0.73868895,-0.45131102,-0.63131106,-1.1213111,-2.811311,-2.341311,-0.97131103,-0.76131105,-1.211311,-1.051311,-1.561311
-4.351311,-4.211311,-3.211311,-3.271311,-4.331311,-1.911311,-1.841311,0.84868896,0.48868898,-4.211311,-5.421311,-0.871311,-3.201311,0.78868896,-3.541311,-3.471311,0.948689,1.218689,4.198689,-0.601311,-3.591311,-4.391311,-0.42131102,0.55868894,2.698689,2.038689,1.558689,0.048688963,-1.7413111,-1.5013111,-1.391311,-5.351311,-3.271311,-3.9313111,-1.461311,-1.891311,-1.411311,-1.8613111,-1.761311,-2.9413111,-1.191311,-0.051311035,-0.851311,0.30868897,-3.131311,-1.951311,-2.791311,-0.36131105,-1.181311,-1.0013111,2.028689,0.43868896,-0.24131103,-1.3613111,-1.211311,-2.751311,-0.78131104,0.24868897,-0.24131103,-1.0013111,-1.4813111
-4.491311,-5.411311,-4.471311,-4.081311,-4.601311,-2.981311,-3.361311,-2.631311,-6.741311,-0.26131102,2.348689,-0.57131106,-2.111311,-3.901311,-4.451311,-3.541311,2.028689,-2.581311,3.358689,4.948689,-1.661311,3.918689,-0.601311,-1.9713111,0.038688965,0.16868897,2.678689,1.868689,-0.23131104,-0.561311,0.59868896,4.618689,-4.961311,-5.201311,-4.051311,-3.071311,-1.3613111,-2.351311,-2.091311,0.078688964,-1.331311,-1.3713111,-0.64131105,-1.931311,-0.621311,6.1886888,4.608689,0.32868898,1.368689,0.758689,1.178689,0.77868897,1.448689,-1.061311,-0.041311037,-0.70131105,-0.16131103,0.698689,-1.1013111,-2.261311,-0.82131106
-4.301311,-4.211311,-4.0413113,-5.381311,-3.111311,-4.171311,-3.211311,-5.951311,-1.4913111,-2.601311,-1.771311,-1.951311,-1.531311,-3.031311,-1.161311,-5.091311,-6.8113112,5.078689,-2.291311,-8.111311,-7.931311,2.648689,2.508689,2.368689,-2.4213111,-2.741311,-1.0013111,-1.171311,2.268689,1.598689,0.038688965,4.238689,-0.46131104,-5.0413113,-4.351311,-3.711311,-1.6113111,-0.97131103,-0.78131104,-0.23131104,-1.3613111,-0.801311,1.988689,-0.63131106,0.77868897,0.73868895,1.3886889,0.16868897,0.898689,1.448689,-0.35131103,0.108688965,1.308689,0.698689,-1.821311,-2.631311,-2.711311,-2.711311,-2.381311,-0.31131104,-0.63131106
-4.031311,-3.4413111,-3.4413111,-3.771311,-2.801311,-5.241311,-6.851311,-1.8613111,0.818689,2.848689,2.418689,-0.791311,-3.771311,-4.361311,2.288689,5.148689,4.668689,2.388689,3.968689,0.74868894,6.658689,7.388689,0.61868894,1.5286889,-0.71131104,-1.3713111,-2.971311,-3.701311,-3.401311,-2.981311,0.49868897,-0.19131103,1.338689,-4.701311,-4.271311,-2.6913111,-5.601311,-3.611311,-3.971311,1.288689,2.208689,1.838689,4.778689,1.988689,3.178689,0.958689,-3.1913111,-0.36131105,0.24868897,-0.96131104,-1.821311,-0.31131104,-2.781311,-3.4413111,-1.011311,-3.811311,-3.631311,-2.611311,-1.531311,-2.221311,-1.541311
-0.061311036,-4.051311,-3.6913111,-3.961311,-4.221311,-3.371311,-1.821311,-0.621311,-1.681311,-0.061311036,-1.671311,-3.231311,-2.4113111,3.478689,-1.3713111,-0.061311036,4.9386888,1.1486889,2.778689,0.65868896,2.528689,1.598689,1.038689,-2.491311,-0.13131103,1.718689,1.468689,-1.641311,-4.141311,-6.261311,-5.271311,-0.36131105,0.77868897,-0.29131103,0.948689,-4.851311,-7.401311,-6.7913113,-4.211311,0.44868895,-0.78131104,1.698689,1.1286889,7.038689,6.598689,6.4586887,0.23868896,-10.091311,3.498689,0.55868894,-2.221311,-2.621311,-2.781311,-3.251311,-3.771311,-3.4413111,-2.991311,-2.9113111,-3.611311,-2.291311,-0.21131104
-3.971311,-2.471311,-5.081311,-5.591311,-4.021311,-3.281311,-2.391311,-0.101311035,-1.781311,-1.1013111,0.06868897,1.728689,3.488689,1.928689,3.0786889,1.798689,3.348689,3.428689,0.17868896,-0.95131105,0.108688965,3.3086889,2.358689,1.0086889,0.08868896,-0.25131103,-1.261311,-2.651311,-3.871311,-4.361311,-4.281311,-8.811311,-6.841311,-6.761311,-1.291311,-4.911311,-7.421311,-5.741311,-6.671311,-3.9113111,-0.23131104,-0.64131105,4.168689,1.728689,7.358689,1.318689,-6.551311,-7.611311,3.918689,0.66868895,-1.921311,-2.741311,-3.1613111,0.18868896,0.15868896,0.24868897,-2.491311,-2.141311,-2.351311,-4.611311,1.688689
-4.031311,-3.891311,-4.271311,-4.841311,-3.9313111,-4.091311,-3.901311,-0.991311,-1.951311,-3.791311,-2.121311,7.558689,8.428689,7.098689,11.978689,0.818689,-1.321311,-9.001311,2.388689,1.7686889,0.60868895,0.638689,1.308689,1.108689,-1.441311,-1.651311,-3.031311,-2.711311,-0.96131104,-1.431311,-3.6713111,-4.141311,-2.641311,-4.401311,-3.701311,-4.021311,-2.251311,-4.181311,-7.341311,4.368689,3.3086889,1.5086889,2.238689,-2.391311,3.3286889,5.968689,-2.571311,-7.401311,-1.581311,3.288689,-2.491311,-2.511311,-2.4413111,1.108689,-0.851311,-2.6913111,-2.631311,-3.031311,-1.321311,2.888689,7.608689
-4.371311,-5.121311,-2.281311,-2.001311,-2.731311,-2.251311,-3.851311,-3.9213111,-2.901311,-0.91131103,-3.651311,-0.811311,2.3186889,-0.0013110351,-6.401311,-4.001311,-1.151311,-1.881311,-3.601311,2.008689,-0.36131105,-1.421311,-2.841311,-0.12131104,-2.641311,1.188689,1.2586889,1.5086889,2.748689,2.538689,3.138689,-12.3013115,-5.411311,-5.581311,-5.441311,-7.931311,-5.831311,-5.641311,-3.811311,-2.6913111,-0.64131105,-1.651311,-5.701311,-0.20131104,6.038689,6.398689,2.728689,-4.351311,-1.4813111,-3.291311,3.938689,-1.201311,-4.0413113,-3.821311,-0.65131104,-2.061311,-0.65131104,2.8286889,3.468689,6.508689,7.118689
-2.341311,-1.821311,-3.451311,-2.4413111,-1.901311,-4.401311,-5.271311,-5.221311,-4.751311,0.72868896,2.5686889,2.728689,-1.6113111,2.458689,0.818689,4.358689,-2.351311,-4.201311,-1.5013111,-1.921311,2.298689,-0.561311,-1.1113111,0.52868897,2.0686889,0.878689,-2.201311,-0.47131103,-0.64131105,-3.991311,-3.761311,-5.651311,-4.761311,-3.591311,-3.731311,-4.921311,-6.281311,-5.201311,-3.791311,-1.071311,1.6486889,0.09868897,-0.33131105,6.7086887,5.558689,6.538689,4.528689,-2.381311,-0.88131106,2.138689,6.738689,3.0586889,1.698689,3.468689,3.668689,0.85868895,2.788689,1.9986889,4.078689,2.738689,4.378689
-3.341311,-4.361311,-4.691311,-5.381311,-5.081311,-4.861311,-4.731311,-3.701311,-2.641311,-1.781311,3.548689,3.858689,1.788689,1.7686889,-2.9113111,-3.6613111,2.598689,0.948689,1.538689,3.038689,0.17868896,-1.631311,1.348689,1.7786889,0.23868896,2.8086889,-1.591311,-1.5013111,-3.541311,-6.151311,1.698689,-3.4113111,-2.631311,-6.711311,-6.401311,-4.781311,-2.261311,-6.491311,-6.581311,-6.0413113,-5.731311,-2.901311,-0.84131104,-1.2513111,0.66868895,-3.541311,-4.681311,-7.951311,6.238689,2.958689,1.7786889,-1.571311,0.898689,1.738689,1.328689,1.5086889,2.3286889,1.068689,1.2486889,3.258689,4.778689
-3.761311,-3.6813111,-4.961311,-4.881311,-5.551311,-2.9113111,-1.701311,-5.971311,-4.0613112,-3.201311,-3.391311,-3.651311,-3.6913111,-1.811311,6.508689,4.818689,4.128689,4.068689,0.578689,0.948689,1.668689,-0.95131105,-1.421311,-2.211311,-1.911311,-1.531311,-2.741311,-2.1713111,-1.2313111,-2.561311,-3.291311,-3.711311,-3.101311,-1.7513111,-3.041311,-2.731311,-3.011311,-3.791311,-0.46131104,1.358689,2.3386889,-2.271311,-3.761311,-1.4913111,-5.501311,-4.891311,-4.681311,5.518689,6.228689,5.478689,6.028689,3.698689,1.358689,2.888689,2.698689,1.9986889,2.538689,3.598689,1.058689,5.908689,4.468689
-5.381311,-4.631311,-5.641311,-6.211311,-7.001311,-3.9313111,-1.4813111,2.188689,2.428689,0.958689,-0.51131105,1.918689,1.108689,-0.83131105,-2.311311,1.488689,4.538689,1.3786889,-3.561311,-3.871311,-3.961311,-5.021311,-4.711311,-4.731311,-4.111311,-2.871311,-3.381311,-4.691311,-3.4113111,-3.841311,-5.2913113,-8.831311,-8.921311,-6.961311,-7.901311,-5.971311,-3.561311,-3.581311,-1.451311,1.7586889,2.628689,-1.711311,-3.241311,-2.741311,-6.991311,-3.731311,-4.051311,5.748689,5.868689,6.198689,2.488689,0.888689,2.198689,1.5286889,2.038689,3.5886889,5.128689,8.328689,10.518689,4.788689,-0.57131106
-4.7913113,-5.991311,-4.5613112,-5.171311,-4.761311,-5.021311,2.258689,1.918689,0.58868897,1.078689,0.59868896,1.7586889,-2.571311,2.968689,-1.141311,-0.53131104,-0.671311,-2.731311,-0.16131103,-4.801311,0.038688965,-2.9113111,-5.451311,-5.081311,-4.481311,-6.421311,-3.531311,-4.7913113,-5.681311,-8.901311,-9.991311,-8.601311,-9.991311,-3.801311,0.708689,3.158689,-1.4813111,-0.20131104,-0.94131106,-0.611311,-0.561311,2.418689,-5.351311,-7.251311,-12.501311,-6.981311,7.428689,6.838689,3.298689,3.488689,2.668689,3.278689,0.61868894,1.188689,6.348689,4.728689,5.048689,6.2086887,7.578689,5.048689,-1.4713111
-4.751311,-6.321311,-6.0613112,-5.7913113,-4.631311,-2.881311,0.078688964,0.628689,-1.541311,-1.0013111,-1.571311,-3.9113111,2.128689,3.028689,0.71868896,-1.641311,-3.121311,-2.541311,-3.381311,-1.881311,-0.29131103,-2.721311,-2.551311,-3.561311,-3.571311,-5.871311,-6.371311,-6.191311,-10.861311,-10.061311,0.79868895,-5.381311,-6.351311,-5.8113112,-1.2313111,1.178689,1.368689,-0.91131103,0.60868895,1.458689,-0.53131104,-2.871311,-4.111311,-9.901311,-7.5613112,1.2586889,6.668689,4.608689,3.358689,6.428689,1.828689,2.718689,3.3186889,2.758689,5.848689,4.9386888,3.748689,2.408689,2.938689,1.3886889,0.53868896
