json/gfs_20240717_06.json
{"header": { "discipline":0, "disciplineName":"Meteorological products", "gribEdition":2, "gribLength":79541, "center":7, "centerName":"US National Weather Service - NCEP(WMC)", "subcenter":0, "refTime":"2024-07-17T06:00:00.000Z", "significanceOfRT":1, "significanceOfRTName":"Start of forecast", "productStatus":0, "productStatusName":"Operational products", "productType":1, "productTypeName":"Forecast products", "productDefinitionTemplate":0, "productDefinitionTemplateName":"Analysis/forecast at horizontal level/layer at a point in time", "parameterCategory":2, "parameterCategoryName":"Momentum", "parameterNumber":3, "parameterNumberName":"V-component_of_wind", "parameterUnit":"m.s-1", "genProcessType":2, "genProcessTypeName":"Forecast", "forecastTime":0, "surface1Type":103, "surface1TypeName":"Specified height level above ground", "surface1Value":10.0, "surface2Type":255, "surface2TypeName":"Missing", "surface2Value":0.0, "gridDefinitionTemplate":0, "gridDefinitionTemplateName":"Latitude_Longitude", "numberPoints":65160, "shape":6, "shapeName":"Earth spherical with radius of 6,371,229.0 m", "gridUnits":"degrees", "resolution":48, "winds":"true", "scanMode":0, "nx":360, "ny":181, "basicAngle":0, "lo1":0.0, "la1":90.0, "lo2":359.0, "la2":-90.0, "dx":1.0, "dy":1.0 }, "data":
[rows 26 to 51 of 181, columns 236 to 294 of 360]
-1.7334986,-2.3634984,-2.6834986,-3.2534986,-0.17349854,1.6265014,-1.7734985,-3.0234985,-1.6934985,0.36650145,3.0665014,0.92650145,1.6565014,4.7865014,3.2165015,2.3465014,2.9465015,3.3165014,2.8065014,3.6265016,3.9965014,3.8965015,3.3165014,1.4165015,2.5965014,1.3965014,1.6965015,1.2465014,1.1465014,-0.40349853,-1.1134986,-0.6134985,-2.3034985,-0.9734985,-0.51349854,-3.8434985,-6.3134985,-5.0534987,-4.7234983,-3.4634986,-1.1734985,0.6465015,-2.6534986,-2.8234985,-2.3834984,-2.1234984,-2.0234985,0.39650145,1.3465015,4.5765014,5.6465015,6.3165016,4.0465016,5.0865016,5.0265017,4.5665016,2.7865014,3.4265015,2.7365015
-0.9134985,-1.8534986,-1.7134986,1.6165015,2.3365014,-2.8134985,-4.2034984,0.35650146,2.3865016,3.3265014,3.1465015,2.7265015,1.7965015,2.0165014,0.07650147,2.2965014,5.6165013,3.8465014,4.2465014,4.0665016,4.1265016,3.7065015,4.0165014,4.5365014,3.0865014,1.5065014,1.2065015,1.5965015,0.24650146,0.26650146,1.0365014,0.81650144,0.09650146,0.43650147,3.3465014,1.3765014,0.37650147,-0.27349854,3.1365016,1.0965015,2.6065016,2.4865015,-0.6034985,-2.6134984,0.26650146,0.22650146,1.7965015,3.2765014,3.9865015,4.3265014,3.9165015,5.1665015,5.4265013,0.38650146,1.4465015,0.59650147,0.5865015,4.9065013,-0.08349854
-1.4534985,2.6465015,2.1065016,0.5265015,-1.6934985,-1.8634986,0.81650144,2.2865014,2.3765016,2.7165015,3.6865015,1.2065015,2.1165016,2.4865015,1.6965015,3.4865015,3.1965015,3.7765014,3.7465014,4.8865013,4.6965013,3.9165015,4.0665016,3.4965014,2.7165015,1.0265014,2.1465015,1.1665015,-0.13349853,0.9065015,0.17650147,1.1165015,3.9665015,4.1965013,4.3565016,3.5665014,2.9365015,1.7165015,4.0565014,2.3065014,0.68650144,0.7165015,0.6365015,1.7165015,2.9565015,2.9665015,3.0965014,1.3465015,1.2365015,1.1065015,0.84650147,-0.82349855,4.7765017,4.0965014,2.3465014,0.33650148,0.8265015,-0.70349854,-3.8534985
1.3165015,1.9465015,2.4165015,2.0065014,1.8265015,3.0665014,1.8565015,1.9365015,3.0265014,3.1465015,2.3265014,1.4465015,2.2765014,2.6765015,3.1265016,3.8165014,3.3565016,3.7965014,4.5165014,4.3365016,4.216501,4.216501,3.9765015,4.3465014,3.0965014,1.8965014,1.2665014,-0.25349852,0.72650146,0.92650145,2.1165016,2.5065014,2.8465014,2.6665015,3.3465014,3.0865014,2.9865015,3.2865014,2.3465014,0.29650146,2.5365014,1.6465014,0.93650144,0.40650147,0.6565015,0.46650147,0.116501465,-1.1534985,-2.1534986,-2.7434986,-2.8234985,1.8565015,0.7065015,-0.94349855,-2.0134985,-3.7634985,-2.6534986,0.67650145,3.2165015
-0.21349853,1.3465015,0.93650144,0.7665015,0.036501464,-0.11349854,0.16650146,-0.39349854,0.93650144,1.5665015,0.91650146,1.8365015,1.8965014,2.7065015,2.6465015,1.2965015,1.7065015,3.1265016,4.4765015,3.3965015,4.6465015,4.9765015,4.8465014,3.7665014,3.3465014,2.9965014,1.1865015,1.3765014,1.4865015,1.2465014,1.3965014,1.6565014,2.2865014,2.5765014,3.0465014,2.3965015,2.0765014,1.6465014,0.116501465,-1.1334985,-0.88349855,-1.3434986,-1.0934986,-0.83349854,-2.4134986,-2.9334986,-3.0834985,-2.5834985,-3.3834984,-4.0134983,-3.0734985,0.98650146,1.3065015,1.0365014,0.26650146,-5.1934986,0.50650144,-2.8934984,-1.2534986
1.5465015,1.0165014,-0.70349854,-1.6534985,-0.9834985,0.68650144,1.6665015,1.4665015,-0.9134985,0.24650146,-0.88349855,0.27650148,1.1265014,0.97650146,2.2865014,2.4565015,4.3965015,4.8565016,3.6965015,3.2265015,3.3465014,5.3765016,4.1765013,3.4865015,2.4765015,1.6565014,1.3965014,1.3865014,1.4965014,1.1265014,1.2265015,2.4065015,2.8965015,2.6565015,2.2865014,1.7565014,1.1265014,0.116501465,-0.7234985,-0.76349854,-0.9234985,-1.6334985,-2.9534986,-3.3934984,-3.7334986,-4.4934983,-3.6434984,-3.5734985,-3.5834985,-3.1634986,-2.5834985,-2.0734985,2.5965014,0.116501465,-0.87349856,-1.8534986,-2.3834984,-2.6134984,-1.6134986
1.2265015,0.37650147,0.8865015,1.1765015,2.7765014,2.0765014,0.92650145,1.7765014,2.1565015,1.5565015,2.5065014,2.5565014,1.7665014,4.0765014,4.0165014,4.4265013,5.3565016,3.2565014,4.2865014,3.5965014,3.9365015,4.0765014,3.1365016,2.6365016,1.9765015,2.2565014,1.8765014,1.5065014,0.31650147,1.1465014,2.8665016,2.6165016,3.3865016,2.4765015,1.8765014,0.93650144,0.25650147,-1.2934985,-2.1434984,-3.0634985,-3.3334985,-3.9434986,-5.0034986,-5.7334986,-5.9534984,-6.5834985,-6.3234987,-3.2034986,-2.8734984,-0.8534985,0.22650146,-1.1034986,-2.1634986,-2.6534986,-3.3434985,-3.1734986,-4.1834984,-2.3534985,-0.36349854
1.3265015,0.7165015,0.8865015,2.1265016,2.5165014,1.5665015,0.80650145,2.2265015,1.7365015,2.4165015,-0.27349854,0.15650147,1.1065015,2.2865014,2.5465014,2.0565014,4.1165013,4.4865017,5.1465015,3.1265016,2.8565016,3.2765014,4.1265016,3.3865016,2.0065014,3.1865015,2.1565015,0.86650145,-0.46349853,0.56650144,1.0965015,2.3465014,1.7965015,1.8265015,1.1365014,-0.23349853,-0.88349855,-2.8234985,-3.8634984,-4.5834985,-5.283499,-6.033499,-6.1934986,-6.5534987,-6.9934983,-7.9234986,-8.493499,0.79650146,0.8865015,0.80650145,-0.88349855,-2.3434985,-3.2034986,-2.7834985,-3.2434986,-4.0434985,-2.5334985,-0.26349854,1.3565015
0.25650147,1.7465014,1.9065014,2.6365016,2.8965015,1.2565014,0.72650146,2.7465014,1.1465014,1.7965015,1.1765015,1.1365014,2.3365014,1.4665015,2.0465014,2.2565014,2.3365014,2.8465014,2.0365014,2.4865015,2.6765015,2.6765015,2.3165014,2.1765015,2.0465014,0.8865015,0.21650146,-0.35349855,-0.22349854,0.74650145,0.17650147,0.55650145,-1.2234986,-0.57349855,-1.3034985,-2.3034985,-2.9934986,-3.5434985,-4.8534985,-5.6034985,-6.3234987,-6.3234987,-6.1734986,-6.2434983,-6.7534986,-6.4934983,-3.7934985,1.1665015,-0.76349854,-1.2534986,-1.5734985,-2.9134986,-2.5734985,-1.5634985,-1.9634986,-0.63349855,-0.94349855,-0.82349855,0.116501465
0.60650146,1.5965015,1.9065014,2.0565014,0.46650147,1.2065015,1.0665015,-0.093498535,1.1365014,-1.5834985,2.4665015,1.7465014,1.5265014,1.3965014,2.3865016,2.6465015,1.9165015,2.7265015,2.5965014,3.8865016,2.3865016,2.5665014,2.6765015,2.0265014,1.6165015,0.20650147,0.84650147,-1.1534985,0.30650148,-0.33349854,-0.68349856,-0.8034985,-1.3934985,-0.17349854,-1.2534986,-1.7034985,-3.5134985,-4.5834985,-3.9734986,-3.5334985,-4.3134985,-4.5034986,-5.5734987,-6.4134984,-6.2334986,-4.1734986,-3.3134985,-3.0734985,-3.0734985,-0.5534985,-1.2034985,-1.7734985,-2.3834984,-1.6434985,-1.7434986,-1.8134985,-1.3134985,0.7165015,0.9065015
0.98650146,0.39650145,1.0065014,-1.2134986,0.18650146,0.34650147,0.056501463,-0.94349855,0.92650145,1.8665015,3.2765014,2.7565014,2.2465014,3.9265015,2.1765015,3.1165016,2.5465014,2.6865015,2.8265014,2.1565015,2.0865014,1.9765015,2.2965014,2.6465015,2.1665015,0.86650145,-0.31349853,-1.6834985,-0.33349854,-1.1334985,-1.8034985,-1.8034985,-2.2934985,-1.2434986,-1.6834985,-1.6934985,-3.4534986,-4.4234986,-4.3834987,-4.9834986,-5.1334987,-6.0034986,-7.0234985,-6.3234987,-5.8434987,-3.1134984,-2.6734986,-4.1234984,-0.68349856,-0.0034985351,-1.0634985,-1.4034985,-2.3234985,-1.4234985,-1.6834985,-1.7734985,-1.1134986,-0.90349853,0.61650145
1.6165015,1.0465015,-0.8534985,-0.68349856,0.62650144,-0.81349856,-0.8034985,2.2865014,0.8265015,3.5065014,3.6565015,1.7465014,2.2665014,3.4965014,3.0165014,2.9365015,2.1065016,3.5065014,3.6065016,3.3365014,2.5665014,1.7365015,0.8265015,3.1565015,1.7765014,0.35650146,-3.0234985,-1.2534986,-0.77349854,-0.5534985,-1.4134985,-1.7234986,-1.5034986,-1.9634986,-2.0734985,-2.4634986,-2.5734985,-3.1534986,-4.1534986,-3.7834985,-3.9134986,-3.4734986,-4.9134984,-4.3734984,-7.033499,-5.9334984,-5.6134987,-4.0734987,-1.9634986,-1.8834985,-1.3434986,-0.48349854,-0.0034985351,-0.94349855,0.09650146,-0.94349855,-0.58349854,-0.52349854,-1.5334985
0.53650147,-0.45349854,-0.56349856,-2.0334985,-0.46349853,-0.8634985,-0.49349853,-0.15349853,0.6965015,1.8865014,1.5365014,1.1765015,-3.1234984,3.2065015,2.6765015,3.5065014,3.2065015,3.3465014,2.5865014,2.1065016,0.44650146,0.72650146,0.28650147,1.6165015,-0.5334985,-0.6634985,-2.3234985,-4.3734984,-1.9134985,-0.6034985,-1.5334985,-1.9634986,-2.3534985,-2.1434984,-2.0334985,-2.1534986,-2.5534985,-3.4734986,-3.9234986,-3.2234986,-3.4434986,-5.4934983,-3.2734985,-5.1134987,-6.8634987,-6.6734986,-2.1334984,-2.2034986,-2.0734985,-1.1834985,-1.3734986,-1.1134986,-0.5334985,-1.0834985,-1.2234986,-1.0334985,-1.1034986,-0.6634985,-1.0034986
0.98650146,-1.1234986,-2.0834985,-1.0634985,-0.053498536,-1.7534986,-1.0934986,1.4965014,-1.3534986,1.7965015,2.0765014,-0.93349856,0.60650146,2.1965015,2.1865015,2.3265014,2.2965014,2.1465015,2.2065015,1.7365015,0.22650146,0.42650145,1.3665015,-0.33349854,0.54650146,-0.93349856,-2.2334986,-3.2834985,-2.0234985,-2.2334986,-1.9134985,-2.1034985,-2.4534986,-3.2134986,-2.9134986,-1.4834986,-2.4034986,-3.5934985,-2.3934984,-2.7034986,-2.0634985,-3.1234984,-2.2934985,-2.0434985,-2.4334986,-1.1234986,-1.1934985,-2.1434984,-1.8834985,-2.4234986,-0.8434985,-0.5934985,-0.43349853,-0.21349853,-0.9134985,-0.65349853,-0.57349855,-1.1434985,-0.27349854
-1.3834985,-0.12349854,-0.28349853,1.2665014,0.5165015,1.1765015,1.4165015,0.5265015,0.74650145,-0.27349854,-2.5334985,-1.6434985,1.3765014,1.6965015,1.6165015,2.3265014,1.4965014,0.7165015,1.0465015,1.9165015,1.2165015,0.20650147,0.48650146,-0.11349854,-1.7334986,-2.0934985,-2.1434984,-2.8634984,-1.9634986,-1.3034985,-1.8034985,-1.5434985,-2.1534986,-2.9034986,-3.9234986,-4.2134986,-4.0634985,-4.0434985,-3.4134986,-2.4834986,-2.5234985,-2.7334986,-1.9934986,-2.3634984,-2.4034986,-2.5034986,-1.9734986,-0.7234985,-0.47349852,-1.2434986,0.016501464,0.37650147,0.8365015,0.61650145,0.74650145,1.1065015,1.1165015,0.7165015,-0.9234985
0.68650144,0.7765015,0.84650147,0.036501464,1.4665015,0.42650145,-1.5834985,-0.41349852,0.036501464,0.086501464,0.91650146,3.5265014,3.4965014,3.7265015,1.3165015,0.16650146,1.0965015,-0.26349854,0.06650147,-0.07349853,-0.093498535,0.78650147,0.68650144,0.28650147,-0.68349856,-2.1434984,-2.4734986,-3.2234986,-2.6234984,-5.0234985,-1.7434986,-2.2534986,-2.7434986,-4.4134984,-3.7834985,-3.6934986,-3.7334986,-3.0434985,-2.9734986,-2.3434985,-3.3434985,-1.9134985,-1.9934986,-1.7934985,-2.4734986,-1.1334985,-0.33349854,0.23650147,1.0565015,1.8465015,1.8765014,0.50650144,1.6765015,2.9965014,1.9765015,1.5065014,1.4465015,0.7065015,1.4665015
0.72650146,1.2165015,-0.88349855,-1.5634985,-0.50349855,-1.5034986,-1.2334986,-0.053498536,0.22650146,0.9565015,-0.57349855,0.8965015,1.1965015,0.87650144,1.1165015,-1.5034986,0.33650148,0.55650145,0.6365015,1.1165015,0.026501466,0.8865015,-0.51349854,-0.023498535,-0.9834985,-1.5834985,-2.9134986,-3.0534985,-3.2234986,-4.9934983,-1.8834985,-2.9034986,-3.9334986,-3.8334985,-4.783499,-4.9634986,-9.573499,-5.8834987,-1.1234986,-0.90349853,-0.64349854,-1.2534986,-0.8434985,-0.5934985,-1.1634985,-0.42349854,0.35650146,0.35650146,0.55650145,0.6465015,0.79650146,1.2465014,2.9065015,2.5865014,0.7165015,1.1765015,-0.023498535,0.36650145,-1.0534985
-0.37349853,-0.9834985,1.2765014,-0.36349854,-1.2034985,0.73650146,-0.32349855,0.09650146,-1.0534985,0.75650144,-0.22349854,-0.8434985,-1.0234985,2.0565014,2.3865016,1.8765014,1.0365014,1.0665015,1.8065015,1.3065015,1.5765015,0.44650146,0.07650147,-0.20349854,-0.7334985,-1.3434986,-3.1734986,-3.2834985,-2.8434985,-2.6434984,-2.1834986,-2.4534986,-3.7834985,-4.4534984,-8.773499,-5.8134985,-0.76349854,-4.4334984,-0.11349854,-2.2834985,-0.6034985,-0.063498534,-0.22349854,-0.9134985,-1.0834985,-1.2734985,-1.1734985,-0.8534985,-1.0434985,1.8065015,1.5365014,1.4865015,0.87650144,-0.30349854,1.4865015,1.9665015,1.7165015,-0.41349852,0.50650144
8.606502,-1.3134985,-1.0334985,-1.3234985,-1.7234986,-0.6034985,1.1665015,1.6065015,2.5565014,1.2265015,0.80650145,-0.71349853,-3.2434986,1.3765014,-2.0434985,0.8965015,1.0165014,1.3465015,2.4665015,1.7265015,1.0465015,0.9465015,1.3165015,-0.033498537,0.056501463,-1.4434985,-1.2534986,-2.1134984,-3.0934985,-3.3034985,-2.7434986,-3.3234985,-3.2634985,-3.6134984,-2.3634984,-1.3334985,-1.1234986,-0.32349855,-0.5434985,-1.0434985,-0.83349854,-1.9034985,-0.89349854,-1.7834985,-0.20349854,1.1465014,0.47650146,1.3665015,1.8565015,1.8865014,1.3065015,3.1965015,2.1665015,-0.043498535,-1.8134985,-1.1434985,-1.6434985,-0.36349854,1.4365015
2.8165014,2.7865014,1.0765015,3.6565015,-0.063498534,-0.9234985,-0.23349853,-3.3434985,-1.7734985,-0.31349853,-0.34349853,0.9665015,2.2965014,0.37650147,0.016501464,-0.6034985,1.1865015,1.1765015,-0.093498535,1.5465015,2.3565016,1.8565015,0.67650145,-0.07349853,-1.8234985,-2.6934986,-1.2734985,-2.7034986,-2.6334984,-2.9234986,-2.9934986,-2.6934986,-1.7134986,-0.43349853,-1.7234986,-2.2234986,-1.8134985,-2.5734985,-2.0434985,-1.3734986,-1.1334985,-6.6934986,-5.5834985,-2.0234985,-0.96349853,0.40650147,0.53650147,1.2065015,2.3565016,3.4665015,3.7465014,2.6765015,0.116501465,-0.69349855,-1.2634985,0.21650146,1.1965015,2.0565014,3.3165014
1.0265014,1.6365014,1.7465014,2.5665014,2.2565014,-0.6134985,-0.043498535,1.2565014,-0.38349855,-0.49349853,1.4265015,-2.0134985,0.37650147,1.1965015,0.7665015,1.7465014,2.1965015,-1.7334986,-1.5134985,-2.3934984,-0.32349855,-2.2134986,0.09650146,1.4365015,0.50650144,-1.7234986,-1.8534986,-2.6234984,-3.2034986,-2.8434985,-2.9034986,-2.6534986,-2.3834984,-0.8034985,-1.6634985,-2.8034985,-2.7134986,-5.5934987,0.79650146,-1.8434986,-2.3134985,-3.7034986,-4.5634985,-1.8234985,-0.77349854,-2.1934986,-0.8434985,1.5165014,4.4865017,2.9865015,0.056501463,1.7865014,-0.26349854,0.40650147,0.9465015,4.4165015,6.0965014,7.0065017,2.9065015
-0.40349853,-0.88349855,-1.0634985,1.3865014,-1.3334985,3.7365015,-1.0734985,0.20650147,-2.0434985,-2.4434986,-0.13349853,0.39650145,0.7165015,-0.0034985351,-2.3234985,1.5965015,1.4765015,-1.6434985,-0.5334985,1.9765015,-0.13349853,0.45650145,0.99650145,0.6565015,0.21650146,-0.5934985,-2.3034985,-2.5234985,-1.2234986,-2.1634986,-2.8734984,-3.7634985,-3.5834985,-1.6334985,-2.0034986,-2.3434985,-1.8934985,-2.1834986,-0.6034985,-1.6634985,-2.5334985,-3.1634986,-3.0234985,-1.3634986,-0.35349855,1.5965015,2.1165016,2.3465014,2.6465015,1.3365015,0.13650146,0.7765015,0.8865015,-0.14349854,3.3065014,8.326502,8.906502,8.246502,8.576502
0.46650147,-0.013498535,-0.8034985,-0.89349854,-0.31349853,-1.5034986,-2.9634986,-0.8634985,0.22650146,-0.5534985,0.73650146,-1.6934985,-0.9734985,-0.76349854,-1.9534985,1.5265014,-3.0834985,-2.0334985,0.55650145,0.5765015,0.5765015,0.046501465,-0.77349854,-0.90349853,-0.6034985,-3.1834986,0.24650146,-1.8834985,-2.2834985,-2.2734985,-2.5534985,-2.0134985,-2.8034985,-3.1934986,-3.1134984,-2.2934985,-1.1634985,1.2765014,-0.6734985,-1.5034986,-2.2334986,-2.3134985,-2.3034985,4.0365014,2.8165014,1.9465015,1.8165015,1.6465014,1.7365015,1.3065015,-0.51349854,-1.2534986,-1.6934985,1.0265014,5.0365014,8.096501,10.426501,9.766501,9.166501
-0.47349852,0.10650147,-0.43349853,1.3765014,-0.43349853,-0.57349855,-1.5034986,-0.9734985,0.34650147,0.9565015,0.85650146,0.87650144,-0.75349855,2.6765015,1.6465014,-1.2034985,-1.7834985,-0.7234985,0.6365015,-3.1534986,1.5165014,-0.8434985,-2.1334984,-1.3234985,-2.9434986,-2.0134985,-1.9334985,-1.7634985,-1.3934985,-2.0434985,-2.7334986,-2.7334986,-2.4134986,-2.9634986,-3.3434985,-3.0734985,-1.8234985,-1.4634986,-1.0834985,-0.5434985,0.30650148,1.2465014,0.92650145,2.1965015,1.8165015,1.6065015,0.84650147,0.80650145,0.60650146,-0.70349854,-1.0934986,0.45650145,3.1765015,5.7465014,6.9865017,8.856502,9.226501,8.676501,8.856502
-0.033498537,-0.22349854,2.6965015,1.0465015,1.9265015,-1.8534986,1.6765015,-0.6634985,-0.56349856,-0.5434985,1.5665015,0.79650146,1.5065014,-0.49349853,0.8365015,0.45650145,0.47650146,-1.4034985,2.1865015,-1.7434986,0.61650145,0.30650148,-1.3034985,2.0065014,0.14650147,-0.24349853,-1.7834985,-2.6034985,-1.7234986,-2.2434986,-1.9234985,-3.0534985,-2.6134984,-2.7934985,-3.3134985,-1.6334985,-1.3434986,1.6665015,0.24650146,0.54650146,0.53650147,0.49650148,1.3765014,2.4365015,2.8365014,1.7165015,0.5265015,1.5965015,1.1165015,1.5165014,2.0865014,5.5465016,6.9065013,7.6665015,8.286502,8.966501,8.076502,9.276502,8.926501
-0.063498534,-0.5434985,2.0665014,0.0065014646,2.1565015,-0.26349854,-5.9134984,-1.4834986,-1.3434986,-0.043498535,1.4965014,1.4165015,1.1665015,-1.6534985,-3.6334984,-0.50349855,-1.9034985,-0.22349854,-1.7734985,1.0665015,0.0065014646,0.46650147,1.1765015,-0.15349853,2.1665015,1.1965015,-0.8534985,-2.5034986,-3.1234984,-2.5834985,-3.0634985,-2.1934986,-2.6034985,-1.6034986,-0.44349852,0.036501464,-0.49349853,1.1065015,1.1665015,0.59650147,1.8165015,1.2665014,1.6665015,1.9565015,2.2565014,1.6965015,0.79650146,-0.28349853,1.8865014,1.4065014,3.7265015,6.2265015,8.016501,8.386501,8.506501,8.806501,8.226501,7.9265013,7.3065014
