json/gfs_20240717_00.json
{"header": { "discipline":0, "disciplineName":"Meteorological products", "gribEdition":2, "gribLength":78950, "center":7, "centerName":"US National Weather Service - NCEP(WMC)", "subcenter":0, "refTime":"2024-07-17T00:00:00.000Z", "significanceOfRT":1, "significanceOfRTName":"Start of forecast", "productStatus":0, "productStatusName":"Operational products", "productType":1, "productTypeName":"Forecast products", "productDefinitionTemplate":0, "productDefinitionTemplateName":"Analysis/forecast at horizontal level/layer at a point in time", "parameterCategory":2, "parameterCategoryName":"Momentum", "parameterNumber":2, "parameterNumberName":"U-component_of_wind", "parameterUnit":"m.s-1", "genProcessType":2, "genProcessTypeName":"Forecast", "forecastTime":0, "surface1Type":103, "surface1TypeName":"Specified height level above ground", "surface1Value":10.0, "surface2Type":255, "surface2TypeName":"Missing", "surface2Value":0.0, "gridDefinitionTemplate":0, "gridDefinitionTemplateName":"Latitude_Longitude", "numberPoints":65160, "shape":6, "shapeName":"Earth spherical with radius of 6,371,229.0 m", "gridUnits":"degrees", "resolution":48, "winds":"true", "scanMode":0, "nx":360, "ny":181, "basicAngle":0, "lo1":0.0, "la1":90.0, "lo2":359.0, "la2":-90.0, "dx":1.0, "dy":1.0 }, "data":
[rows 150 to 174 of 181, columns 116 to 173 of 360]
3.0723243,2.2023242,4.1623244,4.522324,0.9723242,2.7823243,3.7923243,4.7423244,4.872324,5.272324,5.622324,5.4723244,6.022324,5.3023243,5.692324,8.372324,6.5723243,7.2823243,7.062324,7.0923243,6.9323244,6.1823244,6.5323243,6.232324,6.462324,6.8923244,7.882324,7.752324,7.542324,8.372324,8.872324,9.142324,9.292324,9.422324,9.672324,10.012324,10.372324,10.832324,10.702324,11.382324,11.322324,11.802324,12.152325,12.342324,12.542324,12.732325,13.192325,13.472324,13.522325,13.822324,13.792324,13.492324,14.792324,15.152325,15.012324,15.322324,14.422324,14.032324
1.6823242,3.6523242,4.7623243,2.6123242,-0.28767577,0.8823242,2.2723243,3.1623242,3.492324,3.7323241,5.152324,3.0923243,1.5423242,2.1223242,-0.31767577,0.8923242,4.3423243,4.882324,6.252324,7.602324,7.362324,7.062324,6.942324,7.102324,7.462324,6.582324,8.062325,8.792324,8.862324,8.962324,9.062325,9.632324,9.642324,9.902325,10.312325,10.722324,11.162324,11.372324,11.822324,12.242324,12.772325,13.412324,13.702324,14.002324,14.582324,14.892324,14.952324,14.762324,14.892324,14.722324,14.712324,14.862324,15.202324,15.882324,15.762324,15.732325,15.722324,15.482325
1.2723242,3.5323243,3.3323243,-0.36767578,-0.6176758,-0.46767578,0.8923242,1.3423243,1.6523242,1.7623242,1.5123242,-0.14767578,-1.9076757,-2.8376758,-4.477676,-4.5476756,-5.267676,-6.957676,-1.0176758,3.8723242,4.2223244,5.8423243,6.5123243,6.4523244,6.6623244,6.362324,7.4523244,7.8223243,8.252324,8.502324,9.082324,8.902325,9.6023245,10.212324,10.002324,10.002324,9.572324,9.252324,9.942325,10.952324,10.822324,11.402325,11.572324,11.782324,11.892324,13.492324,13.112324,13.442325,15.082324,14.732325,14.1023245,14.512324,13.552324,12.672324,13.182324,14.642324,15.692325,16.092323
0.35232422,1.2823242,-1.4876758,-2.7176757,-2.6976757,-2.1676757,-1.4976758,-1.0376757,-0.14767578,0.22232422,-0.9876758,-1.9776758,-1.8576758,-2.0776758,-1.4476758,-2.2876759,-2.6676757,-3.0276759,-4.6076756,-5.867676,-6.137676,-7.4276757,-6.307676,-3.2376757,1.9223242,2.7223241,3.2023242,4.8923244,6.0123243,5.2623243,6.102324,6.582324,5.752324,5.962324,5.792324,6.5123243,5.962324,6.712324,7.482324,7.3923244,7.9123244,7.7223244,8.222324,8.922324,10.182324,11.092324,11.762324,11.582324,11.052324,12.302324,13.782324,14.412324,14.912324,15.082324,13.572324,12.322324,12.052324,11.812325
0.24232422,1.3323243,-0.56767577,-2.4776757,-2.8776758,-2.507676,-2.6876757,-2.4376757,-0.89767575,-0.9176758,-1.3876758,-1.4976758,-1.8876758,-2.3376758,-3.1876757,-3.5176759,-4.3376756,-5.167676,-4.9476757,-5.4076757,-4.3176756,-4.437676,-4.4476757,-4.4276757,-2.8576758,-2.9076757,-2.5976758,-2.5776758,-2.0776758,-1.0976758,-0.9776758,-0.69767576,0.44232422,1.0923243,2.4023242,4.352324,5.3223243,6.5323243,6.9723244,7.832324,8.582324,7.9723244,8.142324,8.692325,9.012324,9.552324,9.662324,10.502324,11.032324,10.722324,10.812325,10.742324,11.022325,11.042324,11.292324,11.532324,12.272325,12.162324
-0.12767579,1.1823242,-0.7476758,-2.9576757,-3.9676757,-3.6676757,-3.6176758,-2.8076758,-2.2376757,-2.5376759,-1.9076757,-1.7276758,-1.6876758,-2.1576757,-2.0276759,-2.1776757,-2.247676,-2.2776759,-2.3976758,-2.4276757,-2.3776758,-1.9876758,-1.2676758,-0.9776758,-0.9176758,0.04232422,0.5023242,0.7223242,0.29232422,0.37232423,1.0823243,2.1123242,2.7623243,3.2623243,4.042324,3.4023242,3.8823242,5.8223243,7.422324,7.5723243,7.7423244,8.072324,8.742324,9.382324,9.712324,10.3523245,10.722324,9.962324,10.022325,9.682324,9.782324,9.242324,9.312325,10.152325,10.362324,9.972324,9.312325,8.142324
0.8923242,-0.6676758,-3.0176759,-5.497676,-7.347676,-7.8176756,-6.877676,-5.6976757,-4.397676,-3.6376758,-2.5776758,-1.3176758,0.16232422,-0.9176758,-3.6176758,-3.0276759,-2.1976757,-2.4276757,-2.6476758,-2.5676758,-2.9676757,-2.9176757,-2.4476757,-1.9276757,-1.9476758,-1.1576757,-0.24767578,0.9023242,0.9623242,0.8823242,1.0823243,1.7723242,1.8923242,2.2723243,2.2023242,2.1323242,2.7623243,3.4623241,4.1623244,4.692324,5.192324,6.172324,7.3423243,8.042324,8.432324,7.482324,6.482324,6.3923244,6.712324,6.2223244,5.9123244,5.5123243,5.732324,6.8423243,5.5523243,3.9323242,4.6623244,5.332324
-11.607676,-10.727675,-9.637676,-10.917676,-10.137676,-7.4076757,-7.577676,-4.117676,-3.4476757,-3.747676,-2.9376757,-0.24767578,-3.3776758,-1.7076758,-3.757676,-4.497676,-3.8476758,-1.7276758,-1.1176758,-2.507676,-0.76767576,-1.2376758,-0.25767577,0.04232422,0.7523242,0.35232422,0.79232424,-1.0876758,1.3723242,0.29232422,3.4823241,3.1923242,2.7723243,3.9123242,3.6523242,4.632324,5.5123243,6.872324,7.5523243,7.352324,8.182324,8.412324,7.0323243,7.4923244,7.632324,5.962324,5.862324,5.0323243,6.332324,6.562324,6.152324,5.902324,5.602324,5.022324,4.172324,4.2023244,4.622324,5.692324
-9.957676,-8.727675,-7.0076756,-6.5076756,-5.557676,-4.127676,-4.877676,-4.3176756,-4.577676,-2.9876757,-2.5576758,-2.6776757,-3.4276757,-3.6776757,-3.4476757,-3.6176758,-4.0276756,-3.7676759,-3.2376757,-2.2376757,-1.1576757,-1.1276758,-0.4476758,1.1223242,2.2323241,2.2923243,0.5623242,3.252324,1.5423242,-2.997676,4.252324,5.5923243,3.4423242,2.8223243,2.002324,3.8323243,6.252324,7.812324,9.002324,9.012324,6.692324,3.2623243,2.7623243,1.5323242,2.0623243,0.9123242,-0.3276758,-0.6576758,-1.4376758,-0.95767576,-0.057675783,0.54232424,0.85232425,1.4923242,2.1723242,2.6823242,2.8423243,2.6523242
-7.097676,-5.807676,-4.2176757,-3.0676758,-1.9676758,-2.497676,-2.9476757,-3.0576758,-2.8276758,-2.4476757,-1.8676758,-1.4376758,-1.7676758,-1.8476758,-2.3376758,-2.5576758,-2.4076757,-2.1876757,-1.2976757,0.38232422,0.55232424,0.8323242,1.4323242,2.3023243,1.7323242,1.3023242,0.34232423,0.32232422,-0.2676758,0.5623242,0.61232424,-1.4276757,-2.007676,-1.7376758,1.4723243,1.7123243,-1.5976758,-0.6576758,-1.0676758,0.012324219,-0.46767578,-1.0076758,-0.9076758,-0.56767577,-1.1976758,-1.5576758,-1.4976758,-1.5676758,-0.7376758,-0.5476758,-0.07767578,-0.11767578,-0.17767578,0.10232422,1.0923243,1.6823242,2.1923242,2.6823242
-5.767676,-4.707676,-3.5976758,-3.1676757,-3.3376758,-3.257676,-2.7176757,-2.3776758,-2.247676,-2.0876758,-2.0676758,-1.9376758,-1.4076757,-1.6276758,-1.6476758,-1.1876758,-0.9076758,-0.6176758,0.5923242,0.20232421,0.34232423,0.74232423,1.6423242,2.1623242,1.0723243,0.99232423,1.1723242,1.5023242,1.5023242,0.6623242,-0.56767577,-1.0876758,-0.70767576,-0.28767577,-0.8376758,-1.0676758,-1.5276757,-3.8676758,-5.537676,-3.7676759,-2.1276758,-0.20767578,-2.4876757,3.2223241,2.1423242,-1.8376758,-2.8176758,-1.5376757,-0.88767576,-0.5376758,-0.75767577,-0.4176758,-0.57767576,-0.6676758,-0.6176758,-1.0076758,-1.7076758,-2.2376757
-4.637676,-4.4076757,-3.8676758,-3.6976757,-3.757676,-3.1076758,-2.7976758,-2.4676757,-2.3776758,-2.1076758,-2.1176758,-2.0276759,-1.8476758,-1.8176758,-1.5076758,-0.89767575,0.21232422,1.4123242,1.7923242,0.55232424,0.34232423,0.9523242,0.38232422,0.7823242,1.2523242,1.7023243,2.0823243,1.4823242,1.2923242,-0.037675783,-0.6576758,-0.70767576,-0.9276758,-1.1376758,-1.4576758,-1.2076758,-1.5676758,-1.7376758,-1.8576758,-2.1676757,-1.7176758,-1.3076758,-0.6776758,2.7223241,4.402324,3.8123243,1.0823243,4.1823244,-0.8376758,-3.1776757,0.23232421,3.1023242,3.4723241,0.7623242,0.86232424,1.1923242,0.8123242,1.6623242
-3.9676757,-3.7276757,-3.7676759,-2.8976758,-2.9376757,-3.1576757,-2.3776758,-1.4976758,-0.9976758,-1.2376758,-1.0376757,-0.45767578,-0.4876758,-0.037675783,0.9523242,0.68232423,0.6423242,1.7023243,1.8423243,1.8023242,1.6723242,0.92232424,0.6623242,0.3323242,-0.037675783,-0.017675782,0.21232422,0.10232422,-0.34767577,-0.31767577,-0.16767578,-0.36767578,-0.3576758,-0.3876758,-0.34767577,-0.22767578,-0.15767579,-0.11767578,0.06232422,0.22232422,0.04232422,0.61232424,2.492324,5.122324,7.252324,9.322324,3.3123243,-2.4076757,-0.9076758,-1.1576757,0.16232422,3.1023242,0.31232423,1.3123242,4.2023244,2.0423243,2.0923243,2.8023243
-2.4576757,-2.2876759,-1.7476758,-1.4376758,-1.0976758,-0.7976758,0.10232422,0.24232422,0.5223242,0.68232423,0.55232424,1.0323242,1.7223243,2.5423243,3.0523243,3.5823243,2.8123243,2.5323243,3.8623242,3.002324,2.4523242,2.5223243,1.4023242,0.20232421,0.14232422,0.85232425,0.7523242,0.55232424,0.4523242,0.3623242,0.35232422,0.22232422,0.46232423,0.8923242,0.9523242,0.8723242,0.9423242,1.1023242,1.3323243,1.8123242,2.3823242,3.0823243,4.542324,6.152324,5.632324,7.002324,3.5523243,1.5223242,-0.89767575,-2.8876758,4.2023244,-0.7776758,4.2023244,-1.5076758,2.5123243,1.0123242,2.1023242,2.9623241
-1.5776758,-0.56767577,0.22232422,0.8123242,1.5023242,1.6823242,2.1923242,1.7923242,2.3223243,2.6723242,2.8723242,3.242324,3.502324,3.992324,4.082324,4.2623243,4.102324,3.9023242,4.812324,4.2623243,3.3123243,2.6923242,1.5123242,1.7123243,1.9523243,1.9023242,1.7823242,1.6923242,1.3023242,1.1523242,1.2223243,1.5123242,1.8023242,2.2223241,2.8423243,3.9523242,5.022324,5.582324,5.402324,6.2423244,6.5523243,7.542324,8.772325,9.732325,3.0623243,-0.04767578,2.0123243,10.172324,4.1623244,4.2223244,1.8823242,0.54232424,1.8123242,2.7823243,3.0123243,3.4623241,3.4823241,3.5523243
0.43232423,1.1123242,1.6223242,1.7523242,1.8223243,2.3723242,2.2823243,2.4723241,3.4423242,3.5423243,3.4823241,3.8923242,4.462324,5.062324,4.832324,4.8923244,5.2023244,5.2023244,5.002324,5.082324,5.422324,3.4123242,2.4723241,2.5623243,3.1523242,3.2023242,2.8823242,3.1023242,2.752324,2.992324,3.1023242,3.2323241,3.7623243,4.172324,4.872324,5.882324,7.502324,8.442325,7.3223243,8.032324,10.402325,11.382324,12.522325,15.722324,13.952324,15.732325,13.992324,7.292324,4.0523243,5.9323244,4.252324,5.832324,4.332324,3.0923243,4.002324,4.102324,4.442324,4.542324
2.3823242,2.492324,2.9623241,3.2223241,3.3623242,3.3423243,3.5623243,3.9623241,3.9523242,3.7723243,4.442324,5.002324,5.462324,5.7023244,5.5323243,5.602324,5.752324,5.0923243,5.0523243,4.462324,4.462324,3.4223242,3.1523242,2.9323242,2.4623241,2.3023243,2.3723242,2.8423243,3.3823242,3.6023242,3.7323241,3.9823241,4.212324,4.8223243,6.0323243,6.732324,7.482324,7.2623243,8.012324,10.072324,8.152325,6.4523244,8.542324,10.412324,9.262324,6.462324,5.082324,0.5023242,1.9623243,2.7323241,3.0923243,3.2023242,3.2723243,3.4223242,4.3023243,5.332324,5.7423244,6.502324
4.7623243,4.852324,4.8223243,4.8423243,4.5923243,3.7823243,3.8823242,4.2623243,4.372324,4.462324,4.602324,5.4723244,6.112324,5.852324,4.7023244,3.8823242,4.832324,4.5323243,3.8223243,3.0723243,2.1723242,1.0923243,0.6923242,1.1823242,2.0823243,2.7623243,3.4423242,3.7623243,3.9023242,4.272324,4.612324,4.8923244,5.542324,6.3923244,7.0523243,7.6823244,8.232325,7.4923244,7.752324,8.632324,8.022325,8.152325,8.312325,10.492324,10.492324,6.252324,6.102324,3.8323243,2.2623243,2.9523242,4.732324,7.9123244,5.672324,4.582324,6.022324,6.382324,6.1623244,6.2823243
5.0123243,4.9723244,4.692324,4.582324,4.7423244,4.382324,3.4623241,3.2123241,2.6723242,2.7323241,2.9823241,3.3123243,2.8823242,2.502324,1.8623242,0.8923242,0.12232422,0.09232422,0.5023242,0.9723242,1.4523243,1.9923242,2.4723241,3.0623243,3.5423243,3.742324,4.0123243,4.4723244,4.812324,5.3023243,5.862324,6.672324,7.112324,7.902324,8.292324,8.6023245,9.702324,10.922324,10.152325,11.282324,9.652325,6.712324,10.922324,14.6023245,7.362324,5.0723243,1.7923242,4.732324,4.5323243,1.3423243,1.3223243,2.9723241,4.882324,4.482324,4.5923243,5.7223244,7.9123244,8.772325
-0.94767576,-1.8976758,-2.3376758,-2.4276757,-2.2776759,-1.8076758,-1.5476757,-1.4076757,-1.2376758,-0.9976758,-0.5276758,0.15232421,0.8323242,1.5423242,2.0423243,2.4423242,2.7023242,2.8823242,3.1423242,3.4123242,3.6623242,3.8923242,4.2223244,4.582324,4.9523244,5.2223244,5.4923244,5.9723244,6.382324,7.2423244,7.8923244,8.442325,8.912324,9.332324,9.642324,10.222324,10.642324,11.592324,12.652325,14.032324,10.892324,7.272324,7.582324,1.8123242,6.732324,7.922324,3.7923243,3.7323241,5.232324,6.2623243,6.082324,6.9323244,8.082324,9.302324,10.082324,9.692325,9.072324,9.032324
-2.9576757,-2.6276758,-2.0176759,-1.3176758,-0.6176758,0.09232422,0.6923242,1.1723242,1.4523243,1.5323242,1.5923243,1.8623242,2.5423243,3.0623243,3.0323243,3.5223243,4.0923243,4.7223244,4.7623243,5.022324,5.372324,5.7023244,5.982324,6.212324,6.5923243,6.7223244,6.962324,7.7023244,8.092324,8.502324,9.042324,10.152325,11.732325,11.902325,10.692325,10.552324,11.892324,10.532324,4.0123243,3.7623243,7.732324,7.402324,6.152324,8.952324,12.042324,12.262324,10.832324,12.322324,11.992324,10.712324,9.182324,7.5723243,5.8923244,5.5523243,6.1823244,6.522324,7.0323243,7.792324
0.44232422,1.2723242,1.7423242,2.1023242,2.3623242,2.6023242,2.8823242,3.1023242,3.1123242,3.0623243,3.3623242,3.8823242,4.462324,4.922324,5.2823243,5.692324,6.1423244,6.462324,6.5523243,6.7423244,7.022324,7.0323243,6.942324,6.9523244,7.002324,7.252324,7.7223244,8.3523245,8.952324,9.252324,9.672324,10.332324,11.112324,11.892324,11.152325,11.062325,10.912324,7.602324,2.1623242,-1.7776757,-3.007676,-1.9776758,5.172324,7.482324,5.1623244,3.0623243,2.6123242,3.1323242,3.1623242,3.1823242,3.2323241,3.1323242,3.0823243,3.6123242,4.0723243,3.5123243,3.9623241,5.482324
2.5423243,2.8023243,3.1123242,3.3423243,3.5123243,3.6123242,3.7823243,4.042324,4.252324,4.3023243,4.272324,4.2623243,4.2223244,4.252324,4.462324,4.9123244,5.402324,5.752324,6.0923243,6.4523244,6.832324,7.152324,7.192324,6.962324,6.712324,6.772324,7.0723243,7.3023243,7.3023243,7.272324,7.2423244,7.2223244,7.062324,6.582324,6.3023243,5.872324,3.7123241,1.2623242,0.6523242,1.2223243,2.7323241,3.9323242,4.5923243,5.382324,6.232324,6.1423244,5.7223244,6.632324,6.5923243,4.872324,6.022324,8.252324,8.582324,5.8923244,2.6623242,3.0823243,3.742324,3.9323242
2.6923242,2.6823242,2.752324,2.8723242,2.9523242,2.9623241,3.0223243,3.1323242,3.2623243,3.4523242,3.7323241,4.0923243,4.562324,5.062324,5.5523243,5.832324,6.062324,6.1623244,6.292324,6.462324,6.562324,6.692324,6.772324,6.7423244,6.4523244,6.0123243,5.872324,5.9723244,6.1423244,6.132324,6.022324,5.812324,5.6423244,5.5523243,5.3423243,5.7023244,6.5923243,6.8223243,5.982324,5.4123244,5.382324,5.0923243,2.8323243,-1.7476758,-4.3376756,-1.0476757,4.9523244,5.672324,-0.4876758,-1.1976758,1.6123242,2.4423242,0.85232425,0.43232423,-1.1276758,-2.4876757,-2.0276759,-1.6276758
3.6823242,3.8223243,4.0523243,4.3023243,4.502324,4.622324,4.692324,4.752324,4.8223243,4.922324,5.112324,5.312324,5.542324,5.792324,6.0323243,6.2423244,6.332324,6.332324,6.232324,6.132324,5.9923244,5.8023243,5.6623244,5.542324,5.5323243,5.5123243,5.4123244,5.232324,4.962324,4.732324,4.5923243,4.522324,4.5523243,4.7023244,4.692324,4.672324,4.652324,4.632324,4.7023244,4.4723244,4.2223244,3.6023242,2.9523242,3.3123243,4.462324,5.482324,5.5123243,5.4523244,1.6723242,-1.3876758,-1.7776757,0.47232422,5.0723243,3.1123242,0.3023242,0.012324219,3.0423243,1.5223242
