json/gfs_20240724_00.json
{"header": { "discipline":0, "disciplineName":"Meteorological products", "gribEdition":2, "gribLength":79719, "center":7, "centerName":"US National Weather Service - NCEP(WMC)", "subcenter":0, "refTime":"2024-07-24T00:00:00.000Z", "significanceOfRT":1, "significanceOfRTName":"Start of forecast", "productStatus":0, "productStatusName":"Operational products", "productType":1, "productTypeName":"Forecast products", "productDefinitionTemplate":0, "productDefinitionTemplateName":"Analysis/forecast at horizontal level/layer at a point in time", "parameterCategory":2, "parameterCategoryName":"Momentum", "parameterNumber":2, "parameterNumberName":"U-component_of_wind", "parameterUnit":"m.s-1", "genProcessType":2, "genProcessTypeName":"Forecast", "forecastTime":0, "surface1Type":103, "surface1TypeName":"Specified height level above ground", "surface1Value":10.0, "surface2Type":255, "surface2TypeName":"Missing", "surface2Value":0.0, "gridDefinitionTemplate":0, "gridDefinitionTemplateName":"Latitude_Longitude", "numberPoints":65160, "shape":6, "shapeName":"Earth spherical with radius of 6,371,229.0 m", "gridUnits":"degrees", "resolution":48, "winds":"true", "scanMode":0, "nx":360, "ny":181, "basicAngle":0, "lo1":0.0, "la1":90.0, "lo2":359.0, "la2":-90.0, "dx":1.0, "dy":1.0 }, "data":
[rows 108 to 134 of 181, columns 180 to 239 of 360]
-7.51208,-7.60208,-7.25208,-6.98208,-6.73208,-7.01208,-8.02208,-7.62208,-8.1920805,-7.49208,-7.80208,-7.27208,-7.3920803,-7.51208,-6.51208,-6.01208,-5.65208,-6.29208,-6.33208,-6.84208,-5.51208,-5.1820803,-6.06208,-6.9120803,-7.56208,-7.59208,-7.1820803,-6.67208,-6.56208,-6.88208,-5.81208,-6.6420803,-6.58208,-6.31208,-5.80208,-6.02208,-6.05208,-6.4120803,-6.75208,-6.11208,-6.86208,-6.90208,-7.1420803,-7.26208,-6.26208,-4.92208,-3.42208,-2.61208,-0.9420801,-1.2520801,-0.48208007,1.58792,4.77792,1.83792,-0.18208008,-1.06208,-1.7720801,-2.66208,-2.8020802,-1.8420801
-7.57208,-6.87208,-5.47208,-5.71208,-6.22208,-5.11208,-5.02208,-6.49208,-6.24208,-6.81208,-6.2020802,-6.51208,-6.24208,-6.4120803,-6.30208,-4.86208,-6.02208,-5.72208,-6.27208,-6.13208,-4.86208,-2.90208,-7.02208,-6.52208,-6.35208,-6.84208,-7.38208,-7.4120803,-7.6820803,-6.92208,-7.65208,-7.57208,-6.61208,-4.8920803,-6.2020802,-5.71208,-5.7020802,-6.4520802,-7.48208,-8.09208,-8.22208,-7.60208,-7.25208,-6.3920803,-5.19208,-3.8220801,-2.92208,-2.15208,-1.2320801,-0.38208008,0.35791993,1.6779199,2.99792,3.32792,1.44792,-0.41208008,-0.8520801,-2.13208,-2.63208,-3.0220802
-6.32208,-6.02208,-5.99208,-5.40208,-4.80208,-4.58208,-4.17208,-3.94208,-3.8120801,-3.98208,-4.24208,-4.75208,-4.97208,-4.88208,-4.6820803,-4.58208,-4.42208,-4.54208,-4.22208,-3.98208,-3.65208,-4.24208,-6.19208,-6.17208,-5.72208,-5.98208,-6.44208,-6.02208,-6.57208,-6.88208,-6.73208,-5.46208,-4.85208,-4.6620803,-6.24208,-5.47208,-6.73208,-7.51208,-8.09208,-8.07208,-6.97208,-6.69208,-5.81208,-5.1820803,-4.7020802,-4.1420803,-3.60208,-2.92208,-1.8320801,0.5779199,0.65791994,1.1779199,3.79792,3.90792,3.27792,0.66791993,-0.91208005,-1.7620801,-1.0920801,-1.3920801
-6.19208,-6.28208,-6.54208,-6.1420803,-4.23208,-3.96208,-3.84208,-2.64208,-2.0320802,-2.42208,-2.0220802,-2.3320801,-3.00208,-2.50208,-2.8120801,-2.67208,-2.5420802,-3.2620802,-3.21208,-3.0520802,-2.5520802,-2.0620801,-4.75208,-4.36208,-4.54208,-4.7020802,-5.98208,-5.15208,-5.72208,-5.83208,-4.99208,-4.56208,-4.10208,-3.0620801,-5.78208,-6.27208,-6.50208,-6.94208,-7.47208,-7.3920803,-6.4320803,-5.65208,-5.1820803,-4.61208,-3.86208,-3.7920802,-3.3320801,-3.24208,-2.7620802,-2.0120802,-0.17208008,0.6879199,2.2179198,3.13792,1.7979199,1.3979199,0.6479199,-0.38208008,-1.0820801,-0.09208008
-5.10208,-4.48208,-4.48208,-3.35208,-2.99208,-3.69208,-3.2920802,-3.20208,-2.10208,-1.5220801,-0.062080078,0.20791993,-1.04208,-1.29208,-0.48208007,-0.48208007,-0.5020801,-1.18208,-1.3320801,-1.1220801,-0.77208006,-1.9520801,-3.34208,-3.67208,-4.07208,-4.23208,-3.70208,-3.91208,-5.01208,-5.61208,-4.30208,-4.60208,-3.92208,-4.33208,-3.97208,-5.06208,-5.4520802,-6.29208,-6.6620803,-6.90208,-4.9120803,-4.35208,-4.6620803,-3.87208,-3.5320802,-3.45208,-2.5720801,-2.8120801,-4.80208,-5.94208,-6.50208,-1.67208,0.52791995,2.00792,0.8979199,-0.5520801,-0.032080077,-0.8520801,-0.6720801,-1.2220801
-4.4320803,-3.93208,-2.73208,-2.5620801,-2.0620801,-1.0820801,-0.6320801,-1.18208,-1.0920801,-0.8620801,-0.26208007,1.2379199,3.05792,3.12792,2.32792,2.1979198,2.12792,1.9279199,1.7679199,1.3779199,0.6879199,0.7979199,-0.83208007,-1.2320801,-2.8020802,-1.6120801,-2.46208,-2.59208,-2.15208,-2.40208,-2.42208,-2.98208,-2.3320801,-3.5120802,-4.05208,-4.74208,-4.97208,-4.6820803,-6.32208,-5.31208,-4.05208,-4.67208,-5.30208,-5.13208,-4.2020802,-3.97208,-3.63208,-4.08208,-5.54208,-7.57208,-7.71208,-7.69208,-5.81208,1.82792,-0.10208008,-0.9420801,-1.0920801,-3.13208,-4.58208,-7.48208
-2.5520802,-2.84208,-1.2620801,-0.38208008,-0.8620801,-0.4020801,0.35791993,0.9479199,1.68792,2.85792,2.81792,3.00792,2.1979198,2.79792,5.80792,4.3179197,4.32792,4.51792,4.0479198,4.01792,2.86792,3.55792,2.25792,2.39792,0.8279199,-0.4620801,0.52791995,0.3779199,-0.9520801,0.32791993,-1.41208,-1.30208,-2.41208,-2.7720802,-3.2920802,-4.6420803,-3.18208,-3.38208,-4.80208,-4.69208,-4.8920803,-5.85208,-7.25208,-8.08208,-6.94208,-7.15208,-7.27208,-8.12208,-8.55208,-7.36208,-8.07208,-8.4420805,-6.6420803,-4.67208,0.9379199,-5.7020802,-4.12208,-8.54208,-9.06208,-12.16208
-2.5320802,-1.8420801,-1.0820801,-0.45208007,0.77791995,0.17791992,1.55792,2.99792,3.03792,4.07792,4.15792,4.45792,5.3379197,5.55792,4.78792,4.09792,6.48792,5.5879197,5.61792,5.64792,5.40792,4.89792,4.67792,4.6079197,2.37792,4.20792,0.85791993,1.82792,0.85791993,1.1179199,-0.112080075,-0.24208008,-1.3920801,-2.19208,-2.0620801,-3.21208,-2.5420802,-3.7620802,-5.04208,-5.83208,-6.9120803,-7.6820803,-8.81208,-8.79208,-6.97208,-7.58208,-8.06208,-8.77208,-7.9120803,-6.63208,-7.47208,-8.04208,-7.79208,-6.47208,-8.56208,-10.59208,-11.652081,-9.78208,-8.20208,-11.14208
-0.24208008,0.49791992,-0.022080079,0.15791993,0.44791993,1.7279199,3.13792,4.20792,4.66792,4.91792,5.42792,6.00792,6.44792,6.97792,7.95792,6.22792,6.21792,6.14792,8.02792,6.82792,6.52792,5.69792,5.14792,5.75792,5.52792,5.67792,3.29792,2.34792,3.00792,2.56792,1.21792,0.9279199,0.13791992,-1.5220801,-0.97208005,-2.67208,-4.06208,-6.87208,-6.59208,-6.1420803,-6.80208,-7.80208,-6.9120803,-7.1820803,-6.55208,-7.29208,-7.32208,-9.01208,-8.57208,-8.11208,-7.67208,-8.38208,-8.97208,-9.39208,-11.89208,-10.93208,-9.39208,-10.20208,-10.99208,-11.83208
1.6279199,2.1679199,1.9979199,2.76792,2.9879198,4.5879197,4.62792,4.8579197,4.66792,5.28792,6.94792,6.78792,7.7979198,7.69792,8.44792,8.56792,7.96792,7.25792,6.43792,9.35792,9.43792,7.0879197,6.28792,5.8579197,6.07792,5.57792,5.17792,2.25792,4.15792,3.9179199,2.53792,2.06792,0.38791993,-0.012080078,-0.9920801,-1.7120801,-5.49208,-5.54208,-4.63208,-4.34208,-5.6620803,-6.76208,-6.46208,-7.1820803,-6.47208,-6.33208,-6.74208,-9.00208,-8.05208,-7.82208,-7.1820803,-7.94208,-9.60208,-10.43208,-11.27208,-12.21208,-10.80208,-11.11208,-11.20208,-13.29208
4.01792,4.50792,4.68792,4.84792,5.5679197,5.64792,5.75792,6.42792,6.48792,7.63792,8.51792,8.72792,9.21792,9.51792,9.32792,10.48792,9.70792,9.51792,8.39792,8.06792,8.48792,8.79792,9.63792,7.3579197,6.84792,5.82792,6.16792,4.67792,5.41792,5.3379197,2.4179199,2.4579198,0.9579199,1.80792,0.21791992,-2.14208,-4.09208,-4.78208,-4.47208,-4.44208,-6.23208,-6.38208,-5.10208,-7.04208,-6.90208,-7.22208,-8.42208,-7.35208,-8.73208,-7.9320803,-9.52208,-10.32208,-9.35208,-9.45208,-10.12208,-10.96208,-10.11208,-10.08208,-11.13208,-11.16208
4.80792,6.05792,5.76792,6.43792,6.67792,6.63792,6.87792,6.96792,7.75792,8.60792,9.36792,10.097919,10.44792,10.92792,11.37792,10.8079195,10.86792,11.00792,9.82792,9.54792,8.73792,8.10792,8.01792,8.43792,9.31792,7.5479198,6.00792,6.88792,5.32792,5.09792,2.99792,1.8679199,3.28792,1.93792,1.7279199,-0.9520801,-3.43208,-3.84208,-3.68208,-4.90208,-5.4320803,-5.59208,-7.27208,-7.31208,-7.72208,-6.90208,-8.28208,-8.9420805,-9.46208,-9.85208,-9.81208,-9.152081,-9.27208,-9.63208,-9.38208,-9.99208,-9.402081,-10.33208,-9.81208,-10.18208
7.48792,7.23792,7.74792,7.97792,8.20792,8.06792,8.26792,8.17792,8.347919,9.01792,9.78792,10.64792,10.67792,11.53792,11.87792,11.92792,11.47792,10.97792,11.18792,10.60792,9.347919,8.73792,8.26792,7.84792,8.54792,9.96792,8.23792,7.0479198,6.21792,5.48792,3.77792,2.7379198,3.12792,3.6779199,2.9779198,-0.65208006,-3.2920802,-2.42208,-4.49208,-5.00208,-5.32208,-6.83208,-6.52208,-6.24208,-6.37208,-7.67208,-8.23208,-8.32208,-7.8920803,-9.52208,-9.57208,-7.74208,-7.44208,-8.24208,-9.81208,-9.54208,-8.75208,-9.46208,-9.79208,-8.71208
9.81792,9.51792,9.50792,9.42792,9.45792,9.12792,9.25792,9.62792,10.15792,9.24792,9.847919,9.98792,10.46792,10.28792,10.78792,11.69792,12.92792,11.92792,11.00792,11.32792,11.3079195,9.78792,8.21792,7.51792,7.09792,8.5579195,10.76792,8.54792,8.06792,5.78792,5.3379197,2.6979198,3.36792,4.20792,3.1879199,0.5679199,-2.45208,-3.3320801,-4.46208,-5.48208,-6.56208,-5.9520802,-5.3920803,-6.98208,-8.14208,-7.36208,-7.75208,-7.77208,-8.31208,-8.13208,-8.04208,-7.74208,-8.49208,-8.56208,-8.47208,-8.50208,-7.94208,-8.17208,-7.51208,-7.79208
11.98792,10.70792,11.08792,10.97792,10.35792,9.94792,10.38792,10.82792,11.17792,9.93792,9.58792,9.71792,10.10792,10.18792,10.04792,10.60792,11.19792,12.43792,11.74792,11.10792,11.58792,11.49792,10.81792,9.22792,7.93792,7.40792,7.78792,9.14792,8.93792,7.49792,5.03792,4.5479198,3.49792,5.72792,2.84792,1.5179199,-2.69208,-3.2920802,-4.26208,-4.80208,-5.25208,-2.90208,-5.58208,-7.32208,-7.00208,-5.23208,-6.1820803,-6.62208,-7.9120803,-8.20208,-8.01208,-7.58208,-7.47208,-7.1620803,-7.2020802,-7.32208,-6.65208,-5.75208,-5.84208,-5.23208
11.37792,11.63792,12.16792,10.69792,11.12792,12.02792,12.27792,11.94792,12.66792,11.67792,10.94792,10.74792,11.08792,11.3079195,11.58792,11.8079195,11.56792,12.24792,11.53792,12.12792,12.14792,12.04792,11.25792,10.85792,9.8079195,8.29792,7.24792,7.8579197,8.75792,8.49792,7.30792,6.41792,3.7079198,3.81792,0.8879199,1.05792,-2.7820802,-2.71208,-3.67208,-4.82208,-4.82208,-4.17208,-5.28208,-6.6820803,-5.85208,-3.18208,-5.54208,-7.56208,-7.15208,-6.86208,-6.8920803,-6.65208,-6.88208,-6.86208,-6.19208,-5.2020802,-5.31208,-4.36208,-4.04208,-2.21208
9.24792,10.49792,11.92792,11.41792,12.36792,13.20792,12.50792,11.12792,12.87792,13.08792,12.19792,11.54792,12.29792,12.24792,12.65792,12.41792,12.17792,12.53792,13.347919,12.29792,12.39792,12.10792,12.18792,11.48792,10.097919,8.86792,8.53792,8.0579195,7.50792,9.11792,9.65792,8.31792,4.23792,1.3679199,0.2579199,1.6779199,-3.0420802,-1.9520801,-1.7420801,-4.50208,-4.25208,-4.83208,-5.02208,-5.60208,-5.48208,-5.9520802,-5.53208,-6.07208,-5.42208,-5.85208,-5.74208,-6.08208,-4.9520802,-4.55208,-3.95208,-4.34208,-4.03208,-3.67208,-3.22208,-1.7420801
4.8179197,6.5879197,9.31792,10.06792,12.01792,12.28792,11.23792,11.62792,12.74792,13.44792,13.46792,12.44792,13.51792,13.86792,13.42792,12.5579195,12.93792,12.54792,13.31792,12.87792,12.93792,12.77792,12.72792,11.91792,10.72792,9.32792,8.70792,7.92792,7.38792,7.51792,7.74792,5.15792,2.82792,2.9879198,-2.0820801,-0.7920801,-3.22208,-2.50208,-1.6220801,-5.01208,-4.87208,-5.01208,-4.48208,-5.21208,-3.61208,-3.73208,-4.77208,-5.75208,-5.81208,-4.62208,-5.13208,-4.26208,-3.69208,-2.89208,-2.5420802,-2.68208,-3.3320801,-2.63208,-1.44208,-0.90208006
4.44792,8.20792,10.10792,10.16792,11.89792,11.8079195,12.33792,12.90792,13.847919,14.62792,14.69792,13.83792,13.74792,14.60792,14.35792,12.43792,12.67792,12.85792,12.45792,12.63792,12.64792,12.8079195,12.85792,11.81792,10.08792,9.35792,8.48792,6.92792,5.30792,6.22792,5.77792,3.6979198,6.52792,1.93792,-1.9720801,-2.89208,-2.18208,-3.49208,-3.48208,-5.96208,-4.84208,-3.17208,-4.13208,-4.30208,-3.7620802,-4.87208,-3.0420802,-4.86208,-3.8120801,-4.67208,-3.3120801,-3.84208,-2.73208,-2.70208,-2.69208,-0.8620801,-0.89208007,-0.09208008,0.067919925,0.5179199
8.347919,11.38792,10.98792,11.58792,12.44792,13.20792,14.08792,14.25792,13.8079195,13.91792,13.847919,14.17792,14.64792,13.21792,13.53792,12.67792,12.33792,12.63792,13.13792,13.8079195,14.14792,13.847919,12.0579195,11.24792,9.35792,8.41792,7.42792,6.62792,5.05792,5.2979198,7.37792,3.05792,-3.17208,-3.0220802,-7.58208,-2.71208,-2.8020802,-3.62208,-4.04208,-4.40208,-4.4320803,-2.43208,-3.65208,-2.7920802,-2.67208,-3.97208,-4.15208,-3.2820802,-3.0220802,-3.49208,-2.2620802,-1.80208,-1.3220801,-2.0320802,-0.39208007,0.12791993,-0.6120801,1.0179199,0.2879199,0.84791994
10.94792,10.95792,11.18792,12.46792,11.41792,12.15792,12.95792,13.29792,13.19792,13.66792,13.66792,14.08792,13.75792,13.11792,12.60792,12.26792,11.85792,12.347919,12.71792,14.02792,13.98792,12.28792,10.47792,9.33792,8.26792,6.53792,6.93792,6.32792,5.05792,3.84792,1.7279199,2.07792,0.6979199,-2.10208,-5.74208,-2.5420802,-3.36208,-4.13208,-3.73208,-3.60208,-3.67208,-2.92208,-2.0620801,-2.11208,-2.90208,-2.99208,-2.44208,-2.89208,-2.41208,-1.1020801,-1.06208,-1.2120801,-0.8020801,0.20791993,0.45791993,1.30792,1.1279199,0.97791994,1.6379199,1.7879199
8.74792,11.35792,11.03792,10.66792,11.597919,12.78792,12.48792,12.67792,12.65792,12.65792,12.79792,13.0579195,12.3079195,11.40792,11.73792,10.43792,11.03792,11.78792,11.50792,12.67792,10.14792,8.88792,7.5479198,6.55792,5.97792,6.50792,6.6079197,6.2979198,4.63792,5.32792,4.01792,1.4979199,-1.93208,-6.42208,-7.07208,-3.72208,-4.01208,-3.61208,-3.94208,-3.59208,-2.24208,-3.0120802,-1.56208,-3.65208,-1.8620801,-2.3020802,-1.3520801,-1.05208,0.29791993,1.2879199,0.8079199,1.0079199,0.11791992,1.8579199,2.59792,1.31792,3.1679199,2.2179198,2.62792,2.7179198
10.76792,12.13792,11.91792,12.40792,12.70792,12.89792,12.42792,11.69792,11.5579195,11.95792,11.82792,11.27792,10.39792,10.50792,10.15792,9.60792,10.33792,11.48792,10.37792,6.24792,7.82792,6.03792,5.3579197,4.63792,5.01792,5.66792,5.41792,5.45792,4.3179197,4.44792,0.7979199,0.09791992,-2.94208,-6.7020802,-6.01208,-4.37208,-4.6420803,-4.44208,-4.73208,-2.61208,-2.7620802,-2.45208,-3.59208,-3.0820801,-0.6920801,0.18791991,1.06792,1.8579199,1.3879199,-0.20208007,2.1879199,2.24792,1.9279199,3.31792,3.39792,3.62792,5.05792,3.14792,3.10792,3.39792
11.28792,11.91792,12.22792,12.26792,13.10792,13.64792,13.14792,12.46792,12.04792,11.36792,10.16792,9.76792,8.94792,7.26792,8.35792,9.28792,10.347919,10.88792,5.82792,6.89792,5.82792,3.9479198,3.77792,4.27792,4.55792,4.95792,4.78792,3.6879199,0.8979199,-0.32208008,-2.64208,-0.96208006,-5.85208,-6.1620803,-4.32208,-5.36208,-4.73208,-4.69208,-3.73208,-3.20208,-1.8920801,-1.7120801,-2.5120802,-1.31208,0.33791992,0.14791992,2.2179198,3.40792,2.65792,2.83792,2.4779198,2.30792,3.61792,4.11792,4.80792,5.72792,4.46792,5.13792,4.93792,5.0879197
11.52792,11.65792,12.47792,13.27792,13.56792,14.31792,14.02792,12.37792,10.85792,9.847919,9.70792,6.96792,5.28792,6.0479198,7.19792,8.44792,5.6079197,5.12792,4.57792,3.4579198,3.62792,2.7179198,2.90792,4.24792,4.67792,3.26792,3.54792,3.4179199,0.7979199,-1.68208,-2.5820801,-2.73208,-7.60208,-5.4320803,-6.23208,-5.6420803,-4.84208,-3.92208,-2.69208,-1.94208,-1.9720801,-1.0020801,-0.89208007,0.067919925,0.78791994,2.2279198,3.27792,5.01792,3.86792,2.82792,4.62792,5.0479198,4.91792,5.61792,7.13792,6.5879197,6.16792,5.61792,6.64792,7.23792
11.04792,11.78792,12.71792,13.3079195,13.56792,13.07792,11.91792,11.29792,9.95792,8.41792,6.84792,3.34792,2.4279199,4.59792,5.05792,4.77792,4.72792,4.45792,-1.2620801,-1.17208,0.5179199,-0.09208008,0.5679199,-0.64208007,-1.8320801,-1.5120801,-3.46208,-5.29208,-5.11208,-4.22208,-3.23208,-8.14208,-8.32208,-6.4520802,-6.06208,-4.3920803,-3.74208,-2.98208,-2.8020802,-1.3720801,-0.83208007,-0.5720801,-0.3120801,1.19792,1.4779199,4.73792,4.57792,5.82792,5.64792,5.44792,4.72792,4.22792,6.00792,6.84792,8.19792,7.3579197,6.8579197,8.24792,7.96792,9.07792
9.98792,10.29792,10.88792,11.43792,13.13792,13.26792,10.50792,7.42792,6.12792,3.57792,3.81792,0.08791992,1.1279199,3.4679198,1.6179199,3.31792,1.69792,-0.35208008,-1.7420801,-6.01208,-6.58208,-7.08208,-6.46208,-5.15208,-4.7020802,-1.3620801,-2.42208,-4.6420803,-4.92208,-6.28208,-8.28208,-5.28208,-6.85208,-6.29208,-5.86208,-4.07208,-3.65208,-2.97208,-2.21208,-1.8620801,-1.2320801,-0.35208008,0.09791992,0.91791993,3.84792,3.07792,7.3379197,7.90792,6.96792,5.95792,5.44792,5.48792,7.12792,8.47792,9.58792,9.23792,9.37792,10.10792,9.94792,10.8079195
