json/gfs_20240721_12.json
{"header": { "discipline":0, "disciplineName":"Meteorological products", "gribEdition":2, "gribLength":79972, "center":7, "centerName":"US National Weather Service - NCEP(WMC)", "subcenter":0, "refTime":"2024-07-21T12:00:00.000Z", "significanceOfRT":1, "significanceOfRTName":"Start of forecast", "productStatus":0, "productStatusName":"Operational products", "productType":1, "productTypeName":"Forecast products", "productDefinitionTemplate":0, "productDefinitionTemplateName":"Analysis/forecast at horizontal level/layer at a point in time", "parameterCategory":2, "parameterCategoryName":"Momentum", "parameterNumber":2, "parameterNumberName":"U-component_of_wind", "parameterUnit":"m.s-1", "genProcessType":2, "genProcessTypeName":"Forecast", "forecastTime":0, "surface1Type":103, "surface1TypeName":"Specified height level above ground", "surface1Value":10.0, "surface2Type":255, "surface2TypeName":"Missing", "surface2Value":0.0, "gridDefinitionTemplate":0, "gridDefinitionTemplateName":"Latitude_Longitude", "numberPoints":65160, "shape":6, "shapeName":"Earth spherical with radius of 6,371,229.0 m", "gridUnits":"degrees", "resolution":48, "winds":"true", "scanMode":0, "nx":360, "ny":181, "basicAngle":0, "lo1":0.0, "la1":90.0, "lo2":359.0, "la2":-90.0, "dx":1.0, "dy":1.0 }, "data":
[rows 26 to 51 of 181, columns 228 to 284 of 360]
-1.0693823,-0.7493823,-0.71938235,-0.58938235,0.19061768,0.90061766,0.6806177,-0.5493823,-1.7893823,-1.0993823,-1.1193824,-2.3893824,-1.9093823,-1.8493823,-1.2693824,-0.72938234,-1.3493823,-1.8793824,-2.0193822,-2.6593823,-2.1493824,-1.1693823,-0.5193823,1.5206177,3.1606176,2.9706178,3.3906176,2.4506178,1.3906177,2.0506177,1.0706177,1.5006176,1.9106177,1.9006177,2.1206176,2.0106177,2.1106176,2.8006177,2.0006177,1.8006177,2.5406177,2.9206176,1.3606176,1.4406177,1.4006177,-0.5793823,0.070617676,0.16061768,-0.59938234,-0.25938234,-1.5793823,0.89061767,1.4906176,0.4006177,2.1806176,1.0606177,-0.5493823
-0.6993823,-0.7093823,-1.2793823,-0.8793823,-0.8193823,-0.059382323,0.6106177,-1.0493823,-0.8693823,-0.96938235,-1.2493824,-2.8793824,-3.5593824,-2.8993824,-2.7893822,-2.0793824,-1.8593823,-4.3493824,-3.6693823,-4.149382,-3.3493824,-2.6793823,-2.4993823,-3.2093823,-1.6993823,1.4006177,2.7306178,2.5106177,2.0406177,2.3606176,1.1606177,-0.3793823,-0.069382325,-0.3193823,0.47061768,0.24061768,-0.72938234,-1.5093824,-2.4493823,-1.7193823,-0.7693823,-1.0293823,-0.08938232,-1.0593823,-0.27938232,-0.17938232,-0.45938233,-0.89938235,-2.2493823,-2.7193823,-1.2193823,-1.7293823,-1.0393823,-0.4093823,0.010617676,0.9906177,0.18061768
-0.029382324,-0.20938233,-0.9893823,-1.3993824,-1.3093823,-1.0393823,-0.6393823,-0.26938233,0.20061767,-0.46938232,-0.83938235,-2.0993824,-2.1893823,-1.4593823,-1.7593824,-1.3393823,-1.5793823,-2.3593824,-3.5393822,-5.1193824,-4.3293824,-3.3693824,-3.0893824,-4.6893826,-2.6993823,-1.6093823,-0.72938234,-0.17938232,0.33061767,0.72061765,-1.0393823,-0.7693823,-0.7693823,-1.1793823,-0.39938232,-0.5793823,-0.96938235,-0.8093823,-2.0293822,-1.4793823,-1.4893823,-1.9893823,-1.8193823,-0.6293823,-1.2793823,-1.6493824,-2.7293823,-4.6993823,-4.2293825,-3.8693824,-2.6293824,-1.4393823,-0.6993823,0.71061766,0.36061767,-2.2693822,-0.97938234
-0.66938233,-0.5193823,-0.9393823,-2.3093824,-1.0993823,-0.6393823,-0.8193823,-1.2993823,1.2606177,-0.58938235,-0.83938235,-1.2593824,-1.4593823,-2.2593822,-0.5493823,0.09061768,-1.2893823,-1.3793824,-1.6793823,-0.65938234,-2.0293822,-3.1193824,-2.8693824,-4.049382,-2.8793824,-3.3493824,-2.7093823,-1.6193824,-1.4193823,-1.4193823,-0.65938234,-1.4493823,-2.0393822,-1.8693824,-1.7993823,-0.89938235,0.7406177,1.1806177,2.6906176,2.7606177,2.4406176,3.9806178,4.4906178,4.2806177,2.7106178,-0.019382324,1.7306176,3.2206178,3.7706177,2.9506178,0.96061766,0.8106177,1.0106177,0.46061766,0.14061767,-1.5293823,-1.6193824
-1.0793823,-1.5193824,0.5506177,0.32061768,-1.0993823,-1.5693823,-2.2693822,-0.7493823,-0.5693823,-0.5593823,-1.9993824,-2.2393823,-1.2593824,-1.6193824,-0.7993823,-0.21938233,0.45061767,0.010617676,-0.38938233,-0.099382326,-1.1393824,-1.8193823,-2.5493822,-3.1793823,-3.3793824,-3.0793824,-2.4893823,-1.4493823,-2.6093824,-1.0793823,-2.1193824,-2.2893822,-2.8293824,-3.9193823,-5.919382,-4.7893825,-2.2193823,-1.2493824,-4.169382,-1.5793823,0.96061766,3.2206178,3.0206177,3.6906176,5.720618,5.600618,2.7506177,0.21061768,3.6706176,2.3306177,1.7106177,1.5706177,1.6106176,0.7006177,0.16061768,-1.2793823,-2.4893823
0.85061765,-1.3293823,-1.6693823,-1.1893823,0.6706177,-1.0693823,-1.2493824,-0.6193823,0.5506177,-0.3793823,-1.9293823,-2.0693824,-1.5293823,-1.3193823,-1.1093823,-0.7493823,-0.5093823,0.33061767,0.72061765,-0.6293823,-0.9593823,-1.9893823,-2.9693823,-4.1893826,-3.1093824,-2.8393824,-1.1293824,-0.8893823,-1.1593823,-1.6493824,-0.21938233,-1.6593823,-1.6393824,-1.3893824,-1.0893823,-3.3593824,-8.079382,-8.449383,-7.7693825,-3.3993824,-1.4093823,-0.19938232,1.5106177,2.3006177,5.7606177,6.410618,5.1506176,4.080618,1.9806176,2.3506176,1.7006177,1.5006176,1.2406176,-0.23938233,-1.9793823,-3.0093822,-3.4693823
-0.08938232,0.19061768,-1.0393823,-0.6793823,-2.1393824,-1.4693823,-1.2693824,-2.1093824,1.0806177,0.42061767,0.91061765,-0.78938234,-0.38938233,-0.4093823,0.5506177,0.5606177,0.33061767,-0.12938233,-0.8693823,0.3406177,1.6906177,-1.3093823,-1.8593823,-2.6193824,-3.1693823,-2.2693822,-1.3293823,-1.1593823,-0.9593823,0.17061767,0.5106177,1.4006177,2.2106178,2.2306178,1.6206176,1.4006177,2.1606176,2.1106176,1.1306176,-0.3193823,-0.25938234,-0.96938235,1.8706176,2.0506177,4.9006176,6.120618,6.200618,3.9406176,2.9106176,3.3506176,3.0706177,2.1306176,1.3306177,0.66061765,-1.2993823,-3.1793823,-3.0693824
0.84061766,0.27061766,-1.0293823,-0.7393823,-2.0193822,-0.8893823,-0.7093823,-0.72938234,-1.6993823,1.0106177,-0.45938233,-0.66938233,-1.4593823,0.25061768,0.15061767,-0.6193823,-0.78938234,0.23061767,0.84061766,1.2906177,1.1606177,0.09061768,-0.85938233,-1.1193824,-1.9293823,-1.1293824,-1.8593823,-0.45938233,-0.4393823,-0.20938233,0.44061768,0.9206177,1.6106176,1.9606177,1.0706177,1.7806177,1.0406177,1.4106177,1.8506176,0.8206177,1.0206177,1.2906177,1.9006177,2.9006176,2.8806176,5.2906175,4.6506176,4.1306176,4.3106174,4.330618,3.5206177,3.3906176,2.2906177,2.0006177,0.13061768,-0.30938232,-1.2693824
0.9806177,0.28061768,-1.2293823,-0.60938233,-0.27938232,-0.32938233,-1.7793823,-0.72938234,0.14061767,-0.66938233,0.5106177,-1.2493824,-0.8693823,-0.29938233,-1.3793824,-2.2293823,-0.26938233,0.23061767,0.6806177,0.17061767,-0.039382324,1.5406177,1.8806176,0.91061765,-0.32938233,-0.8893823,-0.35938233,-0.8793823,-0.7393823,-0.14938232,0.5706177,0.96061766,0.6806177,0.66061765,0.59061766,0.5706177,0.9506177,1.2806177,0.6706177,-0.20938233,0.12061767,0.78061765,1.3906177,2.2306178,2.2206178,2.6806176,4.080618,4.7406178,3.9606178,4.200618,4.0606174,4.2406178,3.6606176,3.8806176,3.0306177,0.59061766,3.6206176
1.6806177,0.85061765,0.33061767,0.89061767,0.59061766,-1.0893823,-0.9593823,-0.39938232,-1.1493824,0.36061767,-1.3993824,-0.30938232,-0.08938232,-1.1693823,-1.2593824,-1.0593823,-0.8693823,-0.27938232,-0.72938234,-0.49938232,-0.42938232,0.7406177,1.8106177,1.6706177,0.9206177,0.17061767,0.9506177,-0.019382324,0.60061765,0.070617676,-0.41938233,-0.059382323,-0.14938232,0.050617676,0.13061768,-0.53938234,0.030617677,0.25061768,0.20061767,0.28061768,-0.20938233,-0.41938233,0.3406177,0.9206177,1.7606177,1.4806176,1.9006177,2.8406177,3.9706178,4.390618,5.910618,5.390618,5.410618,5.2806177,1.8006177,2.0606177,2.4806178
1.1906177,2.0506177,0.66061765,0.3106177,0.21061768,0.9906177,0.9406177,-0.27938232,0.29061767,-1.2793823,-1.9293823,-1.5993823,-0.96938235,0.35061768,-0.65938234,-0.15938233,-0.109382324,0.050617676,-0.019382324,-1.0093824,-0.7393823,-0.109382324,0.6306177,0.42061767,0.77061766,0.7506177,1.4106177,1.1306176,1.7606177,0.15061767,1.5406177,1.9506177,0.6106177,-0.46938232,-0.7093823,-0.15938233,-0.22938232,-0.21938233,0.060617674,0.38061768,0.3106177,-0.059382323,0.040617675,0.64061767,1.6406177,1.8206177,1.8606176,2.2406178,2.3706176,4.2506175,5.3006177,6.720618,6.2506175,3.9406176,3.7106178,3.6506176,2.3806176
0.71061766,1.7106177,2.0206177,0.27061766,0.60061765,0.72061765,0.60061765,1.0206177,0.7006177,0.58061767,-1.9293823,-1.9993824,-0.7593823,-1.7493824,0.09061768,1.0506177,-0.33938232,-1.3193823,-0.33938232,0.36061767,0.030617677,0.16061768,-0.9293823,0.42061767,-0.48938233,0.9906177,1.0206177,2.2006178,2.5306177,1.5206177,2.1506176,2.8106177,2.4906178,1.8106177,1.3606176,-0.45938233,0.21061768,-0.14938232,0.030617677,0.3706177,0.28061768,0.33061767,0.14061767,0.21061768,0.8006177,1.1706177,1.6106176,2.0206177,2.7306178,2.6906176,4.2806177,4.870618,6.700618,6.3206177,4.7606177,5.660618,5.4906178
1.7606177,4.0006175,4.7506175,4.100618,0.25061768,-0.19938232,0.5406177,1.6506177,1.2606177,0.72061765,-0.8193823,-2.1493824,-1.9193823,-2.5393822,-1.9593823,-0.45938233,1.3406177,1.2406176,-1.1393824,-0.52938235,-0.5593823,-0.58938235,-0.66938233,-0.12938233,1.0806177,1.5406177,0.110617675,0.9206177,2.1606176,2.6506176,2.2206178,2.3306177,2.0506177,0.12061767,0.7306177,-1.3493823,-0.5093823,0.050617676,-0.15938233,-0.099382326,0.020617675,0.27061766,-0.26938233,0.060617674,0.12061767,0.7306177,1.2706177,2.0606177,1.6506177,2.7806177,3.0106177,4.410618,5.390618,5.430618,4.1906176,4.9806175,5.6506176
1.7106177,2.2006178,3.6506176,3.3706176,3.5106177,0.09061768,-0.20938233,0.60061765,-0.52938235,1.3706176,0.26061767,-0.4393823,-0.45938233,-1.7093823,-1.5993823,-0.16938232,-1.5893823,1.7606177,0.5006177,-1.1393824,-1.4693823,-2.6393824,-1.3393823,-0.24938232,0.3706177,2.3206177,0.8806177,1.0106177,0.77061766,0.90061766,0.33061767,0.53061765,1.2506176,1.1406177,-0.5493823,-0.7593823,-1.2093823,-1.1193824,-0.7493823,-1.1493824,-0.89938235,-0.77938235,-0.29938233,-0.19938232,0.010617676,0.32061768,1.2306176,1.6906177,2.0206177,2.7306178,2.3606176,2.1406176,2.1906176,3.9806178,4.120618,5.2706175,5.1306176
3.0806177,2.8206177,3.1406176,4.2106175,6.1106176,-0.8693823,-0.14938232,4.330618,-1.1693823,-1.1093823,-0.059382323,0.26061767,-1.0093824,-1.9093823,-0.38938233,-0.059382323,1.9906176,-0.14938232,1.5706177,0.30061767,0.27061766,-1.1293824,-0.9493823,-1.6293824,-0.52938235,0.3406177,0.060617674,-0.23938233,-1.7593824,-1.4993824,-1.0293823,-0.4393823,-0.41938233,0.71061766,-0.35938233,-0.41938233,-1.5793823,-1.3893824,-1.8593823,-1.5193824,-1.3793824,-1.2893823,-0.7993823,-0.32938233,-0.97938234,0.040617675,0.7506177,1.4706177,1.6506177,2.0206177,1.6106176,2.1906176,3.1406176,3.0306177,4.0706177,4.1706176,4.8106174
4.640618,3.7106178,4.3006177,4.9906178,6.350618,8.070618,6.1506176,-0.099382326,1.3206177,-0.32938233,-0.9893823,-1.5293823,1.3406177,-0.109382324,-0.6293823,-2.1893823,-1.8593823,-1.6193824,-0.9293823,0.25061768,0.90061766,-2.0693824,-3.5093822,-2.6893823,-1.5693823,-2.9893823,-0.5693823,-0.6993823,-0.42938232,-1.1693823,-1.1593823,-0.41938233,-0.8693823,-0.5193823,0.58061767,-1.6193824,-1.4893823,-3.0693824,-1.7893823,-1.4593823,-1.2593824,-1.2393823,-0.7093823,0.070617676,-0.5693823,-0.3793823,-0.35938233,0.7306177,1.6406177,1.5506177,1.5606177,2.2406178,3.1206176,3.1506176,3.4806178,3.6206176,5.0106177
5.220618,5.0706177,3.3506176,4.2106175,5.2806177,6.1106176,7.7506175,5.3006177,0.8006177,1.2406176,-0.099382326,-0.7393823,1.1906177,-1.1893823,-1.1693823,-1.5993823,-1.5193824,-1.3493823,-2.4393823,-0.64938235,2.0606177,0.3106177,-3.0593824,-0.71938235,1.0306177,-2.4993823,-2.3593824,-2.5393822,-1.8393823,-1.3993824,-2.7493823,-0.009382324,-2.1393824,-1.3793824,-1.0793823,-1.1093823,-1.4293823,-2.1493824,-0.66938233,-0.64938235,-1.0193824,-0.7093823,0.33061767,-1.5393823,0.91061765,-2.2693822,-1.7093823,-0.7093823,0.85061765,1.2806177,1.7906177,1.4206177,1.5106177,1.5506177,2.0506177,2.3506176,3.2706177
4.5206175,3.6006176,2.1406176,2.8906176,2.7006178,5.720618,6.100618,6.2706175,4.3206177,1.4906176,-0.8293823,1.7106177,1.3106177,1.1006176,-2.1493824,-2.1593823,-1.8793824,-1.2393823,-1.9793823,-1.2493824,0.16061768,-1.4293823,1.5506177,2.3606176,0.9206177,0.6306177,1.6006176,0.5506177,-0.45938233,-1.9293823,-0.36938232,-0.19938232,-1.1893823,-0.27938232,-1.9693823,-0.9393823,-1.6093823,-1.3893824,-1.4293823,-1.5093824,-1.7693824,-3.7793822,-4.4893823,-1.8693824,-0.17938232,-2.7593822,-3.5893824,-2.4093823,-0.77938235,-0.08938232,0.110617675,0.36061767,0.060617674,0.6106177,0.32061768,0.45061767,0.59061766
4.4406176,2.6706176,2.0406177,2.2206178,4.5306177,5.870618,2.8906176,4.9606175,3.1806176,1.9006177,1.2506176,-1.9593823,1.8206177,-0.6393823,-2.6093824,-0.9993823,-0.58938235,-1.0293823,-1.4193823,0.8006177,0.35061768,-1.7693824,0.8706177,0.7506177,-0.58938235,1.1406177,0.27061766,-0.45938233,0.8706177,-0.7393823,-0.27938232,-1.5093824,-1.0293823,0.5006177,-0.13938232,0.5606177,-1.1593823,-0.91938233,-1.7893823,-1.6793823,-1.4393823,-1.5593823,-1.7093823,-1.5793823,-0.59938234,-0.44938233,-1.3193823,-2.6193824,-2.0293822,-3.9993823,-2.6493824,-2.1293824,-1.1693823,-0.5693823,0.5506177,-0.14938232,-0.19938232
4.6106176,3.1506176,1.0606177,3.1506176,4.3106174,4.5506177,3.7706177,1.8706176,0.3106177,-1.0393823,1.2606177,-0.53938234,-1.7993823,-0.7993823,1.7106177,0.10061768,-2.8493824,0.16061768,-0.18938233,-0.12938233,-0.9993823,-0.7593823,-1.4893823,0.15061767,-0.53938234,0.8206177,1.3606176,0.77061766,2.1906176,2.2006178,1.1506177,0.9206177,-0.48938233,0.20061767,0.010617676,1.2906177,0.44061768,0.4006177,-0.58938235,0.52061766,-1.1293824,-1.1393824,-1.7593824,-1.4293823,-0.6193823,-2.5093822,-2.5193822,-1.2593824,-0.45938233,-5.919382,-6.1593823,-4.6393824,-1.7893823,-0.7693823,-1.2393823,-0.6393823,-0.7993823
3.2006178,3.3506176,2.2106178,3.4706178,2.9406176,3.1206176,3.2806177,3.1206176,1.0906177,1.5906177,-0.91938233,0.20061767,-1.2393823,-1.4393823,0.4306177,-0.24938232,-2.3693824,-1.8093823,0.28061768,0.030617677,-4.4693823,-3.2493823,-2.4593823,2.0506177,1.0706177,0.48061767,0.30061767,1.9606177,-0.6893823,2.4706178,2.8106177,0.72061765,0.6706177,1.2806177,-0.8893823,-0.11938232,0.5606177,0.35061768,0.3706177,1.3206177,1.6406177,0.5006177,-0.6293823,-1.7493824,-1.2193823,-3.1093824,-0.8893823,-0.049382325,1.1306176,0.9906177,1.5606177,2.0506177,1.2906177,0.8206177,0.53061765,-0.11938232,0.13061768
3.3606176,3.5206177,3.1506176,2.5206177,2.8206177,3.4406176,2.3106177,1.6006176,0.8206177,1.3106177,1.7606177,1.3406177,-1.7493824,-0.8093823,-0.7093823,-2.3393824,-2.8293824,-2.2493823,-6.649382,-2.5293822,-2.6793823,-1.5593823,-0.6193823,2.4006176,0.90061766,0.24061768,0.15061767,-0.8693823,2.0106177,2.4706178,3.0006177,2.3006177,1.9406177,2.0006177,0.5706177,0.22061768,0.5106177,0.23061767,0.5106177,0.23061767,0.6806177,0.9206177,0.8806177,0.9306177,1.6306176,2.1506176,-0.16938232,1.0706177,1.2906177,1.1906177,1.9206177,2.0006177,1.5006176,0.77061766,2.5006177,3.0906177,1.3206177
1.8506176,4.410618,3.1606176,2.4306176,2.0706177,2.9306176,2.9806178,2.2606177,0.020617675,-0.35938233,1.3006177,0.58061767,1.0006176,-0.52938235,0.18061768,-0.15938233,-1.6093823,-1.2293823,-0.96938235,-1.5093824,-1.0393823,-1.1693823,-1.3693824,-2.7693822,-2.2393823,6.176758E-4,-1.4993824,0.050617676,-0.8093823,2.1606176,0.6706177,1.4906176,1.9006177,1.6106176,1.2106177,0.9406177,-0.109382324,0.28061768,-0.009382324,-0.12938233,-0.44938233,0.36061767,-0.049382325,0.7906177,0.8606177,0.96061766,-0.17938232,0.24061768,1.2006177,2.0106177,1.6206176,2.1406176,0.30061767,0.22061768,0.77061766,0.7606177,0.48061767
3.3106177,2.9106176,2.1206176,2.2606177,2.1706176,3.1406176,3.2006178,2.7706177,0.12061767,-0.8793823,-1.6493824,0.5006177,-0.6993823,-0.58938235,-1.9893823,-2.0893824,-0.5093823,-0.08938232,-0.3493823,-2.4893823,-5.4693823,-0.97938234,-0.6893823,-1.2193823,-0.7993823,-2.0993824,-0.08938232,-0.66938233,-0.8893823,0.46061766,-0.07938232,-0.099382326,0.72061765,1.1506177,0.9906177,0.14061767,0.10061768,-0.6993823,-0.25938234,-0.5793823,-0.009382324,-0.45938233,-0.6393823,0.15061767,0.10061768,-0.42938232,-0.3793823,-0.14938232,0.16061768,0.5406177,0.52061766,-0.3493823,-0.5193823,0.060617674,0.8106177,0.66061765,0.6806177
1.0606177,1.0606177,0.8606177,1.3906177,2.9506178,4.0006175,3.8006177,4.2306175,-0.5693823,-1.2893823,-0.33938232,-0.24938232,0.9406177,0.59061766,-1.3393823,-1.4693823,0.030617677,-1.6793823,1.6106176,-1.1993823,-0.58938235,-1.8193823,-0.9493823,-2.2893822,-1.1093823,0.77061766,-0.48938233,-0.7693823,-1.2893823,-0.58938235,0.5606177,-0.07938232,-0.29938233,-0.6393823,-0.4093823,-0.3793823,-0.7493823,-1.0893823,-1.3293823,-1.3393823,-0.7393823,-1.4693823,-1.3793824,-1.4693823,-1.2993823,-1.8293823,-1.5093824,-1.8393823,-1.7593824,-0.8793823,-1.1893823,-1.4293823,-1.0193824,1.0106177,0.8706177,0.5406177,1.7606177
-0.069382325,-0.48938233,0.25061768,2.0206177,3.0706177,3.4406176,4.4006176,6.140618,7.0306177,1.3106177,-0.8293823,-1.9093823,1.7206177,0.97061765,-1.2293823,-0.25938234,1.1006176,-0.78938234,1.2006177,-0.41938233,-0.13938232,0.010617676,-1.4093823,-1.2993823,0.10061768,-0.48938233,1.0106177,1.5806177,-0.52938235,-1.4793823,0.28061768,-0.33938232,-0.8293823,-0.41938233,-1.4893823,-1.2793823,-1.6993823,-1.9993824,-1.8093823,-1.5393823,-1.1993823,-1.0493823,-1.8193823,-1.4793823,-1.7293823,-2.0593824,-1.5493823,-1.3593823,-2.1393824,-0.9293823,-0.9893823,-0.49938232,-0.52938235,0.90061766,1.1906177,1.1706177,-0.5793823
