json/gfs_20240724_18.json
{"header": { "discipline":0, "disciplineName":"Meteorological products", "gribEdition":2, "gribLength":79634, "center":7, "centerName":"US National Weather Service - NCEP(WMC)", "subcenter":0, "refTime":"2024-07-24T18:00:00.000Z", "significanceOfRT":1, "significanceOfRTName":"Start of forecast", "productStatus":0, "productStatusName":"Operational products", "productType":1, "productTypeName":"Forecast products", "productDefinitionTemplate":0, "productDefinitionTemplateName":"Analysis/forecast at horizontal level/layer at a point in time", "parameterCategory":2, "parameterCategoryName":"Momentum", "parameterNumber":2, "parameterNumberName":"U-component_of_wind", "parameterUnit":"m.s-1", "genProcessType":2, "genProcessTypeName":"Forecast", "forecastTime":0, "surface1Type":103, "surface1TypeName":"Specified height level above ground", "surface1Value":10.0, "surface2Type":255, "surface2TypeName":"Missing", "surface2Value":0.0, "gridDefinitionTemplate":0, "gridDefinitionTemplateName":"Latitude_Longitude", "numberPoints":65160, "shape":6, "shapeName":"Earth spherical with radius of 6,371,229.0 m", "gridUnits":"degrees", "resolution":48, "winds":"true", "scanMode":0, "nx":360, "ny":181, "basicAngle":0, "lo1":0.0, "la1":90.0, "lo2":359.0, "la2":-90.0, "dx":1.0, "dy":1.0 }, "data":
[rows 26 to 51 of 181, columns 59 to 117 of 360]
-1.4783349,0.14166504,0.36166504,-1.388335,-1.488335,-0.42833495,-0.94833493,-1.0983349,-1.938335,-1.278335,-2.0183349,-2.648335,-2.878335,-2.208335,-4.748335,-4.828335,-3.428335,-3.858335,-3.648335,-2.308335,-1.9583349,-1.508335,-1.548335,-1.238335,-1.4783349,-1.518335,-1.738335,-0.658335,-0.888335,-1.2183349,-1.118335,-0.59833497,-0.16833496,-0.29833496,0.48166505,0.87166506,0.90166503,0.77166504,-0.85833496,-0.41833496,0.30166504,0.731665,0.541665,0.35166505,-1.028335,-5.338335,-2.798335,-2.168335,-3.238335,-6.208335,-3.238335,-6.718335,-8.608335,-6.518335,-6.278335,-3.848335,-3.728335,-2.878335,-3.398335
-1.308335,-0.02833496,0.06166504,-1.528335,-1.008335,-0.828335,-2.188335,-0.41833496,-0.91833496,-0.648335,-0.93833494,-0.768335,-3.878335,-2.658335,-3.0283349,-2.498335,-3.868335,-5.848335,-4.3883348,-4.748335,-3.448335,-2.348335,-1.938335,-1.528335,-1.618335,-1.628335,-1.3483349,-0.778335,-0.39833495,-0.68833494,-1.018335,-0.34833497,-0.50833493,-0.518335,-1.0783349,0.611665,0.49166504,0.77166504,-0.23833495,0.74166507,1.091665,1.251665,0.93166506,-0.98833495,-0.15833496,-1.548335,-2.168335,-3.228335,-4.748335,-3.548335,-4.768335,-5.438335,-3.588335,-5.128335,-3.0383348,-3.218335,-2.658335,-2.888335,-3.318335
-1.608335,0.56166506,0.04166504,-0.69833493,-0.37833497,-0.12833495,-0.24833496,0.13166504,-1.5683349,-0.62833494,-0.32833496,-0.29833496,-1.678335,-0.78833497,-1.288335,-2.548335,-5.518335,-6.668335,-4.588335,-3.568335,-3.138335,-3.878335,-4.678335,-4.6383348,-4.758335,-4.558335,-2.5083349,-1.8383349,-1.918335,-1.548335,-0.50833493,-0.45833495,1.061665,0.70166504,-0.72833496,-0.28833497,0.04166504,0.42166504,0.851665,1.101665,1.5316651,1.3016651,0.41166505,0.71166503,-0.968335,-1.488335,-1.5883349,-1.358335,-2.408335,-1.9483349,-2.588335,-0.27833498,-3.118335,-5.458335,-2.978335,-3.328335,-3.138335,-1.758335,-2.688335
-1.528335,0.34166503,0.28166503,-0.578335,-0.62833494,-0.24833496,-0.16833496,-0.40833497,0.74166507,0.30166504,-0.80833495,0.81166506,-1.028335,-3.438335,-1.018335,-3.128335,-1.0983349,-1.7083349,-3.048335,-3.888335,-3.178335,-3.388335,-2.868335,-2.7883348,-2.2783349,-2.408335,-3.058335,-2.048335,-2.308335,-2.2883348,-1.368335,-1.498335,-0.98833495,1.341665,1.201665,0.03166504,-0.22833496,0.44166505,1.101665,1.081665,1.7916651,2.431665,1.991665,0.93166506,-0.708335,-1.5883349,-0.75833493,-1.288335,-1.538335,-1.308335,-1.7083349,-0.898335,-1.368335,-0.24833496,-0.46833497,-1.658335,-1.7083349,-2.7883348,-2.438335
-1.3183349,0.04166504,-0.60833496,0.08166504,-0.118334964,0.08166504,-0.038334962,0.19166504,0.34166503,-0.008334961,0.21166503,-0.22833496,0.49166504,-0.968335,-2.348335,-1.898335,-1.528335,-1.928335,-2.568335,-2.738335,-2.868335,-2.7683349,-3.228335,-2.318335,-2.548335,-2.188335,-2.338335,-2.098335,-2.998335,-2.108335,-1.518335,-1.118335,-1.538335,-0.72833496,0.75166506,1.0316651,0.671665,0.841665,1.091665,1.5416651,1.381665,1.6816651,1.9016651,0.80166507,-0.28833497,-0.658335,-0.10833496,-0.07833496,-0.09833496,0.021665039,-0.38833496,0.011665039,0.32166505,-0.42833495,-0.14833497,-0.778335,-1.168335,-1.288335,-1.128335
-1.3183349,-0.19833496,-0.708335,-0.67833495,-0.67833495,-0.47833496,-0.29833496,0.011665039,-0.48833495,0.64166504,0.43166503,-0.01833496,1.111665,1.4016651,1.5416651,0.29166505,-1.168335,-2.428335,-1.618335,-1.528335,-2.088335,-2.2783349,-4.998335,-2.858335,-2.368335,-2.208335,-1.778335,-1.938335,-2.408335,-1.298335,-1.8183349,-1.278335,0.39166504,-0.73833495,-0.25833496,0.0016650391,0.851665,0.601665,1.251665,1.501665,1.721665,1.9216651,1.1716651,-1.138335,-1.408335,-1.1983349,-0.55833495,-0.13833496,0.20166504,0.57166505,0.64166504,-0.17833497,0.35166505,0.781665,-0.86833495,-0.94833493,-1.488335,-0.30833495,-0.48833495
-3.068335,-1.628335,-1.4683349,-1.2283349,-0.828335,-0.92833495,-0.19833496,-0.30833495,-0.28833497,-0.27833498,1.0316651,0.861665,1.761665,3.421665,2.821665,2.7416651,2.671665,0.80166507,1.501665,1.5216651,0.731665,-0.20833497,-0.968335,-0.02833496,-1.108335,-1.418335,-1.928335,-1.418335,-1.408335,-1.678335,-1.498335,-1.148335,-0.06833496,0.62166506,1.361665,1.061665,-0.92833495,-0.42833495,1.6716651,1.5216651,2.031665,2.841665,1.981665,1.811665,-0.67833495,-0.49833497,-0.54833496,-0.38833496,0.76166505,0.94166505,-0.638335,-0.43833497,0.48166505,0.70166504,-1.2083349,-1.1983349,-1.1983349,-1.618335,-0.50833493
-2.808335,-1.408335,-1.148335,-1.018335,-1.188335,-0.75833493,-0.46833497,0.14166504,-0.72833496,-1.7083349,0.82166505,1.811665,2.4716651,3.191665,3.101665,3.291665,2.561665,1.981665,2.081665,1.851665,2.9916651,1.061665,0.47166502,-0.09833496,-0.40833497,-0.02833496,-0.61833495,-0.29833496,-1.508335,-0.908335,-1.178335,-1.558335,-1.0683349,-1.028335,0.49166504,1.011665,1.231665,1.1816651,1.471665,0.781665,1.7916651,3.281665,2.701665,1.1716651,0.021665039,0.40166503,0.19166504,-0.04833496,1.0316651,1.561665,0.15166503,0.42166504,0.611665,-1.258335,-1.268335,-0.828335,-1.618335,-1.008335,-0.69833493
-2.5383348,-1.738335,-1.5883349,-1.148335,-0.898335,-0.778335,0.16166504,-0.48833495,-0.68833494,-1.498335,0.671665,2.321665,3.201665,2.831665,3.891665,4.151665,3.091665,3.511665,2.601665,3.141665,3.281665,0.81166506,-1.858335,-0.62833494,-0.84833497,-1.118335,-0.36833495,-0.54833496,0.06166504,-1.308335,-1.058335,-0.84833497,-0.87833494,-0.47833496,0.35166505,0.35166505,0.63166505,0.63166505,0.70166504,1.321665,1.251665,1.581665,2.301665,2.181665,0.71166503,0.21166503,0.23166505,-0.08833496,1.731665,-0.648335,-0.35833496,0.24166504,0.911665,-0.79833496,-1.6983349,-0.46833497,0.35166505,0.35166505,-1.018335
-1.508335,-0.718335,-2.7583349,-2.438335,-2.058335,-0.69833493,0.601665,2.091665,2.701665,1.691665,-0.118334964,1.4116651,2.701665,2.9616652,2.701665,3.031665,2.7216651,2.431665,2.171665,2.871665,1.971665,1.261665,-3.078335,-0.23833495,-1.188335,-0.79833496,-0.62833494,-0.72833496,-0.86833495,-1.5683349,0.33166504,-0.38833496,-0.84833497,-0.86833495,-0.32833496,-0.55833495,0.63166505,-0.718335,0.29166505,0.15166503,1.311665,1.511665,1.581665,2.801665,0.601665,-0.008334961,-0.42833495,-0.038334962,-0.24833496,0.55166507,0.591665,0.021665039,1.3016651,-0.73833495,-0.87833494,-1.628335,0.0016650391,-1.188335,-1.028335
-1.018335,-2.2783349,-3.108335,-2.2883348,-2.378335,-1.9683349,-1.918335,-0.19833496,0.06166504,-0.05833496,1.581665,2.081665,2.871665,3.311665,2.061665,2.4616652,1.381665,0.41166505,3.561665,1.461665,-1.158335,3.251665,-1.278335,-2.0083349,-1.408335,-1.298335,-1.008335,-0.59833497,-1.028335,-1.398335,-1.3183349,-0.15833496,0.33166504,-0.94833493,-0.968335,-1.648335,-1.748335,-0.35833496,0.63166505,0.51166505,0.71166503,2.331665,1.9116651,1.821665,3.551665,0.14166504,0.41166505,1.341665,-0.23833495,0.62166506,0.63166505,0.08166504,-1.768335,-0.98833495,-0.40833497,-0.37833497,-0.84833497,-0.48833495,-0.898335
-4.048335,-3.468335,-3.2583349,-3.428335,-3.0383348,-2.868335,-2.458335,-2.738335,-2.728335,-1.4783349,0.15166503,0.56166506,2.951665,3.131665,2.621665,3.311665,0.39166504,2.111665,4.281665,1.131665,2.091665,0.19166504,-1.438335,-1.888335,-2.828335,-1.528335,-1.5683349,-1.0983349,-0.638335,-1.058335,-1.7183349,0.46166503,-0.30833495,-0.05833496,0.07166504,0.33166504,-0.37833497,-0.588335,-1.268335,-1.178335,0.17166504,0.791665,1.581665,1.111665,1.601665,0.601665,-0.75833493,0.981665,-0.38833496,1.011665,1.261665,-0.75833493,-1.688335,-1.808335,-1.778335,-1.9783349,-0.55833495,-1.648335,-1.528335
-6.358335,-6.428335,-6.148335,-5.048335,-4.808335,-3.338335,-2.608335,-2.488335,-2.058335,-1.3483349,-2.218335,-1.008335,1.091665,0.82166505,0.791665,0.76166505,2.881665,3.521665,5.701665,0.06166504,-2.098335,-0.13833496,-0.658335,-1.4583349,-1.038335,-0.838335,-0.35833496,-0.28833497,-0.08833496,-1.5883349,-0.828335,-1.508335,-0.828335,0.30166504,0.57166505,0.06166504,-1.4783349,1.081665,-0.55833495,-1.258335,0.46166503,0.87166506,0.69166505,0.69166505,0.94166505,0.37166503,0.68166506,3.661665,1.141665,2.2316651,0.99166507,-1.498335,-1.638335,-1.058335,-1.138335,-1.918335,-0.708335,-1.038335,-1.5683349
-5.508335,-7.9083347,-5.378335,-5.148335,-2.408335,-1.778335,-4.208335,-3.0383348,-2.458335,-4.098335,-2.838335,-1.9683349,-0.718335,-0.67833495,-0.888335,0.14166504,1.561665,2.9816651,1.341665,-0.43833497,0.10166504,1.631665,0.69166505,-1.548335,-1.398335,0.52166504,-0.518335,0.971665,-1.358335,-0.25833496,-2.078335,2.131665,-0.85833496,-1.938335,1.341665,-0.638335,-0.22833496,-0.73833495,-0.81833494,-1.388335,2.001665,1.201665,0.68166506,-0.84833497,-0.518335,-0.22833496,1.351665,1.061665,1.441665,1.331665,0.69166505,-0.36833495,-0.97833496,-0.658335,-1.3383349,-1.4483349,-1.988335,-2.318335,-1.018335
-5.608335,-8.258335,-4.738335,-8.038335,-5.078335,-0.50833493,-3.798335,-3.188335,-2.798335,-2.0183349,-2.358335,-2.078335,-1.938335,-1.928335,-0.59833497,0.981665,1.2916651,-0.14833497,0.38166505,2.7216651,2.321665,0.29166505,-0.44833496,-1.3283349,-1.8283349,0.15166503,-0.828335,0.791665,0.58166504,1.831665,-1.878335,-1.288335,-1.058335,1.311665,-0.038334962,0.08166504,-0.828335,-2.0283349,-0.34833497,1.081665,0.04166504,-0.038334962,1.471665,1.251665,-1.158335,0.50166506,1.731665,0.541665,1.0416651,0.74166507,0.721665,-0.39833495,-1.5983349,-0.898335,-0.578335,-1.3183349,-3.108335,-5.938335,-4.6383348
-4.438335,-5.338335,-6.418335,-6.228335,-6.668335,-8.128335,-4.968335,-4.568335,-3.398335,-1.0983349,-1.5983349,-2.068335,-1.378335,-0.86833495,-0.09833496,-0.14833497,0.021665039,-2.0283349,0.49166504,2.281665,0.07166504,1.1816651,1.8016651,3.611665,-0.12833495,-1.388335,1.111665,1.191665,-0.38833496,0.76166505,0.48166505,-1.368335,-2.148335,-1.188335,-2.308335,-2.2683349,-1.898335,-0.60833496,0.15166503,-0.43833497,1.341665,1.561665,0.611665,1.501665,0.69166505,0.19166504,0.37166503,-0.67833495,0.62166506,0.83166504,0.51166505,-0.49833497,-0.81833494,-1.308335,-2.838335,-2.698335,-3.0083349,-4.188335,-3.298335
-3.558335,-0.038334962,1.9016651,4.671665,-4.688335,-5.598335,-7.098335,-4.848335,-2.798335,-1.4683349,-0.40833497,-3.248335,-3.348335,-0.67833495,-1.528335,-4.168335,-3.938335,-3.708335,-4.998335,-0.53833497,-3.408335,-1.7083349,-2.488335,3.871665,3.841665,-1.188335,3.141665,5.691665,1.6616651,-1.3383349,0.06166504,-1.778335,-2.598335,0.38166505,-0.78833497,-4.988335,-1.8483349,-2.638335,-0.778335,0.71166503,1.061665,2.081665,1.761665,1.711665,1.341665,0.80166507,0.69166505,0.911665,1.001665,0.23166505,-0.528335,-0.06833496,-2.128335,-3.118335,-2.318335,-1.7083349,0.20166504,-4.178335,-4.018335
-3.938335,-0.85833496,2.771665,3.431665,0.20166504,-3.888335,-4.678335,-6.798335,-4.748335,-2.098335,-1.4683349,-2.638335,-1.288335,-1.128335,-0.898335,-2.578335,-1.768335,-7.978335,-5.278335,-4.728335,-1.278335,-3.298335,-4.818335,-2.088335,-0.958335,0.26166505,-1.0683349,-0.26833495,3.761665,1.8016651,4.131665,-0.008334961,-0.46833497,-0.54833496,-2.088335,-3.0283349,-4.818335,1.891665,-2.338335,-0.708335,0.80166507,-0.768335,1.251665,2.141665,1.711665,1.381665,2.891665,2.381665,3.391665,3.831665,1.201665,1.961665,-2.698335,-0.85833496,-3.498335,-1.758335,-1.9683349,-1.008335,-3.308335
-4.088335,2.671665,-0.19833496,-0.588335,-0.79833496,-3.478335,-2.448335,-2.688335,-5.698335,-4.318335,-2.668335,-2.088335,1.471665,-1.9783349,-2.618335,-0.638335,0.21166503,-3.548335,-5.968335,-5.068335,-4.118335,-3.468335,-0.18833496,-2.648335,0.74166507,1.1716651,5.3616652,-2.728335,-1.018335,-0.60833496,1.221665,2.431665,2.611665,-1.268335,-2.158335,-1.5783349,-1.268335,-2.308335,-1.128335,-4.248335,-3.248335,-3.0383348,-0.14833497,1.2716651,3.111665,1.5516651,2.201665,3.281665,3.621665,3.361665,3.531665,3.401665,1.1816651,1.371665,-1.938335,-2.078335,0.56166506,-1.868335,-3.748335
1.871665,-3.698335,0.981665,-3.858335,-4.648335,-3.5183349,-1.618335,-2.858335,-1.7283349,-2.048335,-2.228335,0.611665,1.711665,-4.558335,-6.038335,-5.648335,-4.698335,-5.718335,-6.678335,-2.918335,-2.178335,1.9316651,2.451665,2.111665,2.561665,5.531665,5.331665,2.811665,-0.75833493,-2.958335,-2.5283349,0.45166504,-0.67833495,0.71166503,-0.968335,-2.658335,-2.898335,2.831665,-2.358335,-1.398335,-2.478335,-0.30833495,-2.318335,1.101665,1.441665,2.361665,2.691665,4.991665,5.331665,2.9716651,3.9816651,3.401665,4.901665,2.321665,1.701665,-1.798335,-1.738335,-1.018335,-1.0983349
-3.578335,-4.258335,2.7116652,-1.788335,-4.898335,-4.828335,-4.558335,-3.5183349,-0.528335,-1.308335,0.95166504,-0.36833495,-2.488335,-4.088335,-2.748335,-2.948335,2.561665,-1.498335,-3.0283349,-5.198335,-6.008335,-3.798335,-4.748335,-3.438335,-1.8283349,1.481665,1.191665,0.31166503,2.861665,-0.778335,2.401665,2.571665,2.901665,1.731665,1.441665,1.311665,-3.328335,-1.928335,-2.058335,-3.248335,-5.518335,-4.098335,-2.818335,-4.038335,-2.378335,3.691665,4.261665,3.661665,3.911665,3.571665,1.331665,3.111665,2.421665,0.82166505,-0.39833495,-2.398335,1.191665,-1.9783349,-3.448335
-4.258335,-2.608335,-0.68833494,0.51166505,-0.578335,-4.9083347,-4.048335,-5.578335,-3.308335,-2.168335,-2.748335,-1.878335,2.001665,0.0016650391,0.22166504,0.51166505,-3.2583349,-0.23833495,0.33166504,1.9116651,-0.33833495,-0.31833497,0.14166504,-0.50833493,0.051665038,0.051665038,2.101665,1.231665,-0.59833497,2.171665,1.111665,-2.2683349,-1.508335,0.0016650391,-2.248335,-2.708335,1.861665,0.781665,1.131665,0.48166505,2.141665,-1.9683349,-2.078335,-1.4783349,-2.128335,-4.068335,0.12166504,1.8016651,0.42166504,1.101665,1.4316651,3.351665,1.1816651,2.111665,1.351665,1.7916651,1.211665,-0.778335,-1.288335
-2.558335,-1.5883349,-1.798335,-0.038334962,1.511665,1.071665,-0.85833496,-3.808335,-3.238335,-2.728335,-0.10833496,-2.688335,-0.50833493,0.22166504,-1.528335,0.82166505,-4.368335,-1.748335,0.29166505,0.16166504,-0.06833496,-1.918335,0.70166504,0.601665,2.7316651,2.9916651,-2.178335,1.601665,-0.908335,-3.178335,-1.608335,-3.148335,-2.248335,0.851665,-0.86833495,-2.548335,-2.5383348,-3.108335,-1.608335,-0.56833494,1.8016651,-2.818335,-2.968335,-4.668335,1.641665,-3.808335,-3.398335,-4.528335,-2.638335,-0.46833497,2.831665,2.941665,1.941665,2.381665,-0.47833496,1.481665,-3.908335,-0.61833495,-1.4583349
-1.398335,-1.618335,-3.058335,-2.5283349,-2.638335,-1.238335,-3.0283349,-1.368335,-3.578335,-2.588335,-1.9583349,-1.118335,1.4016651,-1.798335,-3.118335,-0.13833496,0.71166503,0.55166507,1.081665,1.2816651,0.021665039,0.48166505,2.9716651,4.3616652,5.201665,4.471665,4.191665,0.83166504,-2.098335,-1.798335,-3.2783349,-1.648335,-2.948335,-5.398335,-2.498335,-0.53833497,-1.5783349,-3.728335,-2.478335,-1.778335,-0.37833497,1.591665,0.791665,0.64166504,0.65166503,1.0416651,-0.05833496,-0.958335,-0.62833494,-2.178335,-0.898335,-0.40833497,0.89166504,0.51166505,-0.54833496,-1.2283349,-1.498335,-1.2083349,0.42166504
4.181665,2.411665,1.4316651,-4.488335,-3.5183349,-2.238335,-1.618335,-1.128335,-3.7683349,-0.518335,0.20166504,1.691665,0.10166504,0.12166504,-0.06833496,-0.528335,0.14166504,-0.09833496,0.16166504,0.541665,2.151665,2.951665,1.891665,0.89166504,1.971665,0.611665,-1.538335,-0.54833496,-1.158335,-2.098335,-3.708335,-3.298335,-3.118335,-2.728335,-1.0983349,-0.38833496,-3.468335,-0.92833495,-2.438335,-1.108335,-1.298335,-1.518335,-2.048335,-0.20833497,-0.838335,-1.278335,0.051665038,-1.648335,0.55166507,1.7716651,1.231665,1.241665,1.0516651,2.601665,1.091665,0.58166504,-1.128335,-1.3183349,-0.09833496
3.641665,3.591665,3.391665,3.361665,-0.528335,-2.308335,-0.528335,-0.60833496,-2.238335,-1.438335,-0.69833493,0.88166505,-0.34833497,0.051665038,1.371665,-0.97833496,-0.74833494,0.601665,-1.498335,-0.43833497,0.17166504,-0.74833494,-1.558335,-1.438335,-0.47833496,-0.828335,-3.708335,-4.4083347,-2.908335,-3.558335,-0.23833495,-0.34833497,-0.638335,0.82166505,-0.16833496,-0.15833496,0.09166504,2.591665,-0.16833496,-0.66833496,0.921665,0.661665,-1.658335,-2.958335,0.18166503,-0.10833496,0.56166506,2.4916651,1.091665,1.7716651,-0.38833496,-0.768335,0.24166504,1.441665,0.03166504,-1.168335,-0.46833497,-1.438335,-2.668335
