json/gfs_20240721_18.json
{"header": { "discipline":0, "disciplineName":"Meteorological products", "gribEdition":2, "gribLength":79804, "center":7, "centerName":"US National Weather Service - NCEP(WMC)", "subcenter":0, "refTime":"2024-07-21T18:00:00.000Z", "significanceOfRT":1, "significanceOfRTName":"Start of forecast", "productStatus":0, "productStatusName":"Operational products", "productType":1, "productTypeName":"Forecast products", "productDefinitionTemplate":0, "productDefinitionTemplateName":"Analysis/forecast at horizontal level/layer at a point in time", "parameterCategory":2, "parameterCategoryName":"Momentum", "parameterNumber":2, "parameterNumberName":"U-component_of_wind", "parameterUnit":"m.s-1", "genProcessType":2, "genProcessTypeName":"Forecast", "forecastTime":0, "surface1Type":103, "surface1TypeName":"Specified height level above ground", "surface1Value":10.0, "surface2Type":255, "surface2TypeName":"Missing", "surface2Value":0.0, "gridDefinitionTemplate":0, "gridDefinitionTemplateName":"Latitude_Longitude", "numberPoints":65160, "shape":6, "shapeName":"Earth spherical with radius of 6,371,229.0 m", "gridUnits":"degrees", "resolution":48, "winds":"true", "scanMode":0, "nx":360, "ny":181, "basicAngle":0, "lo1":0.0, "la1":90.0, "lo2":359.0, "la2":-90.0, "dx":1.0, "dy":1.0 }, "data":
[rows 100 to 124 of 181, columns 285 to 341 of 360]
0.5185986,-0.47140136,-0.051401366,-0.10140137,-0.5414014,-0.57140136,-0.84140134,-0.47140136,-0.7214014,-1.1114013,-1.0214014,-1.3814014,-1.5014014,-1.8714013,-1.6314014,-1.6814014,-1.5714014,-1.8914014,-1.9014014,-2.3014014,-2.2114015,-1.6014013,-1.9714013,-1.6614014,-2.6314013,-2.6114013,-3.2114015,-4.2714014,-4.551401,-5.2914014,-4.3414016,-4.1714015,-4.0914016,-2.2314014,-3.7614014,-4.9014015,-6.0814013,-4.8214016,-3.3814013,-3.8814013,-4.1414013,-4.6914015,-5.9214015,-6.1814013,-5.741401,-5.6214013,-6.8714013,-7.2514014,-6.9414015,-7.281401,-6.8114014,-6.701401,-6.551401,-6.8814015,-6.7714014,-6.761401,-6.8714013
-1.2714014,-1.3614013,0.65859866,0.55859864,0.23859863,-0.29140136,-0.32140136,-0.38140136,-0.57140136,-0.96140134,-0.33140138,0.78859866,-1.2514014,-1.3314013,-1.3214014,-1.4514014,-1.5714014,-1.3914014,-1.9014014,-1.6814014,-2.2814014,-1.5014014,-1.8414013,-2.4114013,-3.4114013,-2.3114014,-2.9514015,-3.3114014,-3.6814013,-5.2314014,-4.1214013,-4.4314013,0.44859862,-6.5414014,-5.0014014,-4.1114016,-5.2714014,-5.6914015,-4.1314015,-4.9814014,-5.241401,-4.8514013,-5.531401,-5.5014014,-4.991401,-5.4214015,-4.781401,-4.9814014,-7.1714015,-7.1714015,-6.1914015,-6.4114013,-7.0814013,-6.8414016,-6.8514013,-6.5814013,-6.4014015
-3.3914013,-0.24140137,0.12859863,-0.011401367,0.33859864,0.93859863,0.47859862,0.068598635,-0.32140136,-0.5314014,-0.34140137,-0.7214014,-0.82140136,-1.4914013,-1.0614014,-1.6914014,-1.7314013,-1.7314013,-1.8814014,-2.0214014,-2.0014014,-1.8114014,-1.6514014,-1.9114014,-3.6514013,-3.4114013,-3.5114014,-3.1014013,-3.5514014,-4.6714015,-4.0214014,-3.1814013,-3.0514014,-3.0714014,-3.4014013,-1.4814013,-3.1414013,-3.1514013,-5.0214014,-5.281401,-5.3414016,-5.491401,-5.6114016,-5.241401,-5.5214014,-4.5214014,-3.7714014,-4.5914016,-6.301401,-5.8814015,-6.741401,-5.9414015,-6.051401,-6.1814013,-5.971401,-5.781401,-5.511401
-2.2114015,-1.8714013,0.91859865,1.0585986,-0.84140134,0.18859863,1.2085986,1.7485986,0.67859864,-0.18140137,-0.24140137,-0.33140138,-0.6014014,-0.96140134,-0.7414014,-1.7114013,-1.6114013,-1.5714014,-1.8314013,-3.4614015,-1.8714013,-1.8814014,-1.9314014,-2.6314013,-3.1214013,-3.7514014,-2.9814014,-3.6414013,-2.8514013,-4.1614013,-4.4214015,-2.8414013,-2.8914013,-5.301401,-0.26140136,-4.1314015,-1.8714013,-4.4414015,-4.781401,-4.781401,-4.8914013,-4.801401,-5.1414013,-5.0214014,-4.9414015,-4.9414015,-3.3514013,-3.7514014,-3.9814014,-4.7314014,-5.4114013,-5.9114013,-5.741401,-5.0914016,-4.8914013,-5.0414014,-5.201401
3.1685987,-2.4714015,-0.34140137,0.59859866,2.4885986,-1.7614014,-0.89140135,0.028598633,-0.42140138,0.55859864,-0.031401366,-0.071401365,-0.051401366,-0.6614014,-1.3814014,-1.5314014,-1.5514014,-2.2214015,-1.6714014,-1.9414014,-2.1914015,-2.6214013,-3.3514013,-1.9614013,-2.9414015,-2.3314013,-2.9414015,-2.2414014,-3.0314014,-5.261401,-4.6514015,-3.7514014,-4.5814013,-5.011401,-3.5414014,-3.3214014,-2.9014013,-5.0014014,-5.2714014,-4.6814013,-4.0614014,-3.7214015,-2.9414015,-4.4114013,-4.0214014,-4.1814013,-3.4314013,-2.7314014,-2.3814013,-3.3414013,-4.4814014,-4.801401,-4.8714013,-4.6014013,-4.3414016,-3.5914013,-3.8414013
0.29859865,5.448599,4.028599,2.1485987,5.4585986,2.0085986,-3.4114013,-2.2314014,0.74859864,0.93859863,1.2185986,0.79859865,0.24859864,0.20859863,0.068598635,0.5185986,-0.96140134,-1.4114014,-1.1814014,-1.2514014,-2.4714015,-3.0714014,-2.7214015,-1.8114014,-2.0214014,-2.5414014,-2.2414014,-3.3914013,-2.7114015,-3.8314013,-3.9114013,-2.3414013,-4.3414016,-4.3214016,-3.7514014,-2.4014013,-2.8014014,-4.3414016,-4.201401,-4.7914014,-5.3314013,-4.491401,-4.8914013,-4.3314013,-2.4414015,-2.9914014,-2.5814013,-2.0914013,-1.6014013,-1.5114014,-2.3614013,-4.6714015,-3.5114014,-3.4914014,-2.9014013,-2.4014013,-2.6314013
-5.7114015,-0.9714014,3.3385987,0.93859863,4.8285985,0.65859866,3.3185987,-2.4314013,-0.40140137,1.1085986,1.3485986,0.99859864,1.2685987,0.8285986,-0.17140137,-0.6014014,-1.7114013,-1.7714014,-1.8014014,-0.62140137,-1.8614013,-2.6014013,-3.1314013,-2.7414014,-2.6614013,-3.0714014,-3.3614013,-3.8614013,-2.9314013,-2.8014014,-2.6714013,-3.8614013,-4.1914015,-3.6114013,-2.4714015,-2.5514014,-2.2114015,-5.4614015,-5.4614015,-5.1214013,-5.0214014,-4.5614014,-4.761401,-4.3514013,-2.5214014,-2.2814014,-0.83140135,-0.9814014,-0.30140138,-0.12140137,-0.12140137,-1.1314014,-1.5614014,-1.5414014,-1.3614013,-1.0114014,-0.47140136
-5.281401,-5.9014015,-4.0014014,-1.5114014,1.2285986,5.1085987,-0.82140136,-2.2714014,0.12859863,-2.7014015,1.1385987,1.9585986,1.7885987,1.3785987,-0.041401368,-1.0314014,-1.2914014,0.27859864,-1.4414014,-2.4814014,-1.4114014,-2.5114014,-2.5114014,-2.5214014,-3.7414014,-2.9614015,-3.5314014,-4.4314013,-4.1714015,-3.1014013,-2.2014015,-3.6214013,-4.2314014,-3.3614013,-1.4514014,-3.1114013,-3.4214013,-4.1614013,-4.3214016,-4.6614013,-4.4614015,-4.0714016,-3.7814014,-4.051401,-3.1314013,-2.4114013,-1.3314013,1.1685987,1.2485986,1.4485986,2.0585985,1.7485986,1.2585987,0.59859866,0.36859864,1.0485986,1.1385987
-4.4114013,-3.6514013,-4.3614016,-3.4614015,-1.8614013,3.6285987,5.008599,4.3285985,2.9585986,-0.32140136,-3.6814013,-0.17140137,2.3185987,1.5285987,-0.20140137,-0.6814014,-0.94140136,-0.8514014,-1.5214014,-2.0014014,-0.83140135,-1.8814014,-2.2714014,-3.1114013,-3.7714014,-2.4414015,-2.9014013,-3.9614015,-3.5014014,-3.1314013,-1.6314014,-3.7714014,-2.9014013,-2.0414014,-3.4714015,-3.2314014,-3.6314013,-4.761401,-4.3714013,-4.1114016,-3.7914014,-3.2914014,-3.3814013,-3.2114015,-3.4814014,-3.1714013,-4.9614015,-2.4314013,-0.08140137,-1.8514013,-0.57140136,3.8685987,3.4685986,2.1385987,3.0185986,3.4085987,2.8185987
-3.7914014,-3.8214014,-3.3914013,-2.2714014,-1.4314014,3.7585986,4.8385987,1.7685987,0.25859863,1.0585986,-0.16140136,-3.0014014,-1.5114014,0.37859863,0.36859864,-0.56140137,-1.4914013,-2.2914014,-1.8214014,-1.2014014,-1.7614014,-1.2214013,-1.9314014,-3.1414013,-3.1714013,-3.0614014,-2.9614015,-2.5414014,-2.9414015,-2.8914013,-1.6114013,-3.1914015,-3.2614014,-1.5514014,-3.6314013,-1.9814013,-4.1614013,-4.721401,-4.0014014,-3.4314013,-3.0114014,-2.4214013,-2.6714013,-2.6714013,-2.7014015,-2.4114013,-3.2014015,-3.9514015,-4.1214013,-4.1414013,-3.8614013,-3.4514015,-4.0714016,-2.7014015,-2.1314013,-1.5714014,-0.7914014
-2.6814013,-2.3814013,-2.0314014,-1.3314013,-0.5414014,3.0885987,6.8885984,-0.28140137,5.258599,6.7885985,-2.8214014,-3.3914013,-1.9714013,-0.65140134,-0.6014014,-1.1414014,-1.8114014,-2.0614014,-1.1114013,-1.0714014,-1.4114014,-2.2714014,-2.5314014,-3.0614014,-2.2214015,0.028598633,-2.1314013,-2.3114014,-1.6614014,-2.6414013,-1.1614014,-1.1614014,-2.7914014,-2.4614015,-1.1514014,-0.6814014,-4.1214013,-4.5714016,-3.5214014,-3.6114013,-2.5714014,-1.8914014,-1.7714014,-2.5214014,-2.4514015,-1.6014013,-1.6814014,-2.1614013,-2.4614015,-2.7914014,-3.4014013,-1.4514014,-0.96140134,-0.12140137,0.49859864,1.0285987,1.5985986
-2.2814014,-2.0014014,-1.1214013,-1.4314014,-0.31140137,2.7985985,5.1085987,8.508598,3.0485985,7.0985985,0.49859864,-0.9114014,-1.2914014,-0.6814014,-1.8714013,0.7785986,-1.9114014,-0.9914014,-0.9314014,-0.71140134,-0.19140136,-1.5814013,-1.5314014,-1.9714013,-1.2414013,-1.7414013,-1.2214013,0.13859864,-1.7714014,-1.2314013,-0.5414014,-1.7714014,-2.0114014,-0.19140136,-4.741401,-0.071401365,-3.0714014,-3.9114013,-2.9214013,-2.7714014,-2.5314014,-2.0514014,-1.3314013,-1.3214014,-1.3314013,-1.0014014,-0.8614014,-0.42140138,-0.71140134,-0.89140135,-1.3114014,0.24859864,0.59859866,0.87859863,1.7485986,2.4285986,3.5585985
-1.3014014,-1.9014014,-0.5414014,-0.15140137,0.90859866,3.6385987,5.798599,6.3585987,9.528599,7.028599,-2.1114013,-2.6014013,0.74859864,1.4585986,-0.8614014,-0.29140136,-1.4114014,-0.70140135,-2.0514014,0.11859863,-2.2114015,-1.3614013,-1.9814013,-1.3314013,-2.0014014,-1.0214014,0.8185986,-0.31140137,0.7185986,-1.6514014,0.74859864,-1.7214013,-1.1614014,0.008598633,-3.2014015,0.90859866,-1.9414014,-3.1314013,-1.6714014,-1.4814013,-1.7014014,-1.7814014,-1.4314014,-1.0214014,-0.041401368,-0.31140137,0.12859863,0.038598634,0.19859864,0.67859864,1.0685986,1.9585986,2.5985987,3.0685987,3.0385985,3.6185987,4.448599
-0.27140138,-1.2414013,-0.52140135,0.14859863,0.79859865,3.5685987,7.9585986,12.508598,12.358599,6.1585984,-1.1014013,-1.7014014,-1.6914014,0.55859864,-0.90140134,-1.0514014,-1.2214013,-1.4614013,-1.0314014,-1.1314014,-1.3714013,-1.7414013,-2.4114013,-2.4614015,-1.5014014,-0.6814014,1.2685987,-0.111401364,2.3385987,-0.65140134,-0.47140136,-2.2714014,-2.8114014,-2.7114015,0.7185986,2.3185987,-0.051401366,-1.7714014,-0.9914014,0.24859864,-0.19140136,-0.43140137,-0.45140135,0.09859863,0.67859864,2.0585985,1.5085987,1.9285986,2.4085987,2.6885986,3.2685986,3.5885987,4.2285986,3.8285987,4.6385984,3.8385987,4.7485986
2.4485986,0.80859864,-0.52140135,0.93859863,0.93859863,1.3985987,4.9385986,5.7685986,9.368599,-0.36140138,-2.7614014,-1.5614014,0.12859863,-1.5014014,-0.111401364,-2.1114013,-1.3714013,-1.8714013,-1.6014013,-1.1914014,-1.9014014,-0.65140134,-0.9314014,0.37859863,0.31859863,-0.45140135,-0.10140137,-0.28140137,-1.0514014,-1.9814013,-2.9314013,-2.2614014,-2.3214014,-0.5414014,0.30859864,1.1585987,0.07859863,0.44859862,2.0585985,2.2785985,2.8885987,1.7785987,1.9085987,2.0185986,2.3185987,2.8285987,3.2385986,3.7585986,4.3485985,4.758599,5.4585986,5.5685987,5.3585987,5.9085984,5.8285985,5.718599,5.6785984
2.0985987,3.2185986,0.73859864,0.29859865,1.0085987,-1.6214013,5.3585987,6.798599,9.918598,3.7585986,-2.1514013,1.0985986,0.14859863,-0.09140137,0.09859863,-0.6814014,-1.4414014,-2.2714014,-1.4014014,-1.3814014,-1.5414014,-1.8014014,0.048598632,1.5685986,0.98859864,2.2085986,0.39859864,-2.3414013,-0.7814014,-1.1414014,-0.64140135,-2.7014015,-2.6114013,-1.0514014,-0.10140137,-1.4414014,-2.0014014,-0.39140138,0.67859864,-0.071401365,0.11859863,4.9185987,4.028599,4.2485986,4.3985987,4.778599,4.9285984,5.3485985,6.2285986,6.4285984,6.6385984,7.3485985,6.0185986,5.9785986,6.798599,6.3585987,6.2885985
3.3785987,2.4785986,1.9985986,1.1585987,0.99859864,3.3385987,8.468598,9.428598,7.0585985,-4.0214014,2.4585986,1.7385986,1.0085987,0.16859864,-0.59140134,0.22859864,-0.6714014,-1.6714014,-1.7214013,-1.4714013,-0.8614014,-0.64140135,-0.47140136,0.98859864,0.67859864,1.1385987,-0.49140137,-0.40140137,0.36859864,-1.8414013,-2.5414014,-2.5514014,-1.5414014,-1.5814013,-0.37140137,-0.21140137,0.18859863,1.3085986,2.4385986,1.3785987,-0.031401366,-0.95140135,-0.81140137,-1.4714013,-0.96140134,-2.7414014,-1.6814014,-3.6914015,-2.7014015,4.798599,7.7885985,7.8485985,7.0685987,6.2885985,6.6385984,6.698599,7.0385985
2.9485986,1.8185986,2.3585987,1.6085986,1.0585986,3.5385985,4.948599,8.3485985,2.2285986,2.3785987,1.2785987,2.1185987,1.0885986,0.40859863,1.1085986,-0.25140136,0.32859862,-1.1614014,-1.2814014,-0.57140136,-0.6614014,0.59859866,-0.47140136,1.3785987,0.6985986,-0.5314014,0.048598632,1.5785986,0.91859865,-0.30140138,-1.3014014,-1.1014013,-0.83140135,-0.57140136,-0.35140136,0.5185986,-1.5114014,-3.2014015,-5.9114013,-6.741401,-6.2514014,-5.0014014,-3.5314014,-3.8714013,-3.1614013,-2.7714014,-2.6314013,-2.0614014,-0.57140136,-1.3014014,-4.9114013,-3.2414014,7.548599,6.278599,4.9085984,8.218598,7.2285986
3.8385987,2.6085987,1.5285987,0.44859862,2.4685986,4.1585984,8.318599,-4.4314013,-2.1414013,-0.14140137,-1.4814013,2.0485985,1.6885986,0.8385986,0.6485986,-0.31140137,1.3285986,0.15859863,0.26859865,-0.7214014,-1.3614013,0.59859866,1.4185987,0.30859864,1.2285986,1.9185987,-0.16140136,0.61859864,1.3785987,-0.22140136,0.23859863,0.47859862,0.11859863,1.5785986,-2.6814013,-5.4314013,-5.3414016,-4.221401,-2.4014013,-2.8514013,-2.6814013,-1.8214014,-0.94140136,-0.26140136,-0.59140134,-0.51140136,-0.6014014,-0.83140135,-0.5514014,-1.0314014,-1.8014014,-2.6714013,-0.5414014,0.33859864,0.32859862,0.98859864,4.0185986
3.3885987,1.6485987,0.59859866,-0.40140137,1.7085986,3.2485986,-3.9714015,2.5285985,-2.8014014,2.0785987,1.2185986,3.0585985,1.3085986,1.4285986,0.61859864,0.55859864,1.1585987,0.67859864,0.5085986,-0.36140138,0.66859865,1.3385986,1.1585987,0.53859866,1.0085987,1.7085986,-3.2914014,-0.6714014,0.8285986,0.55859864,1.1885986,1.2285986,1.5085987,0.87859863,-5.511401,-4.011401,-3.7814014,-2.6014013,-1.5614014,-1.2414013,-1.3914014,-0.9914014,-0.7814014,-0.43140137,-1.4914013,-0.52140135,-0.7414014,-1.5514014,-0.83140135,0.13859864,-0.9814014,-1.5014014,-0.51140136,0.12859863,0.15859863,0.8385986,1.2285986
-1.0314014,-0.20140137,-0.96140134,-0.12140137,3.4585986,3.0685987,-0.39140138,1.4785986,-0.5314014,-1.2314013,2.9785986,0.028598633,1.9985986,1.6285987,1.5185987,0.66859865,0.27859864,1.5585986,-0.061401367,0.99859864,1.4285986,1.3985987,1.8285986,1.3485986,2.3285987,-2.6014013,-2.0214014,-0.35140136,0.6985986,0.33859864,1.5585986,1.3285986,2.1085987,-3.9614015,-4.1214013,-3.6414013,-3.2214015,-2.3214014,-1.6214013,-1.1514014,-1.1814014,-0.44140136,-0.031401366,0.21859863,0.9485986,0.84859866,0.5085986,-0.6714014,-0.08140137,0.7085986,-0.051401366,0.73859864,0.92859864,0.47859862,0.43859863,1.1585987,1.3285986
-5.3414016,-3.7714014,-5.0414014,-0.46140137,2.2685986,-2.4914014,-3.2514014,0.21859863,-1.5114014,4.0685987,1.4385986,0.74859864,1.2185986,1.1085986,1.4485986,0.74859864,0.97859865,-0.6714014,0.7785986,1.6985986,1.5685986,3.1385987,2.3385987,1.8685986,-0.46140137,-0.6714014,-0.7314014,0.5785986,1.5085987,1.7085986,2.7385986,0.73859864,-2.9214013,-3.6514013,-2.2914014,-1.7514014,-1.2614014,-0.6814014,0.37859863,0.048598632,0.53859866,-0.19140136,0.7085986,1.1585987,1.3685986,0.17859863,-0.041401368,0.23859863,1.6285987,0.8885986,1.8485986,2.2385986,1.8785987,1.1585987,1.4385986,1.8485986,1.6685987
-6.8414016,-6.011401,-3.0614014,-0.90140134,1.3585986,-3.2914014,-2.5714014,-0.35140136,3.5085986,4.7285986,2.0385985,0.18859863,1.6385987,2.4285986,1.6985986,1.1185986,0.55859864,1.4085987,1.1385987,2.1185987,2.3685987,2.5385985,2.4285986,1.3985987,0.5685986,0.54859865,1.1585987,1.8785987,1.7485986,2.6585987,1.0385987,-2.8014014,-2.1314013,-1.1414014,-0.0014013671,-0.6614014,-0.15140137,0.44859862,0.61859864,1.2485986,0.91859865,2.7485986,2.8685987,2.8785987,2.7185986,2.8485987,2.8985987,1.6885986,2.1285987,3.4185987,3.7785985,4.3385987,4.278599,4.0385985,4.028599,4.4985986,4.2085986
-6.6114016,-4.6614013,-3.4614015,1.0285987,-1.5714014,-4.0214014,0.018598633,-0.8614014,2.1985986,-1.4614013,-0.52140135,1.5785986,2.3085985,2.2285986,1.6785986,1.4085987,1.2485986,1.7185986,1.8285986,2.5385985,3.2885985,2.0585985,2.0885987,1.2385986,0.85859865,1.8785987,2.3085985,2.0685987,1.7585987,0.09859863,-2.1514013,-0.94140136,-0.15140137,0.5885986,1.4285986,0.8185986,1.4985986,1.2585987,2.0185986,2.0785987,4.0185986,3.1585987,3.9185987,5.3385987,3.0585985,4.1885986,3.9285986,4.1485987,4.698599,5.008599,5.7885985,6.1885986,5.9385986,5.968599,6.3985987,4.758599,6.468599
-3.3114014,-3.8614013,-2.4514015,0.9585986,0.9485986,-4.781401,0.86859864,-0.15140137,1.0485986,0.34859863,1.9585986,1.4985986,1.6585987,1.6985986,1.3285986,1.4585986,1.4585986,0.97859865,1.6585987,2.7185986,3.6685987,3.1685987,0.27859864,1.1585987,2.3785987,2.8785987,2.4385986,3.6085987,-0.26140136,-0.83140135,-1.1714014,-0.21140137,0.5285986,2.8685987,3.4885986,2.5485985,4.738599,1.8285986,3.0985987,3.9585986,4.7885985,4.3285985,4.948599,5.6285987,5.1385984,5.6685987,5.9085984,6.4585986,7.3585987,7.198599,6.9585986,7.1485987,7.3085985,5.0385985,7.028599,7.3485985,7.508599
