json/gfs_20240721_06.json
{"header": { "discipline":0, "disciplineName":"Meteorological products", "gribEdition":2, "gribLength":78981, "center":7, "centerName":"US National Weather Service - NCEP(WMC)", "subcenter":0, "refTime":"2024-07-21T06:00:00.000Z", "significanceOfRT":1, "significanceOfRTName":"Start of forecast", "productStatus":0, "productStatusName":"Operational products", "productType":1, "productTypeName":"Forecast products", "productDefinitionTemplate":0, "productDefinitionTemplateName":"Analysis/forecast at horizontal level/layer at a point in time", "parameterCategory":2, "parameterCategoryName":"Momentum", "parameterNumber":2, "parameterNumberName":"U-component_of_wind", "parameterUnit":"m.s-1", "genProcessType":2, "genProcessTypeName":"Forecast", "forecastTime":0, "surface1Type":103, "surface1TypeName":"Specified height level above ground", "surface1Value":10.0, "surface2Type":255, "surface2TypeName":"Missing", "surface2Value":0.0, "gridDefinitionTemplate":0, "gridDefinitionTemplateName":"Latitude_Longitude", "numberPoints":65160, "shape":6, "shapeName":"Earth spherical with radius of 6,371,229.0 m", "gridUnits":"degrees", "resolution":48, "winds":"true", "scanMode":0, "nx":360, "ny":181, "basicAngle":0, "lo1":0.0, "la1":90.0, "lo2":359.0, "la2":-90.0, "dx":1.0, "dy":1.0 }, "data":
[rows 0 to 25 of 181, columns 0 to 57 of 360]
6.992798,7.022798,7.062798,7.082798,7.1127977,7.142798,7.162798,7.182798,7.202798,7.2127976,7.222798,7.242798,7.242798,7.252798,7.262798,7.262798,7.262798,7.262798,7.252798,7.252798,7.242798,7.2327976,7.2127976,7.202798,7.182798,7.162798,7.142798,7.122798,7.0927978,7.062798,7.032798,7.002798,6.9627976,6.932798,6.892798,6.852798,6.802798,6.762798,6.7127976,6.662798,6.6127977,6.562798,6.502798,6.4427977,6.3827977,6.322798,6.262798,6.202798,6.1327977,6.062798,5.992798,5.9227977,5.8427978,5.772798,5.6927977,5.6127977,5.532798,5.4427977
8.212798,8.312798,8.372798,8.422798,8.482798,8.532798,8.592798,8.632798,8.682797,8.742798,8.812798,8.872798,8.932797,8.992798,9.052798,9.1027975,9.152798,9.192798,9.242798,9.272798,9.312798,9.342798,9.372798,9.402798,9.422798,9.442798,9.432797,9.432797,9.422798,9.412798,9.402798,9.382798,9.372798,9.342798,9.322798,9.292798,9.262798,9.222797,9.182797,9.142797,9.092798,9.042798,8.982798,8.922798,8.8527975,8.792798,8.722797,8.652798,8.582798,8.502798,8.432797,8.3527975,8.272798,8.192798,8.1027975,8.032798,7.9427977,7.8627977
6.472798,6.552798,6.6127977,6.6927977,6.772798,6.852798,6.9427977,7.022798,7.0927978,7.1527977,7.2127976,7.282798,7.372798,7.452798,7.532798,7.6127977,7.6927977,7.782798,7.8827977,7.972798,8.082798,8.192798,8.312798,8.442798,8.6027975,8.722797,8.832798,8.942798,9.072798,9.172798,9.252798,9.312798,9.372798,9.412798,9.452798,9.462798,9.472797,9.502798,9.522798,9.552798,9.592798,9.632798,9.662798,9.692798,9.732798,9.762798,9.782798,9.792798,9.792798,9.802798,9.822798,9.812798,9.812798,9.792798,9.772798,9.742798,9.712798,9.652798
6.7127976,6.912798,7.102798,7.302798,7.502798,7.6927977,7.8627977,7.972798,8.042798,8.1027975,8.162798,8.222797,8.242798,8.232798,8.202798,8.182797,8.152798,8.112798,8.092798,8.122798,8.152798,8.182797,8.182797,8.202798,8.272798,8.312798,8.332798,8.332798,8.3527975,8.382798,8.412798,8.422798,8.432797,8.502798,8.562798,8.612798,8.632798,8.662798,8.672798,8.742798,8.822798,8.882798,8.922798,8.992798,9.042798,9.082798,9.1027975,9.122798,9.082798,9.002798,8.912798,8.782798,8.612798,8.472797,8.472797,8.502798,8.542798,8.642797
3.7127979,3.7227979,3.7427979,3.8027978,3.892798,3.9627979,4.032798,4.1527977,4.272798,4.4427977,4.6127977,4.802798,4.9827976,5.142798,5.322798,5.542798,5.782798,6.012798,6.242798,6.472798,6.6927977,6.9227977,7.1727977,7.3827977,7.552798,7.7327976,7.9027977,8.052798,8.202798,8.302798,8.322798,8.312798,8.262798,8.212798,8.162798,8.122798,8.202798,8.302798,8.402798,8.472797,8.522798,8.592798,8.652798,8.682797,8.672798,8.652798,8.642797,8.612798,8.612798,8.642797,8.672798,8.682797,8.672798,8.652798,8.632798,8.542798,8.452798,8.462798
2.5127978,2.7427979,2.9627979,3.182798,3.402798,3.6027977,3.7927978,4.002798,4.002798,3.872798,3.7627978,3.7527978,3.8627977,3.9727979,3.9927979,3.9827979,4.002798,4.022798,3.9727979,3.9627979,3.9927979,4.1727977,4.332798,4.532798,4.812798,5.042798,5.242798,5.4427977,5.6527977,5.892798,6.142798,6.3427978,6.542798,6.722798,6.912798,7.102798,7.322798,7.532798,7.742798,7.992798,8.272798,8.522798,8.772798,8.912798,8.942798,8.972797,8.972797,9.042798,9.022798,8.882798,8.722797,8.562798,8.432797,8.272798,8.262798,8.272798,8.262798,8.292798
1.0327978,1.1627978,1.3027978,1.4527979,1.6527978,1.8527979,2.0627978,2.2327979,2.3527977,2.432798,2.5127978,2.622798,2.7927978,3.0327978,3.2827978,3.5027978,3.6127977,3.702798,3.8027978,3.9827979,4.1727977,4.3427978,4.4627976,4.562798,4.6327977,4.702798,4.752798,4.832798,4.9427977,5.062798,5.162798,5.262798,5.3827977,5.532798,5.662798,5.802798,5.9427977,6.082798,6.182798,6.262798,6.4227977,6.6327977,6.852798,7.1127977,7.3827977,7.572798,7.582798,7.602798,7.812798,8.162798,8.452798,8.562798,8.582798,8.642797,8.692798,8.652798,8.6027975,8.592798
1.6227978,1.7727978,1.8627979,1.9327979,1.9927979,2.0527978,2.122798,2.182798,2.3027978,2.5427978,2.692798,2.7527978,3.152798,3.5727978,3.892798,3.952798,4.2127976,4.432798,4.7327976,4.492798,4.332798,4.302798,4.292798,4.332798,4.3827977,4.472798,4.552798,4.5927978,4.662798,4.782798,4.9027977,4.932798,4.992798,5.082798,5.222798,5.352798,5.4427977,5.392798,5.352798,5.4027977,5.6327977,5.9627976,6.3627977,6.722798,7.002798,7.182798,7.3827977,7.582798,7.912798,8.182797,8.3527975,8.412798,8.382798,8.3527975,8.342798,8.242798,8.112798,8.032798
2.0327978,2.132798,2.182798,2.2927978,2.2827978,2.182798,2.172798,1.8927978,1.6327978,1.5427978,1.6127979,1.6927979,1.7427979,1.8127979,1.9227978,2.0827978,2.2627978,2.422798,2.5827978,2.7427979,2.8527977,2.942798,3.0127978,3.1027977,3.0927978,3.0927978,3.122798,3.182798,3.3027978,3.4927979,3.642798,3.7627978,3.882798,3.922798,3.952798,4.042798,4.262798,4.4627976,4.662798,4.9027977,5.1727977,5.3627977,5.332798,5.1727977,5.162798,5.4227977,5.802798,6.162798,6.532798,6.872798,7.1127977,7.252798,7.312798,7.372798,7.4027977,7.322798,7.312798,7.352798
1.9027978,2.0027978,1.7927978,1.5527978,1.4827979,1.5227978,1.6427978,1.7227979,2.0027978,2.122798,1.5827979,0.93279785,0.9727979,0.88279784,0.7827979,0.48279786,0.18279785,1.1527978,2.4927979,3.0427978,3.0027978,2.0127978,1.4727979,1.4027978,1.5527978,1.7027979,1.5827979,1.4527979,1.5627979,2.142798,2.7627978,3.2427979,3.5727978,3.7727978,4.1527977,4.682798,4.892798,5.002798,5.2127976,5.162798,5.332798,5.772798,5.392798,5.1527977,5.762798,5.792798,5.8827977,6.202798,6.6927977,6.522798,6.602798,6.542798,6.262798,6.322798,5.252798,4.142798,4.9427977,5.242798
2.0027978,1.9627979,1.9827979,2.122798,2.5327978,3.0227978,1.8427979,0.75279784,1.4127978,1.4527979,2.3327978,3.0927978,1.6327978,-0.25720215,-0.08720215,-0.41720214,-0.42720214,-2.7272022,-3.2472022,-1.6072022,-0.63720214,1.5727979,1.6427978,1.2527978,0.86279786,0.8327978,2.0827978,2.0527978,2.672798,3.932798,4.052798,4.2327976,4.492798,4.872798,5.1127977,4.9827976,5.022798,5.1927977,5.432798,5.6327977,5.812798,5.9427977,5.992798,6.072798,6.2327976,6.512798,6.6327977,6.222798,6.3427978,6.892798,6.182798,4.4027977,5.752798,7.2327976,7.242798,7.742798,7.6127977,7.412798
2.5527978,2.5927978,2.4627979,3.0627978,3.0527978,3.5227978,2.642798,1.5227978,0.17279786,-1.6072022,-2.557202,-2.357202,-3.0372021,-2.1972022,-0.67720217,0.7227979,-0.15720215,0.7227979,2.7427979,0.92279786,-0.16720214,-0.46720216,-1.2572021,-0.86720216,0.34279785,0.8427979,1.0827979,1.2327979,1.2127979,1.4527979,1.6427978,1.9327979,2.3227978,2.7827978,3.2527978,3.6127977,3.9627979,4.162798,5.142798,5.802798,6.522798,7.062798,6.892798,6.062798,5.6927977,5.762798,5.992798,6.202798,6.4027977,6.682798,7.012798,7.292798,7.4827976,7.392798,6.9027977,6.9627976,7.3427978,7.622798
0.5927979,0.81279784,1.0927979,1.4827979,1.8627979,2.0327978,1.7327979,1.5727979,1.5227978,1.2827978,1.1227978,0.9727979,0.17279786,-0.32720214,-0.08720215,-0.50720215,1.0527978,1.2427979,0.62279785,0.55279785,0.26279786,-0.03720215,1.7527978,1.2827978,1.1227978,1.7927978,2.3027978,2.2227979,2.2227979,1.4227978,0.14279786,-0.87720215,-0.9772022,-0.23720215,0.51279783,1.3027978,2.0627978,2.5727978,3.412798,4.4427977,4.952798,4.812798,4.742798,4.8427978,4.6927977,4.562798,4.702798,4.952798,5.392798,5.4027977,4.702798,3.8427978,4.3427978,5.1727977,5.822798,5.802798,6.282798,6.792798
-0.67720217,-0.6572021,-0.80720216,-1.0472021,-0.74720216,-0.17720215,-0.23720215,-0.13720214,-0.0072021484,-0.12720215,-0.06720215,0.07279785,-0.027202148,-0.61720216,-2.597202,-3.4872022,0.03279785,1.6827979,0.6527979,1.8527979,2.372798,2.0327978,2.122798,2.642798,2.9927979,3.0827978,2.9927979,2.7527978,2.7327979,2.7227979,2.5427978,1.8927978,0.68279785,0.24279785,0.55279785,0.57279783,0.82279783,0.94279784,1.3427979,1.9127978,2.7727978,3.392798,3.7127979,3.5927978,3.3227978,2.162798,1.5027978,2.2427979,2.3127978,2.8527977,3.952798,4.7127976,5.032798,5.522798,5.9427977,6.322798,6.6127977,6.6927977
-3.107202,-3.2672021,-2.877202,-1.9772022,-1.2072022,-0.51720214,0.09279785,-0.017202148,-0.29720214,-0.35720214,-0.67720217,-0.64720213,-0.47720215,-0.07720215,0.23279785,0.5827978,1.0827979,1.2927978,1.9127978,2.3227978,2.7327979,2.5527978,2.3527977,2.382798,2.202798,2.1127977,2.672798,2.9727979,3.2727978,3.2327979,2.682798,2.912798,2.642798,1.3627979,-0.11720215,-0.0072021484,0.6527979,0.8327978,1.0927979,0.7227979,0.69279784,0.47279784,0.68279785,0.85279787,1.0627979,1.3927978,1.6427978,1.4227978,1.2327979,1.2727978,1.3427979,1.5527978,1.8127979,1.8327979,1.7027979,1.9727979,2.0627978,2.7127979
-0.26720214,0.33279786,0.62279785,0.63279784,0.98279786,0.82279783,0.60279787,0.70279783,0.43279785,-0.41720214,-1.1072022,-1.0472021,-0.75720215,-0.54720217,-0.11720215,0.5227978,0.86279786,0.74279785,1.2727978,1.3127979,1.5827979,1.6027979,1.6627978,1.5427978,1.4927979,2.182798,2.9727979,3.0027978,3.402798,3.7527978,3.202798,2.8427978,2.8327978,2.402798,1.7927978,0.94279784,-0.62720215,-0.95720214,-0.47720215,-0.38720214,-0.17720215,0.28279784,-0.06720215,-0.10720215,-0.5972021,-0.45720214,-0.23720215,-0.23720215,-0.5972021,-0.87720215,-0.86720216,-0.87720215,-0.76720214,-0.61720216,-0.08720215,0.40279785,0.6527979,0.6427978
0.32279786,-0.19720215,-0.41720214,-0.03720215,0.15279785,0.13279785,0.18279785,0.41279784,0.13279785,0.012797851,-0.48720214,-1.1972022,-1.2072022,-1.1072022,-0.44720215,0.22279786,0.41279784,0.32279786,0.69279784,1.0427978,1.2627978,1.1627978,1.0527978,0.75279784,0.7727978,1.0427978,1.3127979,1.6027979,1.8827978,2.672798,1.6527978,1.1427978,1.3027978,1.3327979,1.0627979,0.43279785,0.18279785,-0.33720216,-0.99720216,-1.2572021,-1.3472022,-1.6172022,-1.6372021,-1.5772022,-1.8872021,-2.4472022,-2.9572022,-2.9172022,-2.9572022,-2.847202,-2.5372021,-2.5272021,-1.7172022,-0.9172022,0.39279786,0.9727979,1.5127978,1.9627979
-2.607202,-2.4772022,-2.587202,-1.7072022,-1.7172022,-1.8172021,-1.3572022,-0.89720213,-0.39720213,-0.12720215,-0.0072021484,-0.18720216,-1.0372021,-0.9772022,-1.5372021,-0.63720214,-0.09720215,-0.5272021,0.23279785,0.61279786,0.49279785,0.48279786,0.37279785,-0.42720214,-0.34720215,-0.19720215,0.012797851,0.26279786,0.15279785,-0.31720215,-0.45720214,-0.18720216,0.32279786,-0.0072021484,0.9627979,0.55279785,-0.26720214,-1.9172021,-2.857202,-1.4872022,-2.357202,-2.2872021,-0.07720215,0.67279786,-0.34720215,-0.56720215,-0.35720214,-0.81720215,-1.2772021,-1.4172021,-1.5972022,-1.9072021,-1.1072022,0.5327979,0.79279786,1.6127979,-0.73720217,-2.8872023
-4.317202,-3.4972022,-3.577202,-2.9472022,-2.4672022,-1.6472021,-1.3472022,-0.88720214,-0.61720216,-0.5372021,-0.67720217,-0.13720214,-0.31720215,-0.5372021,-0.5372021,-0.15720215,0.10279785,-0.17720215,0.07279785,-0.14720215,-0.42720214,-0.33720216,-0.40720215,-1.2172022,-1.4672022,-1.5872022,-0.99720216,-0.73720217,-1.3472022,-0.5372021,-0.18720216,0.35279787,0.44279784,0.042797852,-0.12720215,-0.73720217,-1.3972021,-0.56720215,-1.1772021,0.61279786,-0.48720214,-0.70720214,0.43279785,2.692798,3.132798,3.192798,3.172798,3.152798,2.892798,2.7327979,2.662798,2.402798,2.442798,2.192798,3.642798,0.76279783,-3.317202,-2.2772021
-3.7572021,-2.7672021,-2.6672022,-1.7472022,-0.5972021,-0.57720214,-0.36720216,-0.08720215,1.0627979,1.0027978,0.82279783,-0.26720214,-1.0172021,-1.2372022,-1.3072021,-1.1172022,-1.5872022,-1.7672021,-2.1772022,-2.627202,-2.6972022,-2.9772022,-3.357202,-3.067202,-2.7772021,-2.377202,-1.6672021,-1.0972022,-0.76720214,-2.807202,-3.4672022,-2.9872022,-2.0372021,-1.1872021,-0.38720214,-0.68720216,-0.49720216,-0.32720214,0.57279783,1.8227979,2.4627979,2.7527978,3.2127979,3.7127979,4.162798,4.9227977,5.242798,5.532798,5.832798,6.162798,6.102798,6.082798,6.1727977,6.542798,6.082798,7.392798,6.242798,6.1927977
-3.4972022,-3.127202,-3.127202,-3.067202,-3.1772022,-3.3972023,-3.377202,-3.1372023,-1.9272021,-2.4072022,-3.2072022,-3.087202,-3.2272022,-3.6672022,-3.9772022,-3.7472022,-3.307202,-3.057202,-2.1972022,-1.7572021,-1.2772021,-0.0072021484,-0.7872021,-0.62720215,1.6927979,1.2227979,2.9827979,3.142798,0.73279786,-0.61720216,0.042797852,1.6127979,-0.13720214,-2.5372021,-2.2672021,-0.8572022,-1.5172021,-1.5472021,0.012797851,1.2627978,1.9527979,2.642798,3.3027978,3.942798,4.932798,5.1327977,4.9627976,5.022798,5.052798,5.582798,5.8827977,6.012798,5.9227977,5.602798,5.702798,6.512798,7.002798,6.722798
-4.797202,-5.217202,-4.417202,-4.147202,-4.027202,-4.0972023,-4.107202,-4.417202,-4.777202,-4.8472023,-4.797202,-4.877202,-4.917202,-4.927202,-4.6572022,-4.1372023,-2.9372022,0.06279785,-1.3472022,-1.6672021,-0.67720217,0.49279785,2.2927978,2.5327978,3.392798,3.2527978,0.75279784,1.0127978,0.44279784,1.3527979,0.5927979,2.0427978,1.9627979,1.1627978,2.0027978,1.4127978,2.122798,2.2327979,1.3827978,2.202798,2.3027978,2.7627978,3.2627978,3.202798,3.8327978,3.622798,3.3127978,2.9727979,2.7327979,4.1327977,3.122798,4.062798,4.4427977,4.272798,4.6327977,4.2327976,4.9627976,5.7127976
-5.727202,-6.757202,-5.997202,-5.947202,-6.047202,-6.147202,-6.1172023,-6.187202,-6.1572022,-5.837202,-5.927202,-5.697202,-5.1172023,-6.837202,-5.357202,-3.6872022,-2.3872023,-2.097202,-1.5072021,-0.50720215,1.7327979,0.50279784,0.6427978,0.7127979,0.8327978,0.8427979,1.5127978,0.47279784,1.0527978,1.4727979,0.88279784,0.36279786,1.1627978,0.5327979,0.24279785,-0.41720214,1.1027979,1.2727978,1.7527978,2.2127979,1.2427979,-0.37720215,0.54279786,0.62279785,1.3827978,0.8427979,1.6027979,0.66279787,1.2127979,1.4027978,1.8927978,1.8627979,1.3227979,1.4027978,0.95279783,1.5227978,2.2727978,1.7427979
-6.7872024,-6.477202,-6.797202,-6.547202,-6.237202,-6.497202,-6.5372024,-7.227202,-7.067202,-6.607202,-6.0772023,-4.977202,-4.947202,-2.837202,-2.7672021,-2.087202,-3.7872021,-2.7072022,-1.8472022,-0.6572021,-0.82720214,-1.1572021,-1.1572021,-0.67720217,-0.50720215,-0.42720214,-0.18720216,-0.44720215,-0.22720215,-0.17720215,-0.74720216,-0.10720215,-0.82720214,-0.22720215,-0.6672022,-1.3372022,-1.6672021,-2.1472023,-1.8172021,-2.047202,-1.9972022,-2.1872022,-1.7672021,-1.8672022,-0.9772022,-1.8272022,-2.4572022,-1.3072021,-0.7772021,-1.3872021,-1.3772022,-0.9172022,-0.47720215,-0.50720215,-0.58720213,-0.37720215,-0.39720213,0.042797852
-4.6172023,-5.2672024,-5.7672024,-5.8672023,-6.2872024,-5.197202,-6.877202,-6.837202,-6.7872024,-6.927202,-6.8672023,-5.987202,-6.717202,-3.6772022,-2.617202,-2.1872022,-2.6772022,-1.9472022,-1.7772021,-1.5872022,-1.3472022,-2.377202,-2.347202,-2.367202,-1.9672022,-2.2572021,-2.4472022,-2.377202,-2.6872022,-2.587202,-2.4972022,-1.1272022,-2.5172021,-2.4472022,-2.4572022,-2.827202,-3.9272022,-3.097202,-4.777202,-6.0772023,-4.697202,-2.2272022,-2.7672021,-2.7872021,-2.377202,-2.057202,-1.9472022,-1.9172021,-1.8572022,-1.8172021,-1.6472021,-1.6572021,-1.6272022,-1.0572021,-0.94720215,-1.5572021,-1.2872021,-1.9372021
-6.1572022,-4.897202,-4.647202,-4.747202,-3.6572022,-3.4272022,-3.597202,-5.5972023,-6.317202,-7.317202,-8.127202,-7.3472023,-4.897202,-6.0972023,-3.2172022,-2.4972022,-2.2272022,-2.2272022,-1.5772022,-1.6972022,-1.8872021,-1.9972022,-2.627202,-4.7672024,-5.337202,-4.947202,-3.347202,-3.307202,-3.4572022,-3.3972023,-3.107202,-2.8872023,-2.8972023,-3.067202,-3.0172021,-2.3972023,-4.5572023,-3.5272021,-2.9572022,-2.7272022,-2.7172022,-3.2572021,-3.047202,-2.6572022,-2.4672022,-2.5072021,-2.3872023,-2.6772022,-2.7772021,-2.6772022,-2.7272022,-2.2272022,-1.9572022,-1.8372022,-1.4172021,-2.0272021,-1.8672022,-1.9972022
