json/gfs_20240718_12.json
{"header": { "discipline":0, "disciplineName":"Meteorological products", "gribEdition":2, "gribLength":79948, "center":7, "centerName":"US National Weather Service - NCEP(WMC)", "subcenter":0, "refTime":"2024-07-18T12:00:00.000Z", "significanceOfRT":1, "significanceOfRTName":"Start of forecast", "productStatus":0, "productStatusName":"Operational products", "productType":1, "productTypeName":"Forecast products", "productDefinitionTemplate":0, "productDefinitionTemplateName":"Analysis/forecast at horizontal level/layer at a point in time", "parameterCategory":2, "parameterCategoryName":"Momentum", "parameterNumber":3, "parameterNumberName":"V-component_of_wind", "parameterUnit":"m.s-1", "genProcessType":2, "genProcessTypeName":"Forecast", "forecastTime":0, "surface1Type":103, "surface1TypeName":"Specified height level above ground", "surface1Value":10.0, "surface2Type":255, "surface2TypeName":"Missing", "surface2Value":0.0, "gridDefinitionTemplate":0, "gridDefinitionTemplateName":"Latitude_Longitude", "numberPoints":65160, "shape":6, "shapeName":"Earth spherical with radius of 6,371,229.0 m", "gridUnits":"degrees", "resolution":48, "winds":"true", "scanMode":0, "nx":360, "ny":181, "basicAngle":0, "lo1":0.0, "la1":90.0, "lo2":359.0, "la2":-90.0, "dx":1.0, "dy":1.0 }, "data":
[rows 130 to 155 of 181, columns 300 to 359 of 360]
-7.3020363,-8.712036,-9.082036,-9.432036,-8.102036,-6.9720364,-7.0920362,-5.932036,-4.772036,-3.772036,-1.9020362,-0.7420361,-0.04203613,0.72796386,0.46796387,-2.572036,-2.742036,-3.552036,-7.002036,-6.832036,-5.2420363,-3.542036,-1.7920362,-4.3020363,-3.1120362,-4.362036,-3.1420362,-0.75203615,0.6479639,0.98796386,2.247964,2.257964,1.9979639,1.8579639,2.767964,3.3279638,3.6579638,4.367964,4.537964,4.827964,4.1779637,4.2179637,4.147964,3.5779638,3.457964,3.717964,3.917964,5.6579638,6.5279636,6.577964,8.667964,9.417964,10.257964,11.457964,11.367964,11.597964,11.347964,11.907964,13.827964,12.487964
-5.962036,-7.912036,-8.442036,-8.842036,-8.952036,-8.5620365,-7.8220363,-6.632036,-5.7220364,-4.412036,-2.822036,-2.2020361,-0.28203613,-0.46203613,-1.0120361,-2.262036,-3.562036,-3.3520362,-3.4120362,-5.382036,-6.392036,-5.2220364,-3.1920362,-2.6920362,-3.822036,-5.432036,-2.242036,-2.8520362,-2.812036,-1.1320361,0.44796386,-0.092036135,1.2079638,2.007964,2.4079638,3.0579638,3.5379639,3.7779639,3.7879639,4.167964,3.6579638,2.467964,2.767964,3.0479639,3.6479638,4.2579637,5.357964,6.7779636,7.377964,8.217964,9.517963,11.117964,10.597964,10.737964,11.547964,12.557964,12.417964,10.9379635,13.167964,17.727964
-2.6020362,-5.022036,-7.112036,-8.742036,-9.422036,-10.002036,-9.132036,-8.002036,-6.412036,-4.5320363,-3.502036,-2.3420362,-1.0720361,-0.22203614,-0.022036133,-1.0820361,-3.552036,-4.392036,-3.9720361,-4.002036,-5.7820363,-4.332036,-3.762036,-4.5320363,-3.6820362,-2.7120361,-3.1720362,-2.9220362,-3.8920362,-2.582036,-1.7620361,-1.0620362,-0.5420361,0.81796384,2.1379638,2.5379639,2.927964,1.9279639,3.0479639,3.5479639,2.707964,2.8479638,3.3279638,3.437964,3.757964,3.7979639,4.287964,7.2179637,7.2779636,7.587964,8.397964,10.137964,12.137964,12.787964,12.777964,13.427964,13.977963,14.607964,15.257964,19.717964
-2.062036,-4.182036,-6.752036,-9.052036,-9.392036,-10.712036,-10.712036,-9.252036,-7.2820363,-4.402036,-3.9020362,-1.6520362,-3.052036,-0.57203615,0.43796387,-0.29203615,-2.052036,-2.9220362,-3.992036,-2.732036,-1.7720361,-2.272036,-2.8820362,-2.4720361,-2.9120362,-3.8720362,-3.992036,-3.1420362,-3.502036,-3.4320362,-2.8920362,-2.6620362,-2.4020362,-1.3620361,0.25796387,1.8179638,0.91796386,1.0479639,0.7579639,1.2979639,1.4379638,2.0479639,3.3779638,2.197964,1.2579639,1.4079639,4.607964,4.627964,6.017964,6.497964,8.327964,9.747964,10.027964,11.537964,13.507964,13.607964,13.907964,15.827964,16.487965,16.967964
-3.6420362,-4.5320363,-7.192036,-8.802036,-10.442036,-11.382036,-9.992036,-8.782036,-7.252036,-5.892036,-5.502036,-4.142036,-4.892036,-1.9620361,-0.5320361,0.5779639,-1.2420361,-1.0520362,-1.9620361,-2.3820362,-2.232036,-1.3320361,-2.3620362,-2.312036,-2.3920362,-2.482036,-2.1920362,-2.782036,-3.042036,-3.332036,-2.482036,-2.042036,-2.3420362,-2.4720361,-2.1520362,-0.42203614,0.7179639,1.1079639,-1.0220361,-2.042036,-0.5520361,0.79796386,0.72796386,-0.75203615,-1.8620361,0.87796384,2.3679638,4.187964,5.4879637,7.2379637,8.537964,9.827964,11.157964,11.967964,12.567964,13.807964,14.897964,14.4379635,15.777964,16.467964
-2.6720362,-3.8720362,-7.192036,-9.142036,-11.252036,-13.172036,-12.712036,-9.792036,-8.092036,-6.952036,-5.932036,-5.542036,-4.582036,-3.782036,-1.6020361,-1.9720361,-2.1520362,-0.57203615,-0.47203612,0.23796387,-0.13203613,-0.49203613,-0.9820361,-0.96203613,-0.96203613,-1.4920361,-2.742036,-3.292036,-2.1420362,-2.502036,-2.1720362,-2.4320362,-2.4420362,-3.1320362,-3.1120362,-2.6220362,-1.9320362,-1.1420361,-2.6420362,-3.1220362,-2.2120361,-1.5020361,-0.39203614,-4.372036,-2.6820362,-0.51203614,0.9079639,2.967964,4.827964,6.617964,7.7379637,9.137964,10.247964,11.257964,12.197964,12.767963,14.097964,15.097964,14.587964,15.657964
-2.332036,-6.0120363,-7.2820363,-10.222036,-11.672036,-12.932036,-13.432036,-11.472036,-9.702036,-8.512036,-6.362036,-6.0720363,-5.142036,-5.0720363,-3.1120362,-2.1320362,-0.9820361,-0.50203615,-0.20203613,1.1479639,3.257964,3.917964,4.707964,4.2179637,2.937964,3.267964,2.167964,-1.0320362,-2.3520362,-2.552036,-2.4020362,-1.8720361,-2.052036,-2.6620362,-2.002036,-1.6820362,-1.1720362,-1.8020362,-4.102036,-4.612036,-2.4020362,-4.712036,-6.362036,-5.152036,-3.572036,-1.5420362,0.25796387,2.227964,3.917964,5.867964,7.067964,8.307964,9.847964,10.787964,11.867964,13.007964,13.287964,13.567964,14.117964,14.527964
-3.022036,-6.412036,-7.562036,-11.232037,-12.372036,-13.252036,-14.702036,-12.922036,-11.052036,-9.142036,-8.332036,-7.192036,-5.632036,-4.612036,-3.7020361,-1.6520362,-1.9220362,-0.70203614,1.4779639,0.72796386,2.2979639,3.5579638,4.357964,4.917964,4.9879637,5.227964,3.947964,2.937964,2.3879638,1.8879639,1.2979639,3.3379638,1.3879639,-1.5620362,-1.4420362,-1.3620361,-1.9620361,-2.9620361,-5.772036,-4.952036,-6.522036,-7.152036,-5.9720364,-4.932036,-3.2120361,-1.8120362,0.20796387,2.5279639,4.477964,6.037964,7.187964,8.397964,9.827964,10.697964,11.587964,12.287964,12.607964,13.267963,13.217964,13.287964
-2.8720362,-5.632036,-9.182036,-12.672036,-13.5620365,-14.242036,-14.022037,-12.032036,-11.102036,-9.902036,-8.552036,-7.122036,-6.4720364,-6.292036,-5.2620363,-4.3420362,-4.7420363,-3.6220362,-0.21203613,2.1379638,3.8079638,5.117964,5.387964,5.2579637,4.557964,3.5779638,3.707964,3.3979638,2.197964,2.737964,2.437964,0.80796385,1.4479638,0.31796387,0.18796387,-0.062036134,-2.1420362,-5.942036,-7.022036,-7.442036,-8.5620365,-7.502036,-5.8020363,-4.442036,-2.8920362,-1.1320361,0.92796385,3.197964,5.057964,6.517964,7.727964,8.877964,9.807964,10.787964,11.287964,11.157964,11.777964,12.117964,12.717964,12.647964
-3.9220362,-5.732036,-9.902036,-12.892036,-13.872036,-14.112036,-12.832036,-12.302036,-10.802036,-10.232037,-8.402036,-7.142036,-5.882036,-5.482036,-6.442036,-4.7620363,-4.882036,-3.1320362,-0.94203615,-0.8020361,0.35796386,2.7979639,3.987964,3.8479638,4.097964,3.1579638,2.0979638,1.5079639,0.6979639,1.5879638,3.167964,1.8179638,2.0379639,1.7179638,1.6279639,0.54796386,-2.832036,-7.412036,-8.502036,-9.302036,-8.052036,-7.082036,-5.432036,-3.6620362,-1.3920361,0.5779639,2.417964,3.957964,5.7179637,7.117964,8.287964,8.917964,9.537964,10.077964,10.557964,10.637964,10.9379635,11.227963,10.797964,10.917964
-3.9320362,-7.332036,-10.832036,-13.362036,-14.382036,-13.902036,-12.872036,-12.232037,-10.872036,-9.112036,-8.292036,-7.3220363,-6.4920363,-6.0520363,-4.9920363,-4.312036,-3.7120361,-2.4220362,-0.29203615,0.8379639,0.80796385,1.7779639,4.357964,4.4879637,4.367964,2.957964,2.9079638,2.217964,1.7179638,0.7679639,0.68796384,2.197964,1.7679639,1.3579639,0.68796384,-0.9220361,-7.752036,-8.982037,-9.522037,-8.372036,-8.072036,-6.5520363,-4.612036,-2.262036,0.057963867,1.9979639,3.687964,5.457964,6.4879637,7.4279637,8.377964,9.117964,9.157964,9.337964,9.747964,9.787964,9.497964,9.877964,9.737964,10.067964
-2.7020361,-10.322036,-11.722036,-13.332036,-14.182036,-13.622036,-13.352036,-13.132036,-12.012036,-10.002036,-8.432036,-7.182036,-6.772036,-6.002036,-5.202036,-4.312036,-3.072036,-2.1020362,-0.9920361,0.74796385,2.1179638,4.707964,4.357964,4.9079638,4.477964,3.3879638,2.677964,2.6079638,3.197964,1.3579639,1.9579638,1.8679639,1.4579638,0.53796387,-1.8320361,-6.0920362,-8.052036,-8.572036,-8.092036,-8.262036,-6.312036,-4.772036,-2.6820362,-0.48203614,1.4879639,3.3079638,4.457964,5.6979637,6.867964,7.767964,8.107964,8.587964,8.967964,9.067964,8.9379635,9.127964,9.067964,9.097964,9.257964,8.857964
-2.9720361,-6.152036,-10.362036,-13.452036,-14.222036,-14.242036,-13.952036,-12.532036,-10.922036,-9.692036,-8.482037,-7.4920363,-6.612036,-5.582036,-4.5320363,-3.6920362,-3.0920362,-2.1520362,-0.39203614,0.68796384,5.057964,4.037964,4.4079638,4.017964,2.687964,2.957964,2.267964,1.6379639,1.3479638,2.187964,1.7879639,0.8279639,-0.9720361,-4.042036,-6.612036,-7.412036,-7.582036,-7.4720364,-7.162036,-6.102036,-4.692036,-2.762036,-0.9720361,0.97796386,2.8979638,4.517964,5.497964,6.287964,6.7779636,7.9879637,8.457964,8.577964,8.627964,8.587964,8.477963,8.977963,8.867964,8.667964,8.617964,8.4379635
-4.812036,-7.582036,-10.822036,-13.162036,-13.762036,-12.962036,-12.212036,-11.522037,-10.832036,-9.522037,-8.572036,-7.652036,-5.882036,-5.2220364,-4.462036,-3.562036,-2.9620361,-1.8220361,0.027963867,3.0779638,3.467964,4.1579638,4.387964,3.8179638,3.0279639,1.5079639,0.61796385,1.6179639,2.177964,1.1479639,-1.3820361,-2.3520362,-4.232036,-5.0920362,-6.122036,-7.562036,-6.862036,-6.7220364,-5.8420362,-4.5320363,-2.832036,-1.2220361,0.56796384,2.6079638,4.067964,5.127964,6.307964,6.937964,7.247964,7.877964,8.097964,8.207964,8.137964,8.277964,8.797964,8.657964,8.697964,8.287964,7.7779636,7.247964
5.5079637,-5.9920363,-10.462036,-10.822036,-9.112036,-10.442036,-11.392036,-11.0620365,-10.582036,-9.862036,-7.832036,-6.122036,-5.752036,-5.332036,-5.232036,-4.062036,-3.3720362,-1.5420362,0.84796387,3.5679638,3.8779638,3.927964,4.017964,2.0679638,2.0279639,2.177964,0.62796384,0.14796387,-1.8920361,-3.4520361,-4.4920363,-4.7220364,-5.3220363,-6.042036,-6.732036,-6.692036,-6.132036,-5.672036,-4.382036,-3.062036,-1.1820362,0.9479639,3.0279639,4.847964,6.137964,7.9079638,8.977963,9.297964,9.607964,9.737964,8.487964,8.017963,8.857964,8.487964,7.707964,8.407964,8.417964,7.857964,7.247964,6.827964
4.377964,0.98796386,-4.9920363,-8.402036,-9.342036,-10.752036,-10.682036,-10.792036,-10.162036,-8.772037,-7.0120363,-6.252036,-5.9920363,-5.702036,-5.352036,-5.212036,-4.002036,-2.492036,0.72796386,3.0879638,2.957964,1.9779639,0.78796387,0.59796387,-0.45203614,-1.1820362,-1.1120361,-2.7120361,-4.392036,-4.852036,-5.002036,-5.352036,-5.252036,-5.702036,-6.2820363,-5.892036,-5.042036,-4.162036,-3.062036,-0.96203613,0.21796387,2.987964,4.2379637,5.847964,7.137964,8.217964,8.837964,9.177964,9.337964,9.097964,8.957964,9.217964,9.277964,8.747964,7.4879637,7.627964,8.007964,7.547964,7.2379637,6.287964
9.667964,0.55796385,-1.2020361,-5.422036,-8.022037,-8.942036,-10.112036,-10.772037,-9.372036,-8.932036,-8.552036,-8.322036,-6.902036,-6.152036,-6.062036,-5.982036,-4.912036,-3.072036,-0.8620361,1.7279639,2.437964,0.39796388,-0.6020361,0.62796384,-0.7220361,-3.9320362,-5.082036,-5.372036,-4.962036,-4.792036,-5.252036,-5.062036,-5.7220364,-2.2120361,-4.8020363,-5.272036,-4.8220363,-3.8620362,-1.7220361,0.29796386,0.9679639,2.227964,3.6179638,5.437964,7.5079637,9.267963,9.227963,9.097964,8.747964,8.667964,8.757964,9.127964,9.447964,9.287964,7.807964,7.517964,7.9679637,7.857964,7.2179637,6.957964
7.227964,6.807964,1.2079638,-3.4720361,-5.212036,-6.582036,-7.7620363,-8.102036,-8.462036,-8.772037,-9.242036,-8.292036,-7.642036,-7.0720363,-6.642036,-4.672036,-4.2620363,-3.232036,-2.4620361,-0.9920361,0.9579639,-1.1120361,-2.1920362,-2.6620362,-2.9520361,-3.832036,-5.122036,-5.402036,-5.272036,-3.8520362,-2.6520362,-1.9520361,-2.3520362,-2.252036,-2.002036,-1.5920361,-3.322036,-2.1920362,-0.9120361,-0.012036133,0.47796386,0.66796386,1.5779638,4.037964,6.267964,7.577964,7.457964,7.207964,7.587964,7.377964,7.307964,7.127964,7.6579638,6.827964,8.027964,8.147964,8.507964,6.867964,7.977964,5.9879637
7.707964,6.117964,4.917964,2.727964,-3.052036,-4.952036,-6.662036,-7.292036,-7.952036,-8.632036,-8.132036,-8.602036,-6.772036,-6.2420363,-5.542036,-4.9720364,-4.872036,-4.752036,-3.992036,-2.6020362,-0.8620361,-1.4820361,-2.792036,-4.232036,-4.662036,-4.5520363,-4.712036,-3.8520362,-3.3620362,-3.262036,-3.6120362,-4.312036,-4.352036,-3.9220362,-2.8620362,-2.4720361,-2.6820362,-1.8820361,-0.87203616,-0.58203614,0.06796387,-0.44203612,-0.43203613,1.5179639,3.5779638,4.877964,5.547964,5.477964,4.577964,4.117964,3.5879638,4.2579637,4.617964,4.9479637,4.977964,5.147964,7.707964,5.827964,6.4479637,5.397964
7.557964,7.2179637,6.077964,4.707964,1.8379638,-3.1420362,-6.402036,-6.952036,-7.522036,-7.7620363,-7.402036,-7.632036,-7.8020363,-7.332036,-6.662036,-6.202036,-5.542036,-5.212036,-5.112036,-4.672036,-3.242036,-1.8720361,-2.6220362,-4.562036,-5.152036,-4.3420362,-4.082036,-4.0120363,-3.6820362,-4.062036,-4.212036,-3.772036,-3.6120362,-3.522036,-3.2220361,-2.9620361,-2.792036,-2.022036,-1.1320361,-0.7420361,-0.15203613,-0.69203615,-0.71203613,-0.56203616,-0.43203613,0.81796384,0.79796386,1.4779639,1.2979639,1.2779639,1.5479639,2.6279638,3.0579638,2.227964,3.247964,4.047964,5.867964,5.707964,4.727964,5.187964
6.2579637,7.087964,6.837964,5.627964,5.4279637,0.34796387,-3.502036,-5.9720364,-6.662036,-7.542036,-7.7220364,-8.192036,-8.542036,-8.0620365,-7.8420362,-7.142036,-6.7620363,-6.372036,-6.232036,-6.182036,-5.502036,-4.9720364,-4.662036,-3.732036,-4.392036,-5.7620363,-6.5320363,-6.4720364,-5.422036,-6.192036,-5.172036,-4.672036,-4.5320363,-3.8520362,-3.6920362,-3.8520362,-3.042036,-2.4020362,-2.1520362,-1.9920361,-1.8720361,-1.4320362,-1.6320361,-1.8320361,-1.9920361,-1.8020362,-2.1120362,-2.002036,-1.4720361,-1.1720362,-1.0120361,-0.56203616,0.04796387,1.0679638,2.0379639,2.5679638,2.7779639,4.047964,4.067964,4.437964
3.937964,5.537964,7.037964,4.887964,6.817964,3.3579638,3.0279639,-2.522036,-5.332036,-7.432036,-7.952036,-8.732037,-9.182036,-8.852036,-8.652036,-8.142036,-7.862036,-6.862036,-7.312036,-7.272036,-7.622036,-7.142036,-6.152036,-5.352036,-4.9720364,-5.112036,-4.932036,-5.7820363,-7.182036,-7.142036,-6.5520363,-5.7420363,-5.272036,-4.612036,-4.462036,-4.172036,-3.992036,-3.552036,-3.292036,-2.9320362,-2.3720362,-1.9720361,-1.7620361,-1.9120362,-1.7920362,-1.7720361,-2.2020361,-2.482036,-2.732036,-2.6220362,-2.272036,-1.9720361,-2.1620362,-1.8120362,-1.1820362,-0.45203614,0.92796385,1.5279639,2.257964,2.947964
1.2179638,2.937964,0.8979639,3.237964,3.707964,2.467964,2.417964,2.8179638,-1.4420362,-4.602036,-7.2820363,-8.242036,-8.272037,-8.352036,-8.142036,-8.432036,-7.5720363,-6.7820363,-6.962036,-7.3020363,-7.622036,-7.7420363,-7.502036,-6.812036,-6.3020363,-6.412036,-5.832036,-5.462036,-5.362036,-6.7220364,-5.632036,-5.2220364,-5.2620363,-4.8420362,-4.3020363,-4.0720363,-4.392036,-4.5320363,-4.172036,-3.8520362,-3.272036,-2.4120362,-2.1520362,-1.8020362,-1.6620362,-1.4320362,-1.4320362,-1.9720361,-2.3620362,-2.512036,-2.232036,-2.3520362,-2.1920362,-1.5620362,-1.4520361,-1.3220361,-0.90203613,-0.52203614,0.04796387,0.30796388
-0.8420361,0.81796384,-0.17203613,-0.50203615,1.2279639,0.31796387,1.4979639,-1.0020361,-1.8420361,-1.1220361,-4.602036,-6.2620363,-7.902036,-9.0620365,-9.162036,-8.752036,-7.452036,-7.442036,-7.732036,-7.692036,-7.8020363,-8.032036,-7.942036,-7.692036,-7.232036,-6.5320363,-6.252036,-6.232036,-5.962036,-5.422036,-4.9720364,-4.952036,-5.2220364,-5.0120363,-4.452036,-4.602036,-4.522036,-4.562036,-4.082036,-3.742036,-3.1620362,-2.782036,-2.302036,-1.8720361,-1.4520361,-0.95203614,-0.8520361,-0.8620361,-1.6620362,-2.6720362,-2.6120362,-2.762036,-2.022036,-1.5920361,-1.0720361,-0.6120361,-0.34203613,-0.46203613,-0.43203613,-0.68203616
3.8279638,-3.1720362,-0.77203614,-1.6020361,-0.50203615,0.9679639,2.237964,2.437964,5.1979637,0.56796384,-0.94203615,-2.782036,-4.852036,-5.062036,-6.042036,-7.5320363,-7.4920363,-7.2820363,-7.8420362,-7.8220363,-7.922036,-8.162036,-7.922036,-7.7620363,-7.392036,-7.122036,-7.0520363,-6.902036,-6.652036,-6.402036,-6.352036,-6.382036,-6.082036,-5.632036,-5.192036,-4.902036,-4.7620363,-4.672036,-4.652036,-4.442036,-4.042036,-3.332036,-2.492036,-2.272036,-1.5520362,-1.3920361,-1.4220362,-1.1120361,-1.1720362,-2.4020362,-3.332036,-2.6320362,-2.052036,-1.1220361,-0.75203615,-0.56203616,-0.50203615,-0.31203613,-0.32203615,-0.36203614
-1.9620361,-3.7220361,-3.6020362,-3.032036,-1.6820362,0.027963867,1.4079639,2.747964,2.967964,2.707964,3.8479638,4.1779637,6.497964,0.46796387,-3.6520362,-4.452036,-4.452036,-4.2620363,-5.042036,-6.4920363,-7.2220364,-7.662036,-8.192036,-8.242036,-7.632036,-7.132036,-6.632036,-6.402036,-6.2420363,-6.082036,-6.022036,-6.182036,-6.352036,-6.482036,-6.042036,-5.5120363,-4.852036,-4.362036,-4.0520363,-4.2420363,-3.992036,-3.3720362,-2.8920362,-2.3420362,-1.9820361,-1.8520361,-1.9920361,-1.6020361,-1.1020361,-2.4620361,-3.1620362,-2.3620362,-1.5720361,-0.5920361,0.007963867,0.13796386,0.04796387,0.057963867,0.117963865,0.087963864
