json/gfs_20240723_18.json
{"header": { "discipline":0, "disciplineName":"Meteorological products", "gribEdition":2, "gribLength":80131, "center":7, "centerName":"US National Weather Service - NCEP(WMC)", "subcenter":0, "refTime":"2024-07-23T18:00:00.000Z", "significanceOfRT":1, "significanceOfRTName":"Start of forecast", "productStatus":0, "productStatusName":"Operational products", "productType":1, "productTypeName":"Forecast products", "productDefinitionTemplate":0, "productDefinitionTemplateName":"Analysis/forecast at horizontal level/layer at a point in time", "parameterCategory":2, "parameterCategoryName":"Momentum", "parameterNumber":3, "parameterNumberName":"V-component_of_wind", "parameterUnit":"m.s-1", "genProcessType":2, "genProcessTypeName":"Forecast", "forecastTime":0, "surface1Type":103, "surface1TypeName":"Specified height level above ground", "surface1Value":10.0, "surface2Type":255, "surface2TypeName":"Missing", "surface2Value":0.0, "gridDefinitionTemplate":0, "gridDefinitionTemplateName":"Latitude_Longitude", "numberPoints":65160, "shape":6, "shapeName":"Earth spherical with radius of 6,371,229.0 m", "gridUnits":"degrees", "resolution":48, "winds":"true", "scanMode":0, "nx":360, "ny":181, "basicAngle":0, "lo1":0.0, "la1":90.0, "lo2":359.0, "la2":-90.0, "dx":1.0, "dy":1.0 }, "data":
[rows 104 to 129 of 181, columns 236 to 294 of 360]
-1.0705762,-1.0305762,0.7494238,-0.9405762,-0.9605762,-1.8905761,-0.080576174,-0.5205762,-0.62057614,-3.8505762,-1.1905762,0.32942382,0.24942383,0.22942382,-1.2005762,-1.2005762,-0.7005762,-0.22057617,-0.110576175,0.95942384,0.82942384,1.1694238,2.4394238,3.0294237,3.2194238,3.289424,2.6194239,2.7294238,4.369424,4.409424,4.159424,4.539424,4.559424,4.919424,4.8594236,4.599424,5.199424,5.269424,5.169424,5.5294237,5.289424,6.019424,6.1494236,6.209424,7.479424,8.759424,8.879424,9.249424,-1.4205762,4.7394238,-2.3905761,-3.3605762,-3.1305761,-2.210576,-3.8005762,-1.5105761,-1.1905762,0.6094238,0.30942383
-2.160576,-1.7505761,-1.6805762,-1.2805762,-1.0605762,-1.8005762,-1.4505762,-0.7105762,-0.5005762,-1.0905762,-1.6205761,-0.41057616,-1.1605762,-1.9205762,-1.7305762,-2.7505763,-2.3505762,-0.93057615,-0.21057618,0.039423827,0.94942385,1.2494239,2.2194238,2.6894238,3.069424,2.839424,1.4294238,2.849424,2.2694237,1.9894239,2.8794239,3.1494238,3.3694239,3.569424,4.269424,4.5294237,4.289424,4.019424,4.729424,4.6094236,5.0494237,5.449424,5.929424,6.389424,6.8594236,7.679424,8.4794235,8.609424,7.849424,3.9894238,4.809424,-0.73057616,-5.580576,-2.1305761,-0.5205762,-1.6705762,-0.09057617,-0.7005762,0.28942382
-2.6205761,-1.9305762,-2.5305762,-2.2705762,-1.9005761,-3.0005763,-2.2705762,-2.0605762,-1.7805762,-2.2505763,-0.74057615,-2.400576,-3.2605762,-2.8005762,-0.6905762,-1.0305762,-1.5205761,-0.91057616,-0.4505762,0.28942382,0.63942385,0.7894238,1.0294238,0.6094238,0.5394238,2.299424,1.8394238,1.9994239,2.9494238,3.1894238,4.3394237,3.849424,3.7294238,3.9394238,4.0894237,3.849424,4.309424,4.169424,3.4794238,5.079424,5.219424,5.419424,5.729424,6.1094236,5.999424,6.249424,6.679424,7.429424,7.3194237,6.889424,5.919424,2.9094238,4.659424,-1.8505762,-5.670576,-0.32057616,-1.4505762,-1.2405761,-1.4305762
-4.3905764,-3.1105762,-2.0105762,-2.5305762,-1.8505762,-2.9805763,-4.2405763,-3.200576,-2.960576,-3.3905761,-3.660576,-2.3605762,-3.0105762,-3.2605762,-2.5705762,-1.2005762,-1.5605762,-0.9505762,-0.40057617,0.16942383,0.13942383,1.3394238,0.28942382,1.3494239,1.9394238,2.4194238,2.6394238,2.7594237,2.6194239,3.4294238,2.809424,2.8694239,2.8794239,2.6794238,2.9194238,3.3594239,3.069424,3.1994238,4.2594237,5.0094237,4.019424,4.809424,5.139424,5.429424,5.7394238,6.329424,6.519424,6.769424,6.729424,6.269424,5.539424,5.439424,4.8394237,5.1294236,-1.8905761,-3.2505763,-3.7805762,-2.160576,-1.7505761
-5.2605762,-4.790576,-3.150576,-2.4805763,-2.420576,-3.3305762,-4.300576,-4.080576,-2.2605762,-3.7305763,-2.5005763,-0.9005762,-2.690576,-3.0905762,-1.4805762,-1.7505761,-2.3005762,-0.78057617,-0.5005762,-0.16057616,-1.2705761,-0.34057617,0.069423825,0.38942382,1.9394238,1.9694238,2.1994238,1.4194238,1.8894238,0.5994238,0.9894238,0.70942384,1.7694238,2.1394238,2.7794237,3.3894238,2.6894238,4.3994236,4.039424,3.6894238,4.2594237,4.559424,4.7594237,5.349424,5.209424,6.0094237,6.3994236,6.0494237,6.429424,6.409424,5.8994236,5.079424,5.8394237,5.449424,2.809424,-2.430576,-3.7305763,-1.3905761,-2.5205762
-6.4105763,-5.630576,-4.3705764,-3.0105762,-2.3905761,-3.170576,-3.8405762,-4.1805763,-3.5805762,-4.080576,-3.7605762,-2.930576,-3.3705761,-2.5705762,-2.3205762,-1.6505761,-2.410576,-1.1505761,-0.26057616,-0.79057616,-0.40057617,-0.30057618,-0.020576172,-0.5005762,-0.5605762,0.07942383,-0.40057617,0.57942384,1.2594239,0.52942383,0.64942384,0.46942383,1.1594238,1.1194239,1.2494239,1.7694238,3.7194238,3.309424,3.099424,3.2194238,3.4694238,3.5194237,3.5294237,3.9694238,5.3394237,4.949424,5.889424,5.679424,5.579424,6.289424,6.539424,6.999424,6.3994236,6.5294237,-0.09057617,0.56942385,0.04942383,-2.920576,-4.090576
-7.4305763,-6.2405763,-4.9705763,-4.210576,-3.0505762,-4.090576,-3.8505762,-3.3505762,-4.190576,-4.860576,-3.660576,-3.1405761,-4.250576,-4.230576,-2.8005762,-2.0405762,-2.8905761,-3.0605762,-1.6505761,-1.4205762,-2.0505762,-1.4105762,-0.97057617,-0.46057618,-0.92057616,0.21942383,0.89942384,1.0994239,1.0394238,1.3294238,1.5094239,2.4694238,3.349424,2.809424,2.3994238,3.7694237,3.299424,2.7194238,2.7294238,1.6894238,2.6694238,2.2394238,2.839424,2.9494238,3.039424,4.229424,5.349424,5.439424,5.369424,5.599424,6.2994237,6.7794237,7.3594236,7.719424,1.7494239,-1.0205761,-1.9405762,0.51942384,-0.46057618
-6.7005763,-5.8905764,-5.560576,-5.400576,-3.8005762,-4.780576,-4.590576,-3.900576,-4.810576,-5.3705764,-4.4905763,-3.170576,-3.0505762,-3.5405762,-3.2305763,-3.0905762,-2.680576,-3.3905761,-2.9705763,-2.710576,-1.5905762,-1.6505761,-1.4105762,-1.3805761,-0.030576171,1.1094239,0.77942383,2.1294239,2.6094239,2.6194239,1.5294238,0.029423827,0.63942385,0.9394238,0.38942382,1.2494239,0.56942385,2.309424,1.4394238,2.4794238,2.2294238,0.83942384,1.8894238,1.8494239,1.3594239,2.1694238,2.6994238,4.5694237,5.499424,5.349424,5.309424,6.5294237,7.4894238,7.869424,1.2794238,-0.47057617,-0.21057618,-7.550576,-4.530576
-4.020576,-2.650576,-5.1605763,-4.6005764,-4.4705763,-3.7405763,-5.080576,-4.770576,-4.2005763,-3.400576,-4.1005764,-5.4705763,-4.090576,-2.6205761,-3.8005762,-3.2605762,-3.460576,-4.250576,-3.4705763,-2.7705762,-2.460576,-1.9605762,-1.7905762,-1.7505761,-0.66057616,-0.010576172,1.0494238,0.48942384,1.9894239,0.21942383,1.4494238,1.6594238,2.1394238,1.5994239,1.0994239,0.41942382,0.31942382,1.6394238,0.49942383,1.1094239,1.5894238,4.139424,3.589424,2.1494238,3.069424,2.819424,-0.6905762,-0.31057617,1.8794239,4.449424,4.7394238,5.119424,7.409424,7.8594236,-2.160576,-6.080576,-1.6405761,-2.940576,-4.710576
-3.3705761,-2.1105762,0.49942383,2.3994238,-2.460576,-2.700576,-4.030576,-5.7205763,-4.070576,-2.6105762,-1.8605762,-3.8205762,-3.7705762,-4.050576,-3.450576,-4.330576,-3.3705761,-3.8705761,-3.660576,-3.1405761,-3.2505763,-3.1305761,-2.170576,-2.1205761,-0.5205762,-0.49057618,-1.0105761,-0.93057615,0.9094238,1.6294239,3.2194238,4.099424,2.809424,0.70942384,3.1794238,2.539424,1.1694238,1.9394238,1.9494238,1.9794239,3.4894238,2.6994238,4.139424,3.6394238,3.7494237,2.3694239,1.7994238,-0.5105762,0.6794238,1.0094239,3.349424,5.159424,6.579424,8.169424,-0.61057615,-5.8905764,-3.2705762,-6.110576,-2.7905762
2.6394238,-0.9605762,1.7894238,4.479424,3.6994238,3.809424,1.6794238,-1.3605762,-2.7705762,-2.430576,-2.450576,-3.5005763,-4.730576,-4.6205764,-4.0105762,-3.430576,-2.6105762,-3.690576,-3.960576,-4.4705763,-3.5705762,-3.1405761,-3.2405763,-2.440576,-1.8605762,-0.15057617,1.4594238,1.9094238,1.5894238,2.7494237,3.0294237,3.2794237,1.6294239,1.8494239,0.8594238,3.4594238,3.1794238,2.4394238,3.4994237,3.849424,3.829424,3.3894238,3.2494237,2.0094237,0.71942383,2.0194237,2.3694239,2.4594238,0.2994238,0.56942385,1.4894239,3.2694237,4.949424,7.0694237,-2.950576,-6.440576,-9.7705765,-6.4905763,-6.7005763
3.8694239,5.929424,4.5894237,4.4894238,4.8594236,3.829424,4.659424,5.309424,3.4194238,1.6294239,0.33942384,-3.0205762,-4.650576,-5.2605762,-5.090576,-4.3705764,-5.040576,-5.6605763,-5.360576,-3.7205763,-3.3305762,-4.110576,-3.4805763,-3.680576,-1.9705762,-1.0005761,-0.07057617,1.0994239,1.8494239,2.329424,2.1694238,2.9994237,1.8094238,2.2094238,2.1794238,2.3894238,3.8794239,3.309424,3.2694237,3.0194237,3.4994237,3.5194237,2.1994238,1.5194238,-0.8305762,-0.09057617,-0.39057618,0.15942383,0.029423827,0.95942384,0.04942383,1.0494238,2.7094238,4.2594237,-8.760576,-13.390576,-11.4805765,-11.750576,-0.8805762
5.0294237,2.8994238,2.8994238,1.4494238,3.099424,3.7694237,3.7694237,6.679424,8.559423,8.579424,8.339424,6.6294236,4.349424,-2.0705762,-4.610576,-4.7405763,-4.130576,-3.8705761,-6.540576,-4.6405764,-2.5605762,-5.3705764,-3.7905762,-4.1405764,-2.190576,-1.1605762,0.069423825,0.56942385,0.6894238,1.0894238,2.9094238,2.3994238,1.4694238,1.4294238,1.4494238,0.56942385,1.4394238,3.1694238,3.4294238,4.219424,4.249424,4.349424,3.9394238,3.4494238,0.94942385,0.83942384,0.50942385,-0.5905762,-1.0105761,0.18942383,-2.0505762,-2.1405761,-0.22057617,2.4094238,1.2694238,-13.880576,-15.530576,-15.430576,-3.0205762
5.039424,4.2994237,4.939424,4.289424,3.3794239,3.7794237,5.349424,5.689424,5.729424,8.279424,8.4794235,8.689424,9.379424,6.7994237,7.059424,-4.320576,-4.8705764,-4.080576,-5.590576,-5.980576,-5.750576,-5.6005764,-5.500576,-4.770576,-3.6405761,-2.0805762,-0.72057617,0.5494238,1.1094239,-0.37057617,1.3594239,2.0194237,1.7594239,0.8694238,0.6194238,2.1694238,2.1294239,2.2494237,2.4794238,4.0894237,4.2794237,3.9994237,4.139424,2.839424,2.2794237,2.069424,0.08942383,-0.97057617,-1.7205762,-1.0805762,-2.8705761,-4.800576,-2.5405762,0.8094238,-6.9905763,-11.040576,-15.290576,-14.240576,-15.700576
6.289424,6.0694237,4.8394237,5.769424,5.3394237,5.2794237,4.729424,6.1494236,6.479424,6.9894238,7.0094237,7.669424,7.849424,8.629424,6.439424,8.279424,-3.2705762,-4.750576,-5.020576,-5.940576,-6.000576,-7.150576,-4.8505764,-5.4105763,-5.130576,-4.060576,-1.7505761,-0.44057617,1.8194238,-1.2305762,-0.5005762,0.42942384,0.81942385,0.18942383,1.3294238,1.8494239,2.1994238,2.559424,3.2494237,3.059424,3.1494238,3.569424,3.589424,2.7794237,2.6494238,1.2494239,1.0594238,-0.38057616,-0.39057618,-1.6405761,-1.2905762,-7.2205763,-4.310576,-2.3405762,-4.000576,-20.170576,-7.280576,4.1494236,-3.5205762
5.0294237,4.519424,5.9894238,5.959424,6.139424,6.079424,5.919424,6.269424,7.0294237,6.8194237,7.219424,6.5494237,5.769424,5.939424,7.0494237,8.279424,8.409424,-3.160576,-3.4705763,-5.7205763,-7.190576,-7.6005764,-6.810576,-5.580576,-5.9505763,-5.520576,-3.7305763,-0.87057614,-0.36057618,1.2194238,-1.8705761,-0.8405762,0.6594238,0.7994238,2.2194238,3.4594238,3.7194238,3.3694239,3.339424,3.6594238,4.479424,5.019424,4.699424,2.9294238,2.079424,2.1794238,3.0194237,1.8494239,-1.0805762,-1.6105762,-1.8705761,-9.780576,-6.1405764,-4.230576,-3.6305761,-11.000576,-5.550576,-1.5005761,0.69942385
4.1294236,5.3994236,4.459424,4.709424,6.499424,5.0894237,6.349424,5.6494236,5.1494236,6.139424,5.5094237,6.539424,6.849424,5.949424,6.949424,7.059424,7.9894238,8.559423,8.549424,-5.3705764,-5.6005764,-6.3505764,-6.460576,-7.280576,-6.860576,-7.070576,-5.150576,-3.2905762,-2.3405762,-0.5105762,-1.0105761,-1.7005762,0.12942383,0.009423828,0.83942384,2.2694237,3.4394238,4.0694237,4.499424,4.269424,4.039424,4.5494237,4.479424,3.049424,0.9894238,2.3794239,3.299424,2.349424,-0.67057616,-3.1005762,-3.440576,-10.310576,-5.4105763,0.5494238,0.019423828,3.8694239,-4.030576,0.009423828,-2.660576
4.709424,5.139424,5.959424,5.579424,5.7794237,6.689424,6.419424,5.949424,4.559424,5.0094237,4.8794236,5.289424,5.849424,6.219424,6.5094237,6.909424,6.559424,6.6294236,7.479424,8.099423,0.8694238,-7.7205763,-7.170576,-6.980576,-7.570576,-7.530576,-7.060576,-5.570576,-3.7305763,-2.2405763,-1.2805762,-0.32057616,-2.0205762,-0.93057615,0.70942384,1.2494239,3.349424,3.4594238,4.309424,3.849424,4.0894237,4.1294236,3.6194239,4.1494236,0.50942385,1.0794238,3.4194238,-5.7617185E-4,-1.1105762,-4.820576,-4.560576,-7.310576,-6.980576,-0.43057618,2.349424,-11.050576,-0.13057618,-7.8905764,-8.630576
4.209424,3.6294239,4.3994236,5.749424,5.929424,5.5294237,6.0094237,6.1294236,6.439424,7.389424,7.289424,4.709424,3.799424,4.219424,4.199424,3.9394238,5.479424,5.169424,5.719424,5.519424,7.7394238,10.139423,-8.740576,-8.050576,-7.900576,-7.550576,-8.2705765,-6.9505763,-5.3905764,-4.340576,-2.2205763,-3.8105762,-1.7405761,-1.2805762,-0.46057618,0.9894238,1.9494238,3.6794238,3.9594238,4.369424,4.409424,3.6494238,3.1394238,2.9894238,-1.2005762,-0.8305762,0.35942382,0.08942383,0.40942383,-1.9805762,-3.3605762,-5.580576,-5.080576,-1.5905762,-2.4905763,-4.6005764,0.28942382,-4.1805763,-8.390576
4.959424,5.979424,5.959424,5.469424,5.209424,4.9894238,4.959424,4.869424,5.579424,6.139424,5.959424,6.519424,5.0894237,5.8194237,4.559424,2.549424,3.7594237,4.7794237,4.7794237,4.9894238,6.3194237,6.439424,10.539424,-7.780576,-7.9705763,-8.080576,-7.9105763,-8.350576,-7.1605763,-5.610576,-4.150576,-1.9305762,-3.5705762,-2.200576,-0.30057618,0.099423826,1.4294238,2.289424,3.4994237,3.8794239,4.289424,4.419424,3.3794239,1.7494239,1.2394239,-4.300576,-3.680576,-1.0005761,-2.210576,-2.3005762,-3.210576,-4.550576,-4.030576,0.82942384,-0.6905762,2.0294237,-3.5205762,-7.790576,-8.590576
3.329424,5.0094237,5.689424,6.439424,6.099424,5.3394237,5.719424,6.059424,4.7994237,4.959424,5.369424,4.619424,5.439424,4.719424,5.2394238,5.959424,3.2694237,2.2494237,4.499424,4.539424,4.8994236,6.229424,5.789424,7.449424,-4.4705763,-8.150577,-9.150577,-8.510576,-7.670576,-7.210576,-6.310576,-3.7205763,-2.3805761,-3.670576,-0.8205762,-2.5005763,-0.5905762,0.27942383,3.0094237,2.7594237,4.1294236,4.469424,3.0294237,1.0394238,0.26942384,-4.690576,-5.2405763,-4.050576,-3.5905762,-4.540576,-5.6205764,-6.8905764,-4.460576,0.11942383,-0.93057615,-0.30057618,-2.8305762,-6.250576,-4.300576
5.249424,6.979424,6.3994236,7.5094237,5.269424,5.5094237,5.2794237,5.3994236,5.059424,4.099424,3.9794238,4.229424,3.3794239,4.179424,3.9394238,4.3394237,4.2594237,4.809424,1.5094239,1.5994239,3.6094239,4.249424,5.659424,5.459424,5.3194237,6.0694237,-9.4805765,-8.550576,-8.310576,-8.000576,-6.300576,-6.320576,-3.3405762,-2.8205762,-4.190576,-2.3005762,-0.93057615,-1.3805761,0.46942383,2.339424,2.799424,4.079424,3.2294238,-0.09057617,-0.23057617,-1.9005761,-5.190576,-6.790576,-6.980576,-5.550576,-5.230576,-5.650576,-3.7905762,-1.8005762,0.27942383,6.229424,-7.710576,-6.9105763,-3.930576
7.039424,8.189424,7.8794236,8.899424,8.259424,8.899424,8.239424,8.129424,7.3994236,4.469424,2.8994238,1.8294238,2.2594237,0.28942382,1.0194238,1.8494239,3.4694238,3.6194239,2.9594238,1.6594238,1.2394239,2.8794239,3.5294237,4.669424,4.789424,6.429424,7.389424,-9.500576,-10.040576,-8.810576,-7.780576,-6.3505764,-5.030576,-2.7705762,-2.5505762,-4.1605763,-3.920576,-2.7205763,-1.0105761,1.0894238,1.2794238,3.2594237,2.1694238,0.19942383,-1.9405762,-1.8805761,-2.0705762,-2.3105762,-6.290576,-5.360576,-5.7405763,-6.650576,-3.3605762,-0.19057617,0.9294238,1.0994239,-3.150576,-8.410576,-4.4705763
7.389424,8.329424,7.8394237,8.0194235,8.719424,8.419424,9.109424,9.109424,8.589424,8.179424,7.5094237,4.479424,1.5894238,0.10942383,-0.030576171,0.069423825,0.34942383,1.2694238,1.9694238,1.6094239,1.2494239,1.1094239,1.6294239,3.2294238,3.589424,3.9994237,3.1794238,3.6394238,3.4994237,-9.800576,-8.340576,-8.410576,-6.340576,-4.7005763,-3.7605762,-3.3305762,-3.910576,-3.5305762,-2.5605762,-0.9605762,1.6694238,0.28942382,1.5594238,1.0194238,-0.9605762,-2.5805762,-3.3505762,-4.0105762,-3.690576,-5.650576,-6.3705764,-3.7205763,-4.400576,-1.6805762,0.82942384,3.9194238,1.7594239,-6.300576,-5.310576
7.479424,8.499424,8.429424,9.899424,10.399424,9.5194235,9.799424,10.199424,9.9794235,9.029424,9.249424,7.979424,6.3794236,4.8994236,3.4094238,1.0994239,-0.35057616,-1.1205761,0.22942382,1.4294238,0.8694238,1.0794238,0.34942383,-0.050576173,1.6194239,2.7094238,2.6094239,2.7094238,3.8994238,1.3494239,-8.560576,-8.590576,-8.500576,-6.3705764,-5.770576,-3.9705763,-3.960576,-3.0805762,-3.1205761,-2.9805763,-1.7905762,1.3294238,-0.21057618,-0.49057618,0.12942383,-0.93057615,-3.8405762,-3.670576,-5.560576,-7.230576,-9.390576,2.069424,-3.1405761,0.37942383,-2.420576,-0.020576172,0.039423827,-7.630576,-8.200576
7.019424,7.729424,7.719424,9.049424,9.709424,9.629424,9.959424,9.589424,9.429424,8.949424,8.829424,8.689424,8.089424,6.349424,3.9594238,3.1994238,3.2494237,1.1294239,-0.5005762,-1.5405762,0.08942383,-0.19057617,-0.34057617,-1.0605762,-1.5505762,-0.42057618,0.13942383,0.2994238,0.6094238,3.0194237,4.189424,-7.9305763,-8.040576,-7.590576,-6.560576,-5.580576,-4.4305763,-2.7605762,-2.5605762,-3.2205763,-2.8505762,-1.7905762,0.40942383,-1.6505761,-1.2605761,-0.9405762,1.0394238,-1.3905761,-4.380576,-7.730576,-8.680576,-0.41057616,-1.4205762,-4.4905763,-1.9305762,-2.0605762,-2.7305763,-6.780576,-7.780576
