json/gfs_20240724_12.json
{"header": { "discipline":0, "disciplineName":"Meteorological products", "gribEdition":2, "gribLength":79966, "center":7, "centerName":"US National Weather Service - NCEP(WMC)", "subcenter":0, "refTime":"2024-07-24T12:00:00.000Z", "significanceOfRT":1, "significanceOfRTName":"Start of forecast", "productStatus":0, "productStatusName":"Operational products", "productType":1, "productTypeName":"Forecast products", "productDefinitionTemplate":0, "productDefinitionTemplateName":"Analysis/forecast at horizontal level/layer at a point in time", "parameterCategory":2, "parameterCategoryName":"Momentum", "parameterNumber":2, "parameterNumberName":"U-component_of_wind", "parameterUnit":"m.s-1", "genProcessType":2, "genProcessTypeName":"Forecast", "forecastTime":0, "surface1Type":103, "surface1TypeName":"Specified height level above ground", "surface1Value":10.0, "surface2Type":255, "surface2TypeName":"Missing", "surface2Value":0.0, "gridDefinitionTemplate":0, "gridDefinitionTemplateName":"Latitude_Longitude", "numberPoints":65160, "shape":6, "shapeName":"Earth spherical with radius of 6,371,229.0 m", "gridUnits":"degrees", "resolution":48, "winds":"true", "scanMode":0, "nx":360, "ny":181, "basicAngle":0, "lo1":0.0, "la1":90.0, "lo2":359.0, "la2":-90.0, "dx":1.0, "dy":1.0 }, "data":
[rows 150 to 174 of 181, columns 0 to 57 of 360]
-11.052556,-10.802556,-10.0725565,-9.022556,-7.802556,-7.902556,-6.7125564,-5.382556,-4.5625563,-3.7025561,-3.1925561,-1.4725561,-0.33255616,0.34744385,1.6974438,2.967444,4.637444,6.837444,7.587444,6.9174438,8.147444,10.107444,10.417444,8.437444,8.047443,7.837444,8.197444,6.547444,6.3074436,6.047444,4.237444,4.177444,4.567444,4.107444,4.607444,4.4974437,5.547444,3.8274438,2.8674438,2.527444,1.1374439,1.8274438,2.2974439,2.8674438,4.1674438,4.907444,4.927444,5.617444,5.777444,6.127444,5.297444,4.987444,4.547444,5.067444,5.087444,4.397444,3.7874439,3.4274437
-7.602556,-6.852556,-5.882556,-5.872556,-5.2725563,-4.4625564,-3.1025562,-2.6525562,-1.7525562,-0.7125561,-0.48255616,0.30744386,1.4074439,3.6574438,3.5874438,4.487444,6.877444,5.3074436,5.107444,5.7474437,5.9574437,6.637444,6.007444,5.2874436,4.4174438,4.317444,3.8774438,3.9274437,4.387444,3.477444,3.5774438,3.8674438,4.4374437,4.357444,4.407444,3.6674438,3.8274438,2.947444,1.9474438,1.0274439,1.0774438,1.3074439,1.7374438,2.4374437,4.617444,5.1674438,5.137444,5.647444,5.587444,5.1674438,5.717444,5.7274437,5.7474437,5.217444,4.067444,4.647444,4.0374436,4.567444
-3.792556,-3.8525562,-3.6025562,-3.0825562,-2.4625561,-2.2025561,-1.2725562,-0.9025562,-0.0025561524,0.6574438,1.6774439,2.9274437,3.0974438,3.3674438,3.5474439,5.107444,5.887444,7.9774437,7.407444,6.257444,5.617444,4.097444,3.207444,2.8174438,3.1374438,3.457444,4.127444,5.217444,4.9974437,4.487444,3.477444,3.737444,3.747444,2.507444,1.7574439,2.467444,2.0674438,0.68744385,-0.23255615,0.06744385,-0.29255617,0.20744385,0.7774438,1.9274439,2.3174438,2.5374439,3.5574439,3.5974438,4.217444,4.527444,3.777444,4.647444,4.567444,3.987444,4.8074436,5.717444,7.587444,5.127444
-2.4225562,-2.4425561,-2.1925561,-1.9225562,-1.6825562,-1.9825561,-1.4825561,-0.37255615,0.61744386,1.0674438,1.8174438,2.4174438,3.767444,5.4574437,6.607444,7.357444,7.4974437,7.677444,6.547444,6.447444,6.757444,7.107444,6.5574436,6.097444,6.317444,5.9374437,5.867444,4.877444,4.217444,2.9374437,2.5674438,2.007444,0.63744384,0.39744386,0.55744386,0.33744386,-0.74255615,-1.4725561,-1.5525562,-1.3525561,-1.6125561,-0.7825562,0.08744385,1.3674438,2.257444,2.9174438,3.477444,3.9374437,4.097444,2.027444,1.4074439,1.0574439,0.9674438,0.76744384,0.67744386,1.5674438,1.6874439,2.987444
-1.9625561,-1.3425561,-1.6325562,-2.722556,-1.6825562,-0.42255616,0.51744384,1.2574439,2.217444,2.707444,3.5774438,4.947444,5.507444,5.257444,4.677444,4.257444,4.147444,5.527444,5.5174437,4.5374436,4.107444,4.657444,5.297444,5.077444,4.567444,4.117444,3.007444,1.6674439,0.46744385,0.16744384,-0.68255615,-1.1625562,-0.8325561,-1.7625562,-1.8625561,-2.972556,-3.5725563,-2.8425562,-2.8925562,-3.222556,-2.222556,-1.1425562,0.26744384,1.0974438,1.4574438,1.0574439,-2.512556,-3.012556,-1.5325562,-0.95255613,-0.38255614,0.63744384,1.5974438,2.257444,2.1574438,2.6374438,3.0574439,2.717444
-3.9125562,-3.732556,-2.9625561,-2.222556,-0.99255615,0.62744385,1.5674438,1.7074438,1.4274439,2.0974438,2.967444,2.947444,0.7274439,-2.3925562,-3.8625562,-3.8625562,-3.022556,-2.4425561,-2.4225562,-2.3825562,-2.4125562,-2.4625561,-2.5925562,-3.022556,-3.502556,-3.9525561,-3.9425561,-4.342556,-4.802556,-5.0025563,-5.172556,-5.222556,-5.222556,-5.882556,-6.092556,-5.842556,-5.2725563,-4.5825562,-4.182556,-3.6825562,-2.9125562,-1.6125561,-2.782556,-4.852556,-4.4825563,-4.372556,-3.8325562,-2.8725562,-0.7125561,1.3474438,2.8774438,4.117444,3.3374438,3.1874437,2.1074438,2.6674438,1.6474439,1.6874439
-3.282556,-2.1325562,-2.222556,-2.1625562,-2.2025561,-1.6025561,-0.7725561,-2.8825562,-5.402556,-6.972556,-6.9625564,-6.952556,-6.612556,-6.162556,-5.182556,-5.0625563,-4.912556,-5.152556,-4.952556,-5.0425563,-5.432556,-5.892556,-6.4825563,-7.032556,-7.572556,-8.0725565,-8.172556,-8.922556,-8.922556,-8.062556,-8.172556,-8.042556,-7.872556,-7.392556,-7.2325563,-6.7125564,-6.3325562,-6.0225563,-6.922556,-6.892556,-6.7925563,-6.892556,-6.4425564,-5.592556,-4.162556,-3.1825562,-2.1525562,-0.94255614,0.5874438,2.3174438,4.097444,3.497444,-3.0925562,-1.5925561,0.69744384,0.99744385,0.16744384,0.027443849
-5.302556,-4.882556,-5.262556,-7.052556,-8.352556,-8.852556,-8.252556,-9.392556,-9.992557,-10.302556,-9.872556,-10.032557,-9.982556,-9.702557,-9.252556,-8.782557,-8.452557,-8.432556,-8.972556,-9.492557,-9.792556,-10.252556,-10.622556,-11.092556,-11.312556,-11.442556,-11.512556,-11.562556,-11.422556,-11.042556,-10.922556,-11.222556,-10.942556,-10.272556,-9.5725565,-8.952557,-8.672556,-8.512556,-7.992556,-7.8125563,-7.262556,-6.2325563,-5.172556,-4.3125563,-3.1425562,-0.93255615,-0.012556152,0.60744387,1.1074438,1.1774439,0.46744385,-3.782556,-2.772556,-3.782556,-1.4925561,7.717444,8.877444,1.8974439
-13.5725565,-13.612556,-13.972556,-14.382556,-14.472556,-14.592556,-15.002556,-15.382556,-14.902556,-14.402556,-14.302556,-14.042556,-13.702557,-13.542556,-13.412556,-13.442556,-13.272556,-13.182556,-13.062556,-13.052556,-13.102556,-13.222556,-13.262556,-13.482556,-13.662556,-13.712556,-14.002556,-14.272556,-14.552556,-14.812556,-15.182556,-15.062556,-14.672556,-13.422556,-12.132556,-10.902556,-9.682556,-8.932556,-8.262556,-7.4825563,-5.882556,-4.052556,-2.4225562,-1.4825561,-0.73255616,-3.1725562,-4.922556,-9.042556,3.8374438,-3.542556,-6.122556,-5.662556,-2.9325562,-3.8625562,-1.8825562,2.747444,1.3674438,-6.362556
-16.812555,-17.162556,-17.532557,-17.592556,-17.912556,-18.392555,-18.632557,-18.362556,-18.022556,-17.642555,-17.422556,-17.212557,-17.372557,-17.302557,-16.952557,-16.542557,-16.292557,-15.932556,-15.642556,-15.362556,-15.162556,-14.902556,-14.622556,-14.312556,-13.992557,-13.762556,-13.492557,-13.252556,-12.8225565,-12.762556,-12.842556,-12.362556,-15.982556,-18.512556,-8.832556,-8.472556,-9.132556,-7.2725563,-3.262556,-0.7225562,-2.052556,-4.432556,-4.152556,-2.9125562,-3.6625562,-2.9425561,-2.282556,-1.7525562,-4.092556,-4.202556,-8.242557,-7.722556,-6.662556,-3.8825562,0.29744384,-0.8325561,-1.3125561,-1.3325561
-18.992556,-19.782557,-20.312555,-20.762556,-21.112556,-21.092556,-21.222557,-21.042557,-20.962557,-20.212557,-19.452557,-18.902555,-18.792557,-18.592556,-18.452557,-18.782557,-17.632557,-15.992557,-15.992557,-14.482556,-15.232556,-15.592556,-14.872556,-14.352556,-13.332556,-12.632556,-12.052556,-11.522556,-11.272556,-10.832556,-9.502556,-7.632556,-6.672556,-12.392556,-14.0725565,-8.952557,-11.442556,-6.492556,-3.802556,-3.9125562,-8.732556,-8.362556,-7.5425563,-6.6925564,-6.012556,-4.9825563,-3.9525561,-2.722556,-0.61255616,-2.1925561,-4.2125564,-5.012556,-4.2925563,-3.4025562,-2.3125563,-0.94255614,-0.14255615,0.80744386
-19.842556,-20.482555,-20.822556,-21.242556,-19.862556,-18.762556,-17.832556,-15.762556,-16.862556,-16.782557,-15.802556,-15.422556,-12.942556,-14.542556,-16.732555,-15.972556,-16.002556,-16.792557,-14.762556,-12.232556,-12.832556,-14.562556,-14.472556,-14.492557,-13.792556,-11.772556,-10.632556,-12.042556,-11.762556,-12.112556,-11.972556,-11.332556,-11.172556,-11.172556,-10.252556,-10.5725565,-11.082556,-9.332556,-6.532556,-6.632556,-9.412556,-9.402556,-8.462556,-7.852556,-7.0425563,-5.8125563,-4.762556,-3.802556,-3.1025562,-2.522556,-2.4225562,-2.472556,-2.2125561,-1.3925562,-0.79255617,0.38744384,2.487444,4.087444
-16.822556,-15.542556,-12.212556,-8.212556,-5.202556,-6.7925563,-6.092556,-4.1925564,-5.622556,-6.512556,-8.852556,-8.332556,-14.002556,-6.532556,-6.162556,-6.5825562,-10.282557,-8.902556,-4.3125563,-1.5825561,-0.052556153,-0.63255614,-1.2225561,-1.0825561,-2.1025562,-2.1025562,-3.992556,-4.612556,-9.602556,-5.9825563,-6.932556,-7.532556,-7.122556,-6.372556,-4.682556,-4.7925563,-6.972556,-5.2725563,-4.402556,-4.3125563,-4.5425563,-4.782556,-4.7925563,-4.992556,-4.512556,-4.132556,-3.772556,-3.1525562,-3.282556,-2.552556,-2.3725562,-1.1625562,0.25744385,1.7974439,3.257444,4.2074437,5.157444,6.487444
-7.512556,-6.662556,-7.112556,-7.3325562,-9.082556,-9.402556,-9.912556,-9.022556,-8.182556,-7.842556,-7.9825563,-8.422556,-8.222556,-7.622556,-6.0425563,-4.742556,-4.632556,-4.622556,-4.422556,-3.6825562,-2.7025561,-3.772556,-5.282556,-5.682556,-5.2725563,-5.5425563,-1.3325561,1.8274438,-0.62255615,-4.012556,-5.852556,-7.392556,-6.0425563,-4.992556,-5.642556,-5.872556,-5.072556,-3.482556,-2.5825562,-2.492556,-2.7025561,-2.4425561,-2.6625562,-2.022556,-1.7925562,-1.8625561,-1.4825561,-1.5725561,-0.9025562,0.047443848,1.0874438,2.1474438,3.017444,3.947444,4.607444,5.1874437,5.9574437,7.127444
-7.182556,-7.382556,-7.622556,-7.7725563,-8.022556,-7.912556,-7.422556,-7.282556,-6.7125564,-6.012556,-5.2925563,-4.622556,-4.472556,-4.5225563,-4.492556,-4.382556,-4.092556,-4.222556,-3.982556,-3.8525562,-3.6725562,-3.4225562,-3.252556,-2.9125562,-2.252556,-1.1425562,0.41744384,0.94744384,0.5274438,-0.35255614,-1.6325562,-2.792556,-3.6625562,-4.402556,-3.7125561,-3.8125563,-3.3225563,-3.0925562,-2.6225562,-1.6625562,-0.9025562,-0.21255615,-0.07255615,0.077443846,0.38744384,0.9074438,1.1574439,1.2174438,1.5474439,2.197444,2.727444,3.457444,4.137444,4.527444,5.217444,5.7074437,6.587444,6.5174437
-5.262556,-4.9825563,-4.7525563,-4.4425564,-4.432556,-4.3325562,-4.0625563,-4.152556,-3.8525562,-3.3825562,-2.8625562,-2.492556,-2.3125563,-2.0725563,-1.6225562,-1.0925561,-1.2025561,-0.9625561,-0.8325561,-0.86255616,-0.62255615,-0.24255615,0.36744386,0.87744385,1.1974438,1.4674438,1.6574439,1.6674439,1.7874439,1.7574439,1.4874438,0.55744386,-0.44255614,-1.0025562,-1.1225562,-0.99255615,-0.99255615,-0.89255613,-0.48255616,0.18744385,0.64744383,0.9674438,1.4774438,1.7474438,1.7974439,2.007444,2.507444,2.697444,3.1374438,3.1674438,3.3674438,4.317444,4.2674437,5.4174438,5.2674437,4.587444,4.677444,3.8174438
-3.3425562,-3.1825562,-2.9225562,-2.8325562,-2.6925561,-2.6125562,-2.4025562,-2.252556,-2.0725563,-1.9125562,-1.7725562,-1.5125562,-1.1825562,-0.86255616,-0.41255614,0.25744385,0.82744384,1.3174438,1.4274439,1.5974438,1.9074439,2.3974438,2.757444,2.9074438,3.027444,3.457444,3.747444,3.3374438,3.007444,2.8974438,2.747444,2.8174438,2.9274437,2.3874438,1.7674439,1.3274438,1.1874439,1.5574439,1.9774438,2.497444,2.5774438,2.517444,2.6474438,2.717444,3.0774438,3.4274437,3.277444,3.0874438,3.2974439,3.447444,3.477444,3.957444,3.8374438,3.457444,3.9374437,3.8474438,2.977444,2.737444
-3.6225562,-3.3925562,-3.292556,-3.1425562,-2.7125561,-2.472556,-2.3525562,-2.1225562,-1.6625562,-1.2625562,-0.86255616,-0.37255615,-0.012556152,0.50744385,0.86744386,1.0174439,1.4974438,1.9874438,1.9174439,1.7074438,1.6374439,1.6774439,2.0374439,2.3574438,2.5674438,2.527444,2.6574438,2.6674438,2.957444,3.3774438,3.6174438,3.7974439,4.5374436,4.377444,4.2074437,4.197444,4.0174437,3.997444,4.047444,4.007444,4.0574436,4.3074436,4.487444,4.317444,4.0374436,3.987444,3.707444,3.517444,3.487444,3.457444,3.517444,3.3474438,3.1274438,3.257444,3.4274437,3.1874437,2.8574438,2.207444
-4.162556,-4.0025563,-3.8325562,-3.522556,-3.4625561,-3.042556,-2.6125562,-2.4625561,-2.2125561,-1.8025562,-1.4525561,-1.0725561,-0.61255616,-0.14255615,0.19744384,0.5974438,0.92744386,1.4674438,1.6974438,1.7374438,2.027444,2.717444,2.6574438,2.9174438,2.987444,3.3874438,3.5674438,3.1874437,4.1674438,4.487444,4.2474437,5.047444,5.197444,4.407444,4.427444,4.527444,4.5174437,3.9174438,4.467444,5.197444,5.357444,5.617444,6.007444,5.7074437,4.837444,4.5174437,4.0374436,3.6374438,3.217444,3.1474438,3.1774437,2.9074438,2.757444,2.3674438,1.9874438,1.8174438,1.4974438,0.82744384
-4.112556,-3.9425561,-3.782556,-3.472556,-3.552556,-3.042556,-2.7025561,-2.3625562,-1.7925562,-1.7525562,-1.2525562,-0.34255615,0.25744385,0.63744384,1.0174439,1.4774438,1.8274438,1.9474438,2.0774438,2.3074439,2.9174438,3.3374438,3.5574439,3.6674438,3.767444,3.997444,4.327444,4.2474437,4.4974437,4.397444,4.467444,4.777444,4.817444,4.857444,4.697444,4.447444,4.797444,5.077444,5.1874437,4.877444,5.027444,5.397444,5.3074436,5.147444,4.9974437,4.587444,4.2874436,3.6474438,2.8974438,2.8974438,2.8774438,2.5574439,2.1374438,1.3974439,0.85744387,0.5274438,-0.062556155,-0.6625562
-2.792556,-2.742556,-2.6825562,-2.3725562,-1.8125561,-1.4525561,-1.0525562,-0.46255615,0.09744385,0.75744385,1.2274438,1.6674439,2.1174438,2.1174438,2.217444,2.447444,2.697444,2.987444,3.1474438,3.267444,3.707444,3.8074439,3.777444,3.8674438,3.9074438,4.3074436,4.387444,4.3074436,4.2874436,4.4774437,4.877444,4.7874436,4.4774437,4.647444,4.797444,5.0174437,4.777444,4.3074436,4.317444,4.327444,4.377444,4.2474437,3.767444,3.8374438,3.737444,3.767444,3.7974439,3.707444,3.3974438,3.0974438,3.0674438,2.727444,2.197444,1.6274438,1.0874438,0.61744386,-0.062556155,-0.7725561
-0.5925562,-0.062556155,0.61744386,1.3874439,1.8874439,2.257444,2.727444,3.3474438,3.727444,3.8774438,3.997444,4.007444,4.097444,4.327444,3.9274437,3.977444,4.297444,4.357444,4.657444,5.0174437,5.097444,5.0374436,5.027444,5.2474437,5.4174438,5.407444,5.3074436,5.4174438,5.657444,5.367444,4.7074437,4.9374437,5.377444,4.7074437,4.337444,4.597444,4.4774437,3.8374438,3.3974438,3.3174438,3.3074439,3.197444,3.267444,3.3174438,3.457444,3.9274437,4.137444,3.6474438,3.0874438,2.9274437,2.8474438,2.717444,2.7974439,2.957444,2.8074439,2.217444,1.6874439,1.1374439
1.6274438,2.4274437,3.0474439,3.2974439,3.447444,3.8274438,4.507444,5.0174437,5.3074436,5.387444,5.367444,5.217444,5.2274437,5.377444,5.637444,5.877444,5.837444,5.757444,5.737444,5.827444,5.647444,5.367444,4.827444,4.6674438,4.987444,5.637444,6.317444,5.887444,5.367444,4.627444,4.0174437,3.6774437,3.737444,4.0174437,3.457444,3.1174438,2.747444,2.507444,2.6874437,3.0574439,3.217444,3.1074438,2.8474438,2.507444,2.3274438,2.467444,2.757444,2.747444,2.5974438,2.487444,2.477444,2.3074439,2.027444,1.9374439,2.0974438,2.1374438,1.8374438,1.4274439
1.1774439,1.7274438,2.2874439,2.9074438,3.707444,4.297444,4.577444,4.697444,4.647444,4.427444,4.2274437,3.997444,3.6574438,3.1874437,2.7974439,2.6374438,2.6274438,2.717444,2.737444,2.5474439,2.277444,2.0774438,2.1474438,2.257444,2.247444,1.9574438,1.7274438,1.6674439,1.6374439,1.7274438,1.6774439,1.4774438,1.2574439,1.0174439,0.7274439,0.69744384,0.79744387,0.80744386,0.8474438,0.85744387,1.0974438,1.2474438,1.3174438,1.3574438,1.4674438,1.5574439,1.6774439,1.8574438,1.9974438,2.217444,2.247444,2.027444,1.7574439,1.7474438,2.0474439,2.3874438,2.5574439,2.517444
0.8474438,1.3474438,1.8674438,2.3774438,2.8374438,3.1874437,3.4274437,3.517444,3.477444,3.3174438,3.1674438,3.0874438,3.0674438,3.0574439,2.957444,2.757444,2.497444,2.1874437,1.9274439,1.7174438,1.5174439,1.2174438,0.87744385,0.60744387,0.36744386,0.117443845,0.0074438476,0.117443845,0.26744384,0.22744384,-0.09255615,-0.62255615,-1.0825561,-1.3725562,-1.3925562,-1.2125561,-0.80255616,-0.29255617,0.20744385,0.5974438,0.82744384,0.9774439,1.0674438,1.1674439,1.2574439,1.3074439,1.3874439,1.4374439,1.4474438,1.4674438,1.6074438,1.8774438,2.227444,2.5874438,2.8974438,3.1074438,3.197444,3.3074439
