json/gfs_20240726_00.json
{"header": { "discipline":0, "disciplineName":"Meteorological products", "gribEdition":2, "gribLength":79492, "center":7, "centerName":"US National Weather Service - NCEP(WMC)", "subcenter":0, "refTime":"2024-07-26T00:00:00.000Z", "significanceOfRT":1, "significanceOfRTName":"Start of forecast", "productStatus":0, "productStatusName":"Operational products", "productType":1, "productTypeName":"Forecast products", "productDefinitionTemplate":0, "productDefinitionTemplateName":"Analysis/forecast at horizontal level/layer at a point in time", "parameterCategory":2, "parameterCategoryName":"Momentum", "parameterNumber":3, "parameterNumberName":"V-component_of_wind", "parameterUnit":"m.s-1", "genProcessType":2, "genProcessTypeName":"Forecast", "forecastTime":0, "surface1Type":103, "surface1TypeName":"Specified height level above ground", "surface1Value":10.0, "surface2Type":255, "surface2TypeName":"Missing", "surface2Value":0.0, "gridDefinitionTemplate":0, "gridDefinitionTemplateName":"Latitude_Longitude", "numberPoints":65160, "shape":6, "shapeName":"Earth spherical with radius of 6,371,229.0 m", "gridUnits":"degrees", "resolution":48, "winds":"true", "scanMode":0, "nx":360, "ny":181, "basicAngle":0, "lo1":0.0, "la1":90.0, "lo2":359.0, "la2":-90.0, "dx":1.0, "dy":1.0 }, "data":
[rows 130 to 155 of 181, columns 174 to 231 of 360]
-2.2157714,-4.1957717,-1.0557715,-1.6157715,-2.0557716,0.7842285,3.5442286,5.0342283,6.2442284,7.7242284,8.094229,8.484228,9.004229,9.654228,10.294229,11.044229,12.044229,11.944228,12.244228,12.014229,10.594229,8.804229,6.8942285,6.1942286,5.3342285,4.4342284,4.3342285,4.7642283,4.1542287,3.3842285,2.8042285,2.5642285,1.7342285,1.7142285,2.1942284,1.6942285,1.4642285,1.0142285,-1.6357715,-3.8357716,-5.0757713,-5.0857716,-4.9957714,-5.5257716,-5.7857714,-6.5857716,-6.3957715,-6.2257714,-6.0557714,-5.8557715,-5.3657713,-4.9257717,-4.3657713,-3.7357714,-3.2057714,-2.5157714,-1.3257715,-3.1357715
-2.0457716,-4.6957717,-3.1257715,-5.3757715,-2.9857714,0.5342285,3.1442285,4.6942286,5.7642283,6.3542285,6.6642284,7.4242287,8.064228,9.564228,9.774228,11.094229,10.994228,12.544229,13.754229,12.8742285,12.654228,11.0842285,9.114228,6.8642287,6.1942286,4.1042285,3.5042286,3.0442286,3.6342285,2.9242284,2.4042284,1.9642285,1.3142285,1.6742285,2.1342285,-0.5957715,0.5142285,-0.94577146,-2.1457715,-3.0757716,-4.2857714,-4.6857715,-5.1557713,-5.4357715,-5.4857717,-5.9257717,-6.8257713,-7.3257713,-5.7857714,-5.7257714,-6.6157713,-5.5957713,-5.5657716,-5.7357717,-4.4157715,-3.2357714,-1.9457715,-2.2457714
0.39422852,-7.3457713,-6.9757714,-6.8357716,-3.7757714,0.29422852,2.2942286,3.1042285,5.0442286,6.5142283,7.8542285,7.8442287,8.944228,9.784228,10.694228,11.174229,11.904228,12.864228,13.194228,13.684229,12.144229,12.644229,10.494228,7.7542286,6.8042283,5.5442286,4.7642283,4.2842283,3.0542285,2.9042284,2.4442284,1.5342286,1.1442285,3.4342284,0.6142285,0.11422852,-1.5657715,-2.3857715,-2.5657716,-2.4257715,-3.4057715,-4.3257713,-5.0657716,-5.3657713,-5.3557715,-5.7957716,-5.9557714,-5.3657713,-5.0157714,-5.0457716,-6.2557716,-6.2157717,-6.2157717,-5.8657713,-4.9757714,-4.3757715,-6.2357717,-5.8657713
0.11422852,-8.105771,-7.4557714,-6.1057715,-3.2357714,0.3442285,2.9742286,3.5942285,4.7242284,5.4042287,6.3242283,7.7342286,9.104229,10.044229,11.344229,12.034228,13.1242285,13.284228,13.8342285,13.944228,10.274228,10.594229,10.514229,9.194228,8.094229,6.2942286,6.3542285,4.7542286,3.5842285,4.0042286,3.6642284,4.1142287,2.8842285,3.1842284,1.8142285,0.22422852,-1.3757715,-3.6557715,-3.1957715,-3.1657715,-2.9557714,-4.1357713,-4.7057714,-5.0357714,-4.9857717,-5.5057716,-6.6257715,-6.9057713,-7.0457716,-6.9557714,-6.4157715,-6.8357716,-6.8457713,-6.2857714,-5.5857716,-6.1757717,-5.8957715,-6.2257714
-5.5757713,-6.2857714,-5.8457713,-5.6457715,-3.1557715,1.1342285,2.3242285,3.1742284,4.2842283,5.8542285,6.5742283,7.2642283,9.114228,9.934229,10.634229,11.444228,12.764229,13.884229,14.504229,16.154228,11.234228,10.634229,10.184229,9.204228,7.4542284,7.6642284,6.7342286,6.9642286,4.8142285,4.5142283,4.2442284,4.5742283,3.1742284,4.0642285,3.0042286,0.5842285,-2.7857714,-5.2357717,-4.2757716,-4.1057715,-4.1857715,-4.5357714,-4.9057713,-5.2057714,-4.4257717,-4.3657713,-5.1157713,-6.4457717,-7.2657714,-7.6257715,-7.5357714,-7.6557713,-6.7557716,-6.3057714,-6.2257714,-6.6157713,-6.3957715,-6.6957717
-5.8957715,-6.1057715,-5.8657713,-4.5357714,-2.4857714,0.5442285,2.9342284,3.6542284,4.2242284,5.0042286,5.5642285,6.5442286,7.7242284,9.014229,10.1242285,11.094229,11.754229,13.444228,13.414228,14.254229,13.064228,11.504229,11.024228,10.894229,9.514229,9.444228,8.954228,8.434229,7.5342283,6.3142285,5.0042286,3.9542284,6.8942285,1.5542285,2.5442286,2.0042286,-0.7357715,-2.5057714,-2.9257715,-3.3457716,-3.9357715,-5.4357715,-6.4157715,-5.7757716,-6.1357713,-5.1457715,-5.4457717,-6.1457715,-6.3157716,-6.8857713,-8.735771,-6.6057715,-6.7857714,-6.4657717,-6.2457714,-7.1857715,-7.7857714,-7.2657714
-5.5957713,-5.6757717,-5.6057715,-4.4157715,-2.8657715,-0.2857715,2.2342286,3.2242286,4.6642284,5.1042285,6.6242285,6.5342283,7.7042284,8.404228,9.354229,10.774228,11.054229,12.664228,13.6242285,13.634229,14.3742285,12.454228,11.094229,10.954228,10.754229,10.104229,11.134229,9.754229,7.3642287,7.2042284,6.7142286,4.4442286,5.0342283,2.8542285,1.5442286,2.4942286,0.26422852,0.024228515,-1.3857715,-2.0157714,-3.2657714,-2.9857714,-3.0357714,-3.2457714,-5.8557715,-5.6757717,-4.6357713,-6.2957716,-9.305772,-8.105771,-7.9357715,-7.6657715,-7.0757713,-5.7857714,-6.9957714,-6.6757717,-6.2657714,-7.6557713
-7.4557714,-6.7157717,-6.6657715,-5.9157715,-4.7857714,-3.5257714,-0.5257715,2.6242285,3.8842285,4.8442287,6.5742283,5.7642283,7.0142283,7.5042286,8.974229,10.304229,11.864228,12.224229,13.704228,13.954228,13.454228,12.344229,11.8742285,11.004229,11.304229,10.404228,11.644229,11.014229,8.484228,8.1242285,7.1242285,4.7942286,4.6042285,3.3942285,2.9342284,2.7742286,2.3642285,1.7142285,0.9642285,-0.19577149,-1.8257715,-2.2857714,-3.5757716,-5.0457716,-5.4557714,-6.1857715,-4.9857717,-6.4457717,-7.4457717,-7.5357714,-6.9057713,-7.0357714,-6.7557716,-7.5957713,-8.275771,-6.3857713,-10.235771,-10.555772
-7.4757714,-7.4557714,-8.085772,-5.1457715,-4.5757713,-2.1857715,-1.1557715,-1.3157715,1.1342285,2.7242286,5.0742283,6.0542283,6.3742285,7.0542283,8.734228,9.964229,10.604229,11.704228,12.114228,12.994228,13.1242285,12.734228,12.204228,12.174229,11.414228,10.274228,10.8342285,10.404228,8.824228,8.814228,6.9842286,4.8142285,2.5342286,0.7242285,2.0642285,3.5642285,3.0242286,4.1042285,4.5342283,3.0842285,2.3842285,0.42422852,-4.6857715,-6.7057714,-8.235771,-8.055772,-6.9857717,-7.2557716,-7.5957713,-6.4157715,-5.5057716,-5.5057716,-6.7857714,-6.0857716,-6.5957713,-8.025771,-14.065771,-12.975772
-6.1457715,-7.5357714,-7.1057715,-7.2757716,-6.6457715,-4.2357717,-3.8857715,-2.0557716,-1.0157715,1.5042285,2.2642286,3.4442284,4.9142284,6.0942287,7.4542284,9.344229,9.824228,11.054229,12.164228,13.714229,13.824228,13.254229,11.784228,11.634229,11.404228,9.994228,10.244228,9.974229,8.824228,8.5842285,7.3942285,5.2642283,-0.93577147,1.1442285,0.9542285,2.4642286,3.9142284,5.6142287,6.3442287,5.4642286,5.8442287,3.9142284,-1.3957715,-4.9257717,-10.475772,-9.195771,-8.845772,-8.015772,-6.1857715,-5.6457715,-5.6557713,-5.9357715,-5.2057714,-5.0257716,-5.7757716,-10.555772,-12.585772,-12.185772
-7.4357715,-6.9057713,-6.9957714,-6.6757717,-6.3057714,-5.3257713,-4.6057715,-3.9757714,-2.3557715,0.9042285,0.56422853,1.6942285,3.1842284,5.2342286,6.7342286,7.8542285,8.8342285,10.484228,11.134229,13.594229,13.434229,13.074228,12.174229,11.294229,10.284228,9.324228,8.244228,9.564228,7.8542285,8.274228,6.0342283,3.2542286,1.4342285,0.9142285,1.4342285,2.5942285,5.0742283,6.6042285,5.2742286,8.184229,8.344229,9.704228,-1.0357715,-3.1657715,-5.4357715,-6.0857716,-6.1457715,-4.9957714,-5.4157715,-5.5657716,-5.1957717,-6.0457716,-6.4557714,-6.6357713,-6.1457715,-8.785771,-8.525771,-8.4157715
-6.9657717,-5.5457716,-6.0857716,-6.2857714,-6.4757714,-6.5857716,-5.7657714,-4.3257713,-3.3357716,-2.3457716,-0.7657715,0.014228515,2.1342285,3.8542285,5.8642287,7.0342283,9.004229,10.224229,11.444228,12.574228,13.674229,13.014229,12.014229,11.754229,9.904228,6.5142283,6.3742285,7.5542283,6.1342287,6.7442284,3.1842284,2.4742286,1.0842285,0.8542285,1.9842285,3.8842285,5.0342283,6.9242287,5.2042284,7.0342283,7.0642285,6.0642285,3.8542285,1.5042285,-0.56577146,-1.7357715,-1.1857715,-1.1057715,-3.5057714,-6.4157715,-6.2757716,-6.3657713,-6.9757714,-7.6357713,-7.8957715,-7.1557713,-7.8857713,-6.7157717
-6.3957715,-7.4657717,-6.4957714,-6.6357713,-7.5357714,-6.7557716,-5.9357715,-5.9357715,-4.3957715,-3.7057714,-3.6557715,-1.8757715,1.0342286,3.0442286,5.0042286,6.7242284,8.754229,9.904228,10.614228,12.294229,13.204228,12.514229,12.004229,11.8742285,9.644229,5.4142284,5.2642283,4.6342287,4.7642283,5.0742283,2.1542284,0.09422851,0.94422853,0.9642285,1.5342286,2.5642285,4.3442287,4.9142284,5.6542287,5.3542285,5.5842285,4.4142284,2.8942285,1.5442286,-0.5857715,-2.4557714,-0.69577146,0.15422851,-1.4957715,-3.8357716,-4.5257716,-6.0457716,-6.2357717,-6.6257715,-4.7457714,-3.8557715,-3.6157715,-5.0157714
-6.4457717,-7.0657716,-7.9157715,-8.035771,-8.315771,-7.5157714,-7.7357717,-6.5157714,-5.1857715,-4.8557715,-5.4857717,-2.7157714,-0.11577149,2.1442285,4.2542286,6.0042286,7.4342284,9.434229,10.304229,12.174229,12.674229,13.044229,12.914228,12.984228,8.634229,5.6342287,4.5242286,1.7342285,3.6542284,3.3042285,-0.45577148,-0.2857715,0.054228514,0.5942285,0.39422852,0.26422852,2.6942284,3.8542285,3.9842286,4.0942287,4.2642283,3.8842285,3.3242285,2.5242286,1.1742285,0.09422851,-0.42577147,-0.5457715,-0.13577148,-0.32577148,-1.8257715,-2.4557714,-2.7157714,-3.4257715,-3.6857715,-3.8457716,-3.1057715,-2.9357715
-7.3557715,-8.495771,-9.3757715,-9.085772,-8.645771,-9.095772,-7.9057713,-5.4357715,-5.0557714,-6.8757715,-6.1457715,-3.8057716,-1.3057715,1.1342285,2.8342285,4.9142284,6.6542287,7.9142284,9.864228,11.054229,12.3342285,12.524228,12.644229,13.014229,9.234228,4.6242285,4.3242283,-1.3657715,1.2742286,0.68422854,-1.6057715,-2.0757716,-0.81577146,0.09422851,0.2842285,0.68422854,1.3842285,2.8142285,3.3442285,3.7742286,3.3842285,1.7042285,2.1642284,2.1342285,1.9942285,0.8542285,0.07422852,-0.41577148,-0.39577147,-0.56577146,-0.80577147,-0.81577146,-1.1357715,-1.4257715,-2.4557714,-2.2057714,-2.1457715,-2.4557714
-10.435772,-11.105771,-10.735771,-10.145771,-10.215772,-10.4157715,-9.3757715,-6.1457715,-6.0257716,-8.345772,-6.6857715,-4.6157713,-2.0157714,0.07422852,1.8242285,4.1742287,6.1342287,7.6142287,8.694228,10.004229,10.284228,10.604229,10.344229,11.434229,10.944228,4.2842283,3.3342285,-1.2857715,0.33422852,-0.7757715,-2.1457715,-2.0757716,-1.7157714,-1.7057714,-1.0857714,-0.11577149,0.4342285,0.80422854,1.8542285,2.8042285,2.3142285,1.2242285,0.68422854,0.87422854,1.1842285,1.2642285,0.0042285156,-1.2857715,-0.50577146,-0.8557715,-1.1757715,-1.4157715,-0.87577146,-0.87577146,-2.2857714,-2.8257716,-2.8857715,-2.3357716
-13.205771,-13.135772,-12.555772,-11.645771,-11.545772,-10.055772,-9.215772,-6.3857713,-9.035771,-8.935772,-7.4557714,-5.4057713,-2.8257716,-0.7257715,1.6242285,4.0742283,5.7042284,7.3542285,8.3742285,9.294229,10.244228,10.044229,9.284228,8.474229,9.474229,4.8042283,2.2042284,-2.9057715,-2.4257715,-3.2657714,-2.8657715,-2.1857715,-3.2357714,-3.2257714,-2.3257716,-1.6657715,-0.9657715,-0.11577149,0.024228515,-0.005771484,0.17422852,0.18422851,0.034228515,0.054228514,-0.5357715,-1.4357715,-1.8957715,-2.4757714,-2.6057715,-3.0157714,-2.8757715,-2.8257716,-3.6057715,-4.4057713,-3.3457716,-3.1857715,-2.5357714,-1.7357715
-13.965772,-14.3757715,-13.385772,-12.805772,-11.505772,-10.565771,-9.095772,-9.045772,-10.715772,-9.735771,-8.485771,-6.0257716,-3.3357716,-0.75577146,1.9842285,3.2342286,5.4842286,6.6842284,7.3442287,8.594229,8.994228,8.234228,7.5642285,6.5942287,7.6142287,7.0542283,1.1042285,-0.8557715,-3.4157715,-4.5457716,-4.4357715,-4.6257715,-4.1857715,-3.3757715,-4.3057714,-3.0157714,-3.0057714,-2.3357716,-1.6657715,-1.8357714,-1.4957715,-0.6457715,-0.7057715,-1.0457715,-0.93577147,-1.5857714,-2.4457715,-2.6157715,-2.9657714,-3.4657714,-4.9057713,-3.8957715,-3.7157714,-4.2357717,-3.5557716,-3.6457715,-3.1057715,-3.0357714
-14.895771,-14.1657715,-13.455771,-12.405771,-11.535771,-10.6257715,-10.335772,-11.495771,-11.135772,-10.475772,-8.3757715,-5.7357717,-3.0757716,-0.9657715,1.0042285,2.6242285,4.6742287,6.0942287,6.7042284,7.3942285,8.034228,6.9642286,5.6842284,4.4242287,4.3042283,6.0042286,0.21422851,-1.5157715,-3.7257714,-4.1357713,-5.3057714,-4.9657717,-5.7757716,-5.0657716,-5.6757717,-5.8057714,-4.7757716,-3.8057716,-3.9357715,-3.4057715,-3.2057714,-2.9557714,-2.2357714,-2.3057716,-2.1257715,-2.7057714,-2.9457715,-3.6257715,-4.5257716,-4.8957715,-4.8957715,-5.6457715,-4.7157717,-4.7657714,-4.1957717,-3.9657714,-3.2657714,-2.4157715
-12.925772,-12.685772,-11.815771,-11.605771,-11.275771,-11.1257715,-11.515772,-12.305772,-11.985771,-10.535771,-8.495771,-6.4157715,-3.6957715,-1.5557715,0.8542285,3.3342285,4.7642283,5.7742286,6.4942284,6.5342283,6.8142285,5.6642284,4.0142283,1.4742285,0.8542285,2.5642285,1.0542285,-3.6157715,-4.4457717,-5.1057715,-5.5157714,-5.8357716,-5.0957713,-6.2657714,-6.4857717,-6.9357715,-6.6057715,-5.6457715,-4.9057713,-4.5057716,-4.4757714,-3.9057715,-3.8057716,-4.0457716,-4.6257715,-5.5257716,-5.8957715,-5.8157716,-6.3257713,-5.6557713,-6.4457717,-6.3357716,-5.5857716,-4.8957715,-4.1557713,-3.3057716,-2.7257714,-1.3457714
-10.785771,-11.055772,-11.325771,-11.425772,-11.755772,-11.935772,-12.765772,-12.695771,-11.755772,-10.195771,-8.495771,-6.0857716,-3.3157716,-0.8557715,1.8242285,3.1642284,4.8542285,5.4642286,6.0842285,6.3342285,6.1742287,5.1542287,3.1942284,-0.3457715,-1.7457715,0.18422851,0.5242285,-4.3757715,-5.4057713,-4.6557713,-5.6457715,-6.2957716,-6.7457714,-7.0957713,-6.9857717,-6.8557715,-6.8157716,-6.6357713,-5.8557715,-5.4457717,-4.9057713,-4.7657714,-5.8157716,-6.4157715,-7.5957713,-8.195771,-7.9757714,-8.085772,-7.7957716,-7.9357715,-7.4657717,-6.9057713,-6.3757715,-5.3457713,-4.2257714,-3.4457715,-2.1857715,-0.9157715
-7.2657714,-9.515772,-10.425772,-10.9157715,-11.995771,-12.925772,-13.465772,-13.305772,-11.215772,-9.515772,-7.3057714,-5.1457715,-3.0457716,-0.24577148,1.5442286,3.7542286,5.0642285,6.1442285,5.9442286,5.8742285,5.3342285,5.5542283,1.5542285,-1.9457715,-4.0357714,-2.0357714,-0.7757715,-4.7657714,-6.3757715,-6.5757713,-7.1157713,-7.1557713,-7.6157713,-7.3757715,-7.6557713,-7.1657715,-6.9157715,-6.7857714,-6.7057714,-6.1857715,-6.2857714,-6.5457716,-7.2857714,-8.805772,-9.485771,-9.685772,-9.515772,-9.3757715,-9.305772,-8.935772,-8.325771,-7.1957717,-6.0957713,-5.1057715,-4.2357717,-3.4557714,-2.0257714,-0.55577147
1.6742285,-1.7957715,-9.005772,-10.325771,-12.955771,-14.135772,-13.455771,-11.495771,-9.9157715,-8.355771,-6.8157716,-4.9757714,-2.9757714,-0.2757715,2.1042285,4.2842283,5.3842287,6.0742283,6.5742283,6.1442285,5.1442285,5.6342287,2.3942285,-3.6357715,-3.8157716,-2.4657714,-1.6357715,-5.2057714,-6.6857715,-7.7557716,-7.8957715,-6.8957715,-6.1257715,-6.1057715,-6.5257716,-6.8457713,-6.0557714,-6.5757713,-5.8257713,-7.1357713,-7.3457713,-8.155771,-9.1657715,-10.185772,-10.705771,-10.725772,-10.995771,-10.975772,-10.435772,-9.6257715,-8.635772,-7.4357715,-6.4657717,-5.5857716,-4.7657714,-3.8157716,-2.5157714,-0.7257715
-1.1157715,-1.7057714,-6.9357715,-9.8757715,-11.685772,-11.585772,-10.285771,-9.905771,-9.065771,-7.5357714,-6.3257713,-4.7457714,-2.1057715,0.44422853,2.2342286,3.4342284,4.9742284,5.6742287,6.7642283,6.3242283,5.6842284,5.0742283,2.3242285,-2.6557715,-2.5457716,-3.1357715,-3.2957716,-4.6857715,-5.8257713,-6.2657714,-6.7757716,-7.0057716,-7.1557713,-6.9657717,-7.0857716,-7.3357716,-6.7557716,-6.3857713,-6.5457716,-6.6857715,-8.9157715,-8.735771,-10.695771,-11.8757715,-12.075771,-11.885772,-11.695771,-11.355771,-10.955771,-10.1257715,-9.1657715,-8.535771,-7.3457713,-5.7957716,-4.6657715,-3.5357714,-2.5357714,-1.2157714
-1.7657715,-3.6157715,-10.645771,-11.8757715,-10.275771,-9.9157715,-9.255772,-7.2557716,-7.6057715,-6.5257716,-4.2757716,-3.8557715,-1.4457715,0.5442285,1.3542285,3.2142286,3.2842286,4.1742287,4.5742283,4.5742283,4.2842283,4.0942287,3.2142286,1.8942285,-3.2257714,-3.2757714,-3.8857715,-5.4157715,-5.9657717,-6.2457714,-6.4557714,-7.0057716,-7.2557716,-7.4357715,-7.5257716,-7.4457717,-7.1757717,-7.1457715,-7.3357716,-7.9157715,-8.685772,-10.075771,-10.765772,-11.155771,-11.385772,-11.985771,-11.995771,-11.545772,-11.305772,-10.605771,-9.615771,-8.655771,-7.1957717,-6.4757714,-5.1457715,-3.6957715,-2.1657715,-0.69577146
-5.5457716,-7.5957713,-8.195771,-7.9657717,-7.9157715,-6.9757714,-5.6557713,-5.1757717,-4.4457717,-4.5557714,-3.0857716,-2.7357714,-1.0357715,0.38422853,1.1442285,1.7542285,2.0142286,3.5142286,4.4942284,4.6442285,4.8642287,4.6942286,4.2742286,2.9042284,0.6542285,-3.9057715,-4.2657714,-3.9357715,-4.5857716,-5.4957714,-6.1657715,-7.0557714,-6.8057714,-6.8857713,-7.0957713,-7.2457714,-7.2457714,-7.3357716,-7.5857716,-8.785771,-9.825771,-10.845772,-11.595772,-12.085772,-11.795772,-11.815771,-10.395771,-10.455771,-11.255772,-10.195771,-9.685772,-8.8757715,-6.5157714,-6.0157714,-4.8857713,-3.4957714,-1.7157714,-0.07577148
