json/gfs_20240722_06.json
{"header": { "discipline":0, "disciplineName":"Meteorological products", "gribEdition":2, "gribLength":79256, "center":7, "centerName":"US National Weather Service - NCEP(WMC)", "subcenter":0, "refTime":"2024-07-22T06:00:00.000Z", "significanceOfRT":1, "significanceOfRTName":"Start of forecast", "productStatus":0, "productStatusName":"Operational products", "productType":1, "productTypeName":"Forecast products", "productDefinitionTemplate":0, "productDefinitionTemplateName":"Analysis/forecast at horizontal level/layer at a point in time", "parameterCategory":2, "parameterCategoryName":"Momentum", "parameterNumber":2, "parameterNumberName":"U-component_of_wind", "parameterUnit":"m.s-1", "genProcessType":2, "genProcessTypeName":"Forecast", "forecastTime":0, "surface1Type":103, "surface1TypeName":"Specified height level above ground", "surface1Value":10.0, "surface2Type":255, "surface2TypeName":"Missing", "surface2Value":0.0, "gridDefinitionTemplate":0, "gridDefinitionTemplateName":"Latitude_Longitude", "numberPoints":65160, "shape":6, "shapeName":"Earth spherical with radius of 6,371,229.0 m", "gridUnits":"degrees", "resolution":48, "winds":"true", "scanMode":0, "nx":360, "ny":181, "basicAngle":0, "lo1":0.0, "la1":90.0, "lo2":359.0, "la2":-90.0, "dx":1.0, "dy":1.0 }, "data":
[rows 104 to 129 of 181, columns 58 to 115 of 360]
-8.868357,-9.988357,-7.678357,-9.428357,-9.888357,-8.508357,-8.998357,-7.8483567,-6.788357,-7.508357,-8.148357,-7.678357,-8.718357,-9.468357,-8.5683565,-8.408357,-8.728357,-9.328357,-9.678357,-9.118357,-8.028357,-8.548357,-8.168357,-7.8283567,-8.268357,-8.3183565,-7.228357,-7.188357,-7.048357,-6.528357,-5.808357,-4.938357,-5.8483567,-6.958357,-6.8483567,-6.548357,-7.338357,-7.628357,-8.118357,-7.718357,-7.158357,-7.748357,-8.428357,-8.658357,-8.618357,-8.518357,-8.958357,-8.128357,-7.038357,-6.698357,-6.278357,-5.668357,-5.958357,-6.058357,-5.818357,-5.648357,-3.828357,-4.748357
-9.558357,-9.598357,-8.168357,-9.588357,-9.238357,-9.278357,-9.728357,-8.768357,-8.658357,-8.218357,-8.008357,-7.698357,-7.438357,-8.998357,-8.198357,-8.158357,-8.958357,-9.178357,-9.698357,-9.408357,-9.118357,-8.468357,-7.498357,-7.308357,-7.818357,-7.718357,-7.858357,-7.5783567,-7.548357,-6.988357,-6.188357,-4.908357,-5.308357,-6.888357,-6.658357,-5.8683567,-7.308357,-6.218357,-6.498357,-6.958357,-7.298357,-7.6183567,-7.6183567,-7.8283567,-8.118357,-8.118357,-8.218357,-7.878357,-7.028357,-6.488357,-5.908357,-6.028357,-6.048357,-5.818357,-5.608357,-5.058357,-4.888357,-4.258357
-9.298357,-8.898357,-8.858356,-8.358356,-8.518357,-9.078357,-9.128357,-9.338357,-8.668357,-9.008357,-8.448357,-8.388357,-7.658357,-8.118357,-8.488357,-8.678357,-8.538357,-8.618357,-8.808357,-9.128357,-9.038357,-8.708357,-8.078357,-7.3283567,-6.958357,-7.228357,-7.028357,-8.018357,-8.048357,-7.508357,-6.698357,-5.478357,-3.928357,-3.118357,-3.768357,-4.938357,-4.358357,-5.068357,-5.188357,-6.508357,-6.818357,-7.458357,-7.8283567,-7.928357,-7.788357,-7.478357,-7.238357,-6.728357,-6.518357,-6.5783567,-5.3283567,-5.5983567,-5.768357,-4.988357,-5.068357,-4.758357,-4.998357,-5.058357
-7.508357,-8.638357,-9.598357,-8.658357,-8.538357,-8.538357,-8.938357,-8.698357,-8.708357,-8.178357,-8.298357,-7.8283567,-8.648357,-8.018357,-8.138357,-8.398357,-8.778357,-9.138357,-8.838357,-8.688357,-8.658357,-8.618357,-8.228357,-7.398357,-6.8483567,-6.448357,-6.998357,-6.948357,-7.378357,-6.738357,-6.468357,-5.808357,-4.858357,-2.9383569,-0.9083569,-3.118357,-3.048357,-2.9383569,-4.158357,-5.3483567,-6.398357,-6.838357,-7.3683567,-7.408357,-6.8483567,-6.318357,-5.528357,-5.938357,-5.788357,-5.568357,-5.148357,-4.058357,-4.318357,-5.608357,-4.438357,-4.818357,-5.128357,-5.818357
-6.8483567,-7.428357,-7.668357,-7.508357,-7.588357,-7.758357,-8.328357,-8.558357,-8.368357,-8.448357,-8.078357,-8.408357,-7.928357,-8.098357,-8.048357,-8.288357,-8.448357,-8.448357,-8.348357,-8.278357,-8.218357,-7.878357,-8.058357,-7.388357,-7.088357,-6.378357,-5.948357,-6.218357,-6.008357,-5.718357,-5.438357,-4.978357,-4.068357,-3.2383568,-2.4583569,-1.2683569,-1.228357,-2.418357,-3.7383568,-4.148357,-5.398357,-6.698357,-6.548357,-6.218357,-6.038357,-5.538357,-5.558357,-4.248357,-4.088357,-4.478357,-5.178357,-3.4483569,-2.848357,-5.278357,-5.588357,-5.258357,-5.798357,-5.798357
-5.798357,-7.338357,-7.8483567,-7.3683567,-6.8283567,-6.648357,-6.958357,-7.988357,-7.838357,-7.388357,-7.708357,-7.968357,-7.748357,-7.728357,-7.638357,-7.478357,-7.498357,-7.528357,-7.468357,-7.488357,-7.538357,-7.548357,-7.3283567,-7.198357,-6.588357,-6.3283567,-5.698357,-5.178357,-4.838357,-4.398357,-4.248357,-3.4583569,-3.038357,-1.6483569,-1.6783569,-0.73835695,-1.2783569,-2.108357,-2.9883568,-3.398357,-4.898357,-4.928357,-6.248357,-4.668357,-4.748357,-4.468357,-4.338357,-3.2283568,-2.528357,-2.108357,-3.138357,-2.668357,-2.7383568,-3.848357,-5.538357,-5.088357,-5.198357,-5.398357
-5.448357,-6.058357,-6.648357,-6.158357,-6.438357,-6.678357,-5.758357,-6.038357,-6.878357,-6.838357,-7.128357,-7.108357,-7.278357,-7.438357,-7.608357,-7.388357,-7.308357,-6.948357,-6.548357,-6.228357,-6.008357,-6.108357,-5.958357,-5.938357,-5.708357,-5.3283567,-4.628357,-3.818357,-3.4383569,-2.928357,-2.348357,-2.028357,-1.358357,-0.74835694,-0.5183569,-0.31835693,0.011643066,-0.24835694,-0.43835694,-1.3783569,-3.088357,-4.378357,-4.588357,-3.508357,-3.398357,-3.048357,-2.848357,-2.6983569,-1.568357,-0.56835693,-0.46835694,-1.238357,-1.838357,-2.4683568,-3.1883569,-4.528357,-5.648357,-5.228357
-4.288357,-5.088357,-5.458357,-5.058357,-4.768357,-5.438357,-5.3683567,-5.268357,-4.838357,-5.778357,-5.558357,-5.548357,-5.658357,-5.518357,-5.608357,-5.738357,-6.988357,-7.138357,-6.808357,-5.798357,-5.778357,-5.718357,-4.448357,-4.318357,-4.408357,-3.768357,-3.308357,-2.918357,-2.598357,-2.2083569,-1.4083569,-1.1283569,-0.19835693,0.6116431,0.62164307,0.20164306,1.161643,1.761643,1.5616431,0.07164307,-1.7483569,-2.058357,-2.568357,-1.6583569,-2.148357,-2.658357,-2.1883569,-2.258357,0.07164307,0.64164305,1.4816431,1.4916431,0.83164304,-0.6983569,-0.8983569,-3.578357,-4.498357,-3.6883569
-3.4583569,-3.4783568,-3.4683568,-3.368357,-3.288357,-4.318357,-5.0783567,-4.858357,-4.128357,-3.808357,-3.578357,-3.7283568,-4.668357,-5.138357,-5.5983567,-6.448357,-6.058357,-5.748357,-5.168357,-4.518357,-4.268357,-3.828357,-3.9583569,-4.758357,-3.828357,-3.2283568,-2.258357,-1.488357,-0.47835693,0.11164307,0.091643065,0.11164307,0.6116431,1.411643,1.161643,0.46164307,0.7316431,1.3316431,2.0316432,2.151643,-0.028356934,-0.53835696,-0.19835693,0.14164306,0.08164307,-1.6783569,-0.78835696,0.11164307,0.8016431,1.9616431,2.161643,2.471643,2.851643,3.0616431,1.911643,-2.168357,-2.038357,0.18164307
-2.7283568,-2.7483568,-1.8783569,-1.958357,-2.4883568,-3.648357,-4.468357,-4.468357,-4.268357,-2.4983568,-3.628357,-4.648357,-5.448357,-5.508357,-5.468357,-5.198357,-4.548357,-4.928357,-4.928357,-4.738357,-4.778357,-4.408357,-4.308357,-4.678357,-4.168357,-3.868357,-2.568357,-2.158357,-3.428357,-1.858357,0.21164307,1.9616431,1.7016431,1.661643,2.661643,1.8516431,1.0816431,2.851643,4.041643,2.921643,2.171643,2.0016432,1.6216431,1.411643,1.171643,1.8416431,1.291643,1.6916431,2.651643,3.381643,3.841643,3.711643,3.231643,5.021643,4.8816433,0.48164308,1.6116431,1.4416431
-2.308357,-1.818357,-1.728357,-2.008357,-1.3983569,-2.768357,-2.328357,-2.9883568,-2.7383568,-3.068357,-3.128357,-3.2483568,-3.4783568,-3.758357,-4.168357,-4.698357,-4.778357,-4.138357,-3.858357,-4.248357,-4.5983567,-4.768357,-4.8283567,-4.588357,-3.088357,-2.518357,-1.738357,-0.99835694,-1.1483569,-0.5283569,0.12164307,-0.09835693,2.741643,2.491643,3.231643,3.931643,3.5216432,2.8116431,3.621643,3.461643,4.391643,3.651643,3.581643,3.221643,3.2816432,4.721643,4.091643,3.891643,4.801643,5.861643,6.121643,5.821643,4.611643,4.971643,3.661643,2.971643,3.331643,1.931643
0.26164305,-0.22835693,-0.27835694,-0.62835693,-1.2983569,-1.1583569,-0.74835694,-0.9483569,-0.7783569,-0.67835695,-0.9583569,-1.448357,-1.108357,-1.5283569,-4.428357,-4.788357,-4.228357,-4.158357,-3.828357,-3.9883568,-4.228357,-4.0783567,-3.028357,-3.158357,-3.2083569,-1.9983569,-1.0083569,-1.2883569,-1.078357,-0.26835692,0.23164307,0.25164306,-0.18835694,1.1116431,2.2716432,3.851643,3.951643,3.881643,3.441643,2.7816432,3.0516431,5.091643,3.661643,3.2716432,4.471643,4.3816433,4.961643,5.121643,6.031643,8.271643,8.261643,6.391643,5.6316433,4.941643,4.451643,3.321643,3.981643,3.0416431
2.701643,2.361643,1.791643,1.421643,1.6016431,1.8116431,1.2216431,1.2416431,1.6916431,1.4716431,1.011643,-2.068357,-0.41835693,-1.6783569,-4.638357,-4.208357,-4.6183567,-3.2383568,-3.548357,-3.4383569,-3.9783568,-3.588357,-2.518357,-2.2183568,-2.4483569,-0.93835694,-0.79835695,-1.078357,-1.4083569,-1.2883569,-2.1983569,-1.238357,0.75164306,1.911643,0.64164305,0.8416431,2.711643,4.941643,5.301643,5.841643,5.811643,4.251643,6.4016433,6.681643,5.801643,6.521643,6.441643,5.9016433,6.411643,8.171643,9.241643,7.121643,5.681643,5.601643,4.061643,3.0316432,3.7916431,1.631643
5.1316433,4.621643,4.741643,4.011643,3.461643,3.081643,3.361643,3.181643,3.391643,2.461643,1.5916431,-1.968357,-5.038357,-4.698357,-5.758357,-4.8483567,-3.838357,-3.298357,-3.278357,-4.008357,-4.388357,-3.298357,-2.168357,-1.818357,-2.2383568,-1.4283569,-1.5383569,-2.2183568,-1.818357,-2.008357,-0.66835696,-0.6583569,0.94164306,1.381643,0.9916431,0.5416431,1.3316431,0.58164304,4.301643,7.111643,7.6516433,7.341643,7.321643,7.581643,8.991643,8.991643,7.411643,5.581643,7.391643,8.361643,8.731643,9.531643,7.001643,4.961643,5.211643,2.691643,2.5516431,2.201643
5.761643,6.3816433,7.191643,6.061643,5.541643,4.571643,4.431643,4.601643,3.921643,2.161643,-2.2283568,-2.4683568,-4.898357,-3.7383568,-4.088357,-2.038357,-3.098357,-3.4583569,-3.1983569,-3.108357,-4.318357,-5.188357,-3.9983568,-3.328357,-2.118357,-1.468357,-2.7083569,-3.508357,-3.598357,-2.088357,-1.4283569,-0.46835694,1.051643,1.3316431,1.931643,2.621643,1.9716431,2.0616431,2.431643,3.351643,4.321643,9.101643,7.641643,8.481643,9.691643,9.441643,8.991643,5.971643,6.741643,8.321643,10.171643,10.731643,7.871643,6.911643,4.001643,1.8316431,2.951643,5.181643
7.291643,7.051643,7.541643,7.871643,7.321643,4.891643,5.261643,4.681643,4.6516433,1.911643,-0.35835692,-0.7783569,-2.798357,-1.6483569,-2.878357,-3.4883568,-3.2283568,-3.108357,-3.178357,-4.448357,-4.278357,-3.9583569,-2.778357,-1.348357,-0.12835693,-0.06835693,-0.0083569335,-1.868357,-1.608357,-2.048357,-1.958357,-0.7683569,0.0016430664,-0.32835692,-0.038356934,0.7316431,3.341643,1.6016431,2.571643,2.981643,2.141643,-0.84835696,-0.80835694,2.161643,6.551643,7.831643,7.8816433,5.761643,7.181643,8.491643,9.611643,10.241643,6.3816433,5.4216433,3.661643,3.851643,1.9616431,3.481643
7.6516433,8.651643,8.321643,7.081643,7.971643,6.291643,4.641643,4.4216433,4.211643,1.801643,-0.74835694,0.34164307,-2.088357,-2.538357,-3.138357,-3.6883569,-1.8883569,-4.3483567,-4.668357,-4.408357,-4.8683567,-4.048357,-3.528357,-3.7283568,-2.398357,-3.128357,-2.9883568,-2.7383568,-2.178357,-1.348357,-2.1983569,-1.988357,-1.738357,-0.81835693,0.32164305,0.7316431,0.43164307,1.411643,1.921643,1.9616431,1.8216431,0.9816431,1.631643,1.411643,2.441643,5.071643,7.331643,7.561643,8.171643,8.031643,9.121643,10.351643,6.6716433,4.201643,5.021643,4.221643,4.951643,2.821643
9.221643,9.4316435,9.261643,8.411643,8.341643,8.671643,5.461643,3.921643,2.941643,-0.47835693,-1.1483569,-2.858357,-2.588357,-4.3483567,-1.7783569,-3.018357,-5.318357,-4.268357,-2.9383569,-4.538357,-4.278357,-4.568357,-4.8483567,-4.698357,-6.048357,-6.068357,-4.038357,-2.798357,-3.318357,-3.418357,-3.828357,-4.3483567,-3.9983568,-2.048357,-1.0183569,-0.8283569,0.11164307,0.0016430664,1.4616431,2.2616432,2.851643,2.691643,2.0616431,2.941643,3.141643,3.081643,2.921643,7.1516433,9.441643,8.551643,8.591643,7.031643,10.261643,5.4016433,7.641643,6.841643,7.061643,4.621643
7.561643,9.291643,9.761643,10.011643,8.131643,8.001643,7.231643,3.171643,1.921643,-0.16835694,-0.41835693,-3.578357,-1.488357,-1.198357,-2.078357,-4.608357,-4.088357,-3.148357,-3.058357,-4.778357,-4.388357,-5.538357,-5.8283567,-6.958357,-7.188357,-7.028357,-6.478357,-6.108357,-5.448357,-5.938357,-4.928357,-4.3683567,-3.348357,-2.408357,-3.838357,-3.9583569,-3.6883569,-2.4683568,-1.818357,-0.79835695,-0.68835694,0.63164306,2.461643,3.0116432,3.141643,3.5616431,3.381643,3.471643,4.441643,10.611643,9.781643,8.691643,9.141644,7.471643,7.601643,9.381643,9.131643,8.821643
4.511643,3.401643,6.011643,7.6316433,6.341643,7.181643,6.891643,2.8016431,0.51164305,0.7816431,-1.5383569,-1.608357,-1.1783569,-2.048357,-4.438357,-6.5983567,-2.568357,-2.528357,-2.808357,-4.358357,-4.218357,-6.538357,-5.668357,-5.778357,-6.188357,-6.168357,-6.228357,-6.178357,-5.028357,-4.3683567,-3.9383569,-3.628357,-3.578357,-2.268357,-2.2183568,-3.138357,-2.4383569,-1.7483569,-0.6983569,-0.39835694,-1.368357,0.21164307,1.4416431,0.42164308,0.37164307,1.181643,2.591643,4.301643,4.071643,4.391643,8.261643,7.801643,7.801643,8.661643,10.601643,10.211643,9.701643,10.421643
2.8016431,2.201643,2.861643,-2.868357,-1.4983569,0.34164307,3.8116431,-1.458357,-2.578357,-1.708357,-1.578357,-2.028357,-3.358357,-3.098357,-3.2283568,-3.158357,-1.728357,-2.2283568,-2.918357,-2.838357,-4.738357,-4.498357,-4.738357,-4.918357,-4.658357,-4.178357,-4.798357,-4.3283567,-4.148357,-3.758357,-3.668357,-3.7083569,-3.098357,-2.4383569,-2.668357,-0.78835696,-1.5483569,-0.62835693,0.57164305,-0.088356934,1.6016431,1.4716431,3.141643,2.2616432,2.0016432,2.191643,3.3016431,3.2616432,2.2516432,2.911643,2.581643,6.751643,8.551643,11.081643,9.191643,9.761643,12.061643,9.491643
3.2616432,2.5416431,2.241643,2.991643,3.0216432,1.8116431,2.351643,0.44164306,0.36164308,-2.328357,-2.058357,-2.288357,-3.588357,-2.058357,-3.9683568,-0.72835696,-0.31835693,-1.568357,-2.168357,-2.4583569,-1.358357,-2.618357,-1.238357,-2.2183568,-2.658357,-1.8083569,-2.128357,-2.378357,-3.818357,-2.9583569,-1.958357,-1.328357,-0.6383569,0.0016430664,0.5416431,1.1216431,1.3316431,2.0416431,3.0416431,1.4816431,2.871643,4.111643,3.871643,3.581643,3.7916431,4.271643,4.611643,3.371643,3.5616431,3.7816432,3.851643,3.991643,4.321643,8.401643,10.121643,10.311643,12.6816435,14.251643
4.861643,6.251643,2.441643,2.851643,2.691643,0.70164305,-1.8083569,-0.79835695,-1.6483569,-2.9383569,-1.348357,-1.468357,-1.3083569,-1.7583569,-1.468357,0.52164304,0.68164307,-0.048356935,-0.40835693,-1.108357,-1.0183569,-0.28835693,0.29164305,-0.21835694,-1.0483569,0.07164307,-0.60835695,-0.8283569,-0.32835692,-0.5283569,1.2116431,2.0116432,2.671643,2.201643,2.891643,3.241643,3.231643,3.361643,5.231643,4.531643,5.061643,4.821643,4.471643,6.181643,4.9016433,5.801643,6.331643,5.3816433,6.9216433,6.141643,5.551643,7.511643,7.8816433,7.931643,6.291643,6.561643,9.071643,11.471643
3.911643,5.041643,2.461643,3.201643,2.841643,-0.118356936,-0.55835694,-0.058356933,-0.62835693,-0.9683569,-1.698357,-0.7183569,-1.4983569,-0.13835694,0.32164305,1.3516431,1.681643,1.3516431,1.4416431,0.81164306,1.0616431,0.62164307,1.411643,2.0416431,1.401643,3.0616431,2.911643,2.081643,2.201643,2.131643,2.5416431,3.381643,3.611643,3.331643,3.7916431,3.221643,3.611643,4.661643,4.621643,4.501643,5.321643,5.781643,6.591643,7.9016433,7.551643,8.661643,8.521643,8.621643,7.8816433,8.611643,7.781643,8.911643,6.471643,5.841643,6.101643,7.811643,7.941643,7.9216433
3.571643,3.951643,4.851643,3.0116432,3.231643,0.68164307,1.1216431,1.3316431,1.421643,0.38164306,0.56164306,0.07164307,-0.49835694,1.3316431,1.881643,2.901643,3.601643,3.0416431,2.2616432,3.371643,3.621643,3.431643,3.641643,3.931643,5.021643,4.9216433,3.7716432,3.871643,3.861643,3.5516431,3.941643,4.501643,4.221643,4.751643,4.941643,4.8816433,4.541643,5.371643,5.601643,5.691643,6.871643,6.371643,7.411643,7.961643,7.201643,7.851643,9.831643,9.691643,10.201643,10.411643,10.021643,10.201643,8.581643,8.231643,9.331643,9.131643,8.141644,8.701643
1.9516431,2.7816432,5.561643,4.531643,3.611643,2.091643,2.0616431,2.741643,3.371643,2.221643,1.9516431,1.391643,1.4816431,2.341643,3.411643,4.521643,5.751643,4.841643,3.971643,5.221643,5.611643,5.551643,5.751643,5.961643,6.041643,6.511643,5.041643,5.851643,5.511643,4.841643,5.081643,4.861643,4.231643,4.911643,4.941643,5.741643,6.001643,6.621643,6.591643,6.461643,6.841643,7.6516433,8.251643,8.081643,8.531643,9.321643,9.561643,10.351643,10.651643,10.331643,11.231643,10.731643,11.811643,11.9316435,11.011643,9.991643,11.401643,11.081643
