json/gfs_20240721_00.json
{"header": { "discipline":0, "disciplineName":"Meteorological products", "gribEdition":2, "gribLength":79662, "center":7, "centerName":"US National Weather Service - NCEP(WMC)", "subcenter":0, "refTime":"2024-07-21T00:00:00.000Z", "significanceOfRT":1, "significanceOfRTName":"Start of forecast", "productStatus":0, "productStatusName":"Operational products", "productType":1, "productTypeName":"Forecast products", "productDefinitionTemplate":0, "productDefinitionTemplateName":"Analysis/forecast at horizontal level/layer at a point in time", "parameterCategory":2, "parameterCategoryName":"Momentum", "parameterNumber":3, "parameterNumberName":"V-component_of_wind", "parameterUnit":"m.s-1", "genProcessType":2, "genProcessTypeName":"Forecast", "forecastTime":0, "surface1Type":103, "surface1TypeName":"Specified height level above ground", "surface1Value":10.0, "surface2Type":255, "surface2TypeName":"Missing", "surface2Value":0.0, "gridDefinitionTemplate":0, "gridDefinitionTemplateName":"Latitude_Longitude", "numberPoints":65160, "shape":6, "shapeName":"Earth spherical with radius of 6,371,229.0 m", "gridUnits":"degrees", "resolution":48, "winds":"true", "scanMode":0, "nx":360, "ny":181, "basicAngle":0, "lo1":0.0, "la1":90.0, "lo2":359.0, "la2":-90.0, "dx":1.0, "dy":1.0 }, "data":
[rows 52 to 77 of 181, columns 236 to 294 of 360]
-11.715202,-11.2652025,3.3647974,-1.2452027,2.3147974,2.0347974,0.14479737,3.2447975,3.3547974,-5.2952027,-5.0252028,-5.2652025,1.2747973,-2.0552027,-7.0452027,-4.1152024,-0.58520263,-2.3252027,4.0647974,2.3947973,0.26479736,-1.2352027,-5.0952024,-2.5852027,-6.945203,-3.5552027,-1.8152026,0.054797363,-0.29520264,-1.3252026,-1.9552026,-2.3252027,-2.7252026,-2.1352026,-1.2252027,-0.07520264,-1.8652027,-1.7952026,-2.1152027,-1.6952026,-0.23520264,-0.0052026366,-2.1452026,0.13479736,0.6547974,0.63479733,-0.9852026,-0.055202637,-2.1652026,1.6347973,4.9447975,4.574797,3.0147974,1.3747973,1.8847973,2.7747974,1.5647974,1.3347974,0.79479736
-10.435203,-8.5552025,1.1647973,1.0947974,-0.77520263,-1.3652027,1.7647973,4.4147973,5.1147976,-0.55520266,5.6247973,-3.3352027,-11.0552025,-5.8252025,-5.3452024,-6.755203,-5.2452025,-1.5952027,-1.9052026,-1.6352026,-1.0652026,-1.5752026,-4.735203,-6.5352025,-6.1352024,-2.4652026,-2.4452026,-0.9852026,1.1447973,-0.045202635,-1.5652026,-1.1752026,-1.6452026,-0.52520263,-3.0152025,-1.7652026,-2.4252026,-1.0652026,-0.57520264,-0.7152026,-0.38520265,0.88479733,0.66479737,-0.09520264,0.5147974,-1.7752026,-1.5552026,-1.0552026,2.1847973,4.4747972,4.8147974,3.2747974,1.5847974,2.1247973,3.8147974,4.3947973,5.3747973,4.7947974,5.034797
-10.185203,-9.475203,-11.285203,0.004797363,3.0147974,-1.4452026,6.4247975,3.5347974,0.91479737,2.7347975,-1.2052026,-1.4352026,-3.7652025,-1.5452026,4.2547975,-2.2052026,-4.0852027,-0.22520263,-0.31520262,0.39479735,-3.9952025,-0.27520263,-4.4352026,-3.9652026,-5.2852025,-4.485203,3.4947975,-0.37520263,-1.9952027,2.1247973,-2.0652027,-0.50520265,0.26479736,-0.64520264,-3.3052027,-3.3752027,-1.8452027,-1.4652027,0.9047974,1.5247973,1.1847974,0.29479736,0.17479736,-0.75520265,-1.7352027,-1.4552026,0.8347974,-0.15520264,0.81479734,4.6447973,5.2547975,5.804797,5.1447973,5.014797,4.5647974,5.3547974,5.2947974,4.6147976,5.344797
-9.575203,-8.795202,-8.645203,-6.8052025,1.5247973,-2.3352027,3.8147974,1.2547973,-0.6052026,-5.445203,2.1147974,-1.9652027,-2.2152026,-0.8552026,-4.2752028,-8.465202,1.3247974,-5.195203,-6.0552025,-7.1652026,-4.1652026,-2.8352027,-2.7352026,-4.3552027,-0.025202638,-1.7852026,1.7947974,1.5347973,2.8847973,-0.5952026,-0.17520264,0.91479737,0.43479738,-1.7352027,-2.3652027,-2.0052025,0.81479734,1.2747973,1.0947974,1.9647974,0.7147974,1.5047973,1.9047973,0.81479734,-0.40520263,0.42479736,2.2747974,2.5347974,5.8547974,5.8147974,6.034797,6.5047975,5.804797,5.9247975,4.804797,5.1147976,4.7547975,4.8747973,5.824797
-9.195203,-8.8052025,-7.8452024,-9.5152025,-1.9252026,-3.3752027,2.4047973,0.34479737,4.4147973,2.2447975,0.88479733,-4.965203,1.7247974,-0.74520266,2.1647973,-5.7752028,6.3747973,1.2547973,1.2347974,0.5147974,1.6847974,0.7847974,4.2547975,-4.0852027,-3.6352026,-0.9852026,3.6547973,0.97479737,3.0647974,0.67479736,1.2547973,-0.50520265,-2.4652026,-3.1352026,-2.2852027,0.24479736,1.2547973,1.0647974,1.4647974,1.9347974,1.7047974,0.60479736,1.6347973,1.1547973,0.6547974,4.244797,3.7647974,7.1847973,6.824797,5.844797,6.3847976,6.3847976,6.1447973,5.3847976,4.534797,5.1447973,5.4147973,4.5847974,5.3147974
-9.205203,-8.965202,-8.365203,-7.9152026,-7.0452027,-3.6352026,-1.4652027,-0.23520264,1.0047973,4.594797,2.1447973,0.99479735,-2.7352026,-2.7952027,-3.2752028,-0.10520264,-3.7752028,-4.1152024,-0.88520265,1.3047974,0.44479737,6.764797,7.7547975,11.704798,10.304797,6.9847975,5.6447973,1.5047973,0.33479735,-0.62520266,-1.1652026,-0.62520266,1.2447973,0.54479736,-1.2852026,-1.3352027,1.0747974,0.47479737,1.3447974,1.2547973,2.1047974,0.44479737,1.1047974,2.5347974,2.9447973,6.324797,5.784797,6.5647974,6.2947974,5.574797,6.3747973,5.764797,5.0247974,4.3347974,4.5047975,5.3347974,4.8847976,4.7047973,4.6147976
-8.325203,-7.9152026,-7.7852025,-7.255203,-6.2252026,-5.7852025,-3.9552026,-3.4852026,1.2747973,5.6847973,5.3747973,4.2947974,-1.0352026,-4.485203,1.4247974,-0.83520263,-11.545202,0.044797365,2.6947973,-6.8252025,3.2447975,-3.1152027,-5.175203,0.44479737,-10.145203,-7.3952026,3.1147974,2.3547974,1.7047974,1.4147973,0.10479736,1.4847974,0.36479735,-1.1952026,0.17479736,1.2447973,1.5947974,2.5647974,3.1947973,1.2347974,1.8547974,0.45479736,3.6047974,3.3447974,4.4847975,4.9047976,5.2947974,7.2347975,6.5247974,6.594797,5.7747974,3.7147973,5.1647973,3.9847975,3.6247973,5.1047974,4.2147975,4.494797,4.5447974
-8.245203,-7.8452024,-7.715203,-7.3452024,-6.425203,-7.0952024,-5.9152026,-4.755203,1.0247973,0.73479736,5.6147976,5.4247975,-0.045202635,5.5647974,-2.1952026,-2.4452026,1.3147974,3.5347974,-1.0152026,-5.3652024,1.8047974,2.9047973,3.2747974,-0.25520265,1.1547973,0.8347974,0.7647974,-0.06520264,-0.23520264,-1.3952026,-1.5252026,0.5747974,-0.19520263,0.16479737,1.1547973,2.4447973,2.1247973,1.5547974,1.6847974,1.0347973,0.15479736,-1.1252027,-0.75520265,2.7847974,4.2147975,4.9247975,5.6347976,6.5847974,5.764797,4.7147975,5.014797,4.844797,4.2147975,4.2747974,4.0047975,3.4547973,3.9947975,2.8047974,3.4447973
-8.035203,-7.5652027,-6.985203,-6.8752027,-7.9952025,-7.2952027,-5.8552027,-3.9852026,-2.9152026,1.1347973,3.3047974,6.0647974,3.1547973,0.43479738,0.094797365,-0.8552026,1.1547973,-0.33520263,2.8047974,5.7047973,2.0247974,1.7647973,4.4147973,4.5047975,5.0047975,0.49479735,0.17479736,2.4247973,-0.16520263,2.4147973,2.7747974,1.1347973,1.9447974,2.3147974,2.3847973,4.1647973,5.4647975,3.8847973,4.6647973,1.9547974,2.7847974,-0.35520265,-0.43520263,6.844797,6.4047976,5.2147975,6.1147976,5.4347973,5.4147973,4.8947973,3.4347973,3.2447975,3.7647974,3.7047973,3.5447974,2.9947975,2.6747973,3.3247974,3.7347975
-9.285203,-9.135202,-8.665203,-8.815203,-7.715203,-6.215203,-6.5152025,-4.6052027,-3.4952025,-1.2152027,4.7247972,6.0447974,4.4347973,2.9547973,1.1947974,2.2247972,-0.95520264,2.3247974,-0.39520264,-4.4752026,-0.5352026,3.1747973,3.0547974,6.1047974,2.8147974,8.614798,4.304797,2.0347974,2.7447975,3.3047974,2.1247973,2.9547973,3.8447974,3.8947973,2.7347975,4.1847973,-1.4752027,-0.99520266,4.824797,2.8847973,2.7447975,1.1147974,2.7147973,1.8047974,6.6147976,5.594797,5.0247974,4.2947974,3.8547974,3.4547973,2.5347974,3.2647974,2.5747974,2.7447975,2.6147974,2.6547973,1.1547973,3.1147974,2.1347973
-8.665203,-8.255202,-8.325203,-8.105203,-7.4952025,-7.215203,-5.215203,-4.155203,-3.1052027,-0.055202637,-4.4552026,2.1047974,5.054797,4.304797,2.4747972,-0.38520265,0.32479736,-0.88520265,-1.6852026,1.8347974,3.3247974,1.9747974,1.0647974,-1.7752026,0.044797365,-3.2252026,2.8247974,4.1747975,2.4047973,1.8147974,1.8447974,1.1247973,2.0547974,3.1347973,3.3247974,3.8847973,2.8447974,3.0547974,2.9147973,2.1247973,1.9447974,1.1847974,2.6747973,1.3147974,4.3947973,4.1247973,3.2847974,3.0647974,1.8747973,1.4047973,2.6447973,2.5947974,3.1147974,2.9047973,2.5947974,2.5547974,2.7747974,2.1347973,2.1547973
-8.0152025,-8.135202,-8.005202,-8.245203,-8.035203,-7.3152027,-5.2752028,-3.8952026,-3.2352026,-2.3352027,0.034797363,4.6247973,0.61479735,3.7447975,3.8247974,-1.5052027,1.9047973,-0.40520263,2.4347973,-0.89520264,1.5647974,3.5847974,-1.9952027,1.3747973,5.034797,3.8947973,3.2947974,2.8647974,2.6447973,2.8047974,1.3547974,2.2247972,4.074797,4.5047975,2.4747972,3.4647973,2.3947973,2.7647974,2.2947974,0.9647974,0.9647974,0.27479735,3.7147973,4.6347976,3.2947974,1.8047974,1.8247974,0.25479737,1.8247974,2.2247972,3.0447974,3.7147973,2.3547974,2.1547973,3.0147974,3.2247972,2.0447974,2.5147974,1.2347974
-6.985203,-7.5652027,-7.485203,-7.405203,-6.8352027,-5.3152027,-3.9352026,-3.3452027,-2.4852026,-1.7952026,-1.5052027,-1.9752027,-0.0052026366,5.3347974,2.9947975,2.3747973,0.37479737,0.44479737,-0.28520262,0.33479735,0.10479736,-1.4352026,-1.2152027,-0.055202637,1.8147974,3.5247974,3.4247973,2.9847975,3.0447974,4.9847975,4.594797,4.6147976,4.0047975,3.4647973,3.2447975,2.5247974,1.8347974,1.2647973,-0.025202638,-0.51520264,-0.35520265,1.4347974,-8.205203,-4.7452025,0.07479736,1.6747974,2.0347974,1.6147974,2.2947974,2.7947974,2.8147974,2.6847973,2.3847973,2.1647973,2.7247972,2.6147974,2.3747973,1.7947974,0.88479733
-6.6852026,-7.0852027,-6.8052025,-6.5952024,-5.945203,-5.6352024,-4.1352024,-3.3452027,-2.4252026,-1.6352026,-1.3252026,-0.09520264,-1.0752026,0.034797363,3.9947975,3.7147973,2.2647974,1.8147974,-0.085202634,0.47479737,-2.8452027,-4.5152025,-2.5352027,-3.2352026,-0.6052026,2.6747973,3.3747973,1.8247974,4.6347976,4.6247973,5.2347975,4.824797,3.5547974,3.2447975,2.3747973,0.93479735,-0.055202637,0.15479736,-0.68520266,-1.1352026,-0.9052026,0.40479738,2.3847973,1.6847974,-2.1652026,0.44479737,1.3547974,1.6847974,1.7347974,2.0647974,2.1747973,2.1747973,1.2547973,1.4647974,2.0847974,1.1447973,0.60479736,0.9047974,2.1647973
-7.195203,-7.2452025,-6.735203,-6.1852026,-5.4552026,-4.3952026,-3.4352026,-2.4952025,-2.0252028,-2.1352026,-1.7452027,-1.4652027,-0.82520264,-0.29520264,-1.0952027,3.4147973,3.4547973,0.20479736,-0.16520263,0.35479736,-1.0152026,-4.945203,-4.4152026,3.2247972,-0.9052026,-0.39520264,2.5947974,2.4347973,3.5347974,4.304797,4.7547975,3.4247973,1.7747973,0.7047974,-0.49520263,-1.1152027,-0.07520264,-0.62520266,-2.1352026,-2.1952026,-2.6152027,-1.4552026,-1.4152026,-0.7352026,0.29479736,2.6447973,0.5947974,0.42479736,1.4247974,1.6447973,1.8347974,2.9247973,1.8147974,2.5347974,2.0247974,1.2747973,0.86479735,0.85479736,0.16479737
-7.1652026,-7.0952024,-6.505203,-5.905203,-4.8852024,-3.9852026,-3.3452027,-2.7752028,-2.7352026,-2.4352026,-2.2552025,-2.2052026,-2.4752026,-1.6652026,-2.2952027,4.7047973,3.3747973,0.9647974,-0.99520266,1.2847973,0.5147974,1.2747973,1.9147973,2.6947973,2.7347975,0.36479735,0.47479737,2.2947974,2.5347974,3.6047974,2.9247973,2.0547974,0.81479734,0.23479736,-0.6752026,-2.0852027,-1.3952026,-1.4352026,-2.0552027,-2.9352026,-4.3752027,-2.0752027,-2.5352027,-1.8852026,-0.7852026,-1.1452026,-0.9152026,-0.15520264,0.79479736,1.5947974,2.9647973,1.9747974,1.8347974,2.5347974,1.7347974,1.0847974,-0.17520264,-0.70520264,-0.87520266
-6.8452024,-6.4952025,-6.005203,-5.255203,-4.5652027,-3.8952026,-3.2352026,-3.3052027,-3.5452027,-3.2752028,-2.9052026,-2.6752026,-2.0152025,-1.3952026,-0.62520266,0.93479735,0.33479735,-1.1452026,-2.7752028,-0.085202634,0.034797363,-0.57520264,-0.99520266,-0.89520264,3.2347975,0.26479736,0.79479736,2.3747973,1.8347974,2.0547974,1.2147974,0.97479737,-0.48520264,-1.0852027,-1.7652026,-3.3652027,-2.6952026,-1.3652027,-1.8052026,-0.20520264,0.62479734,1.0747974,-0.45520264,-0.41520265,-2.0052025,-3.0052025,-0.87520266,-0.88520265,0.32479736,0.93479735,2.5147974,3.7947974,4.344797,1.3347974,0.7747974,-0.10520264,-1.2452027,-1.2152027,-0.95520264
-6.5552025,-6.175203,-5.155203,-4.5552025,-4.175203,-3.6152027,-3.6352026,-3.6152027,-3.3952026,-3.1752026,-2.8752027,-2.7152026,-2.3352027,-1.5452026,-0.93520266,-0.34520262,-0.93520266,-2.3752027,-3.4352026,-0.115202636,-0.10520264,-1.4252026,-2.1152027,-5.0852027,-3.5452027,-1.2152027,0.45479736,0.5247974,0.60479736,0.5347974,1.3347974,0.7047974,-2.1052027,-3.7252026,-1.8152026,-2.2052026,-1.3852026,-0.7152026,-1.1052027,-0.14520264,0.80479735,1.5047973,2.6447973,1.8347974,2.3347974,2.6147974,-1.6052027,-0.26520264,-0.5452026,1.6347973,4.844797,8.604797,5.6547976,0.91479737,-0.25520265,-0.13520263,-1.3552027,-1.9652027,-2.0052025
-6.425203,-5.8852024,-4.945203,-4.4152026,-4.1152024,-3.8052027,-3.6552026,-3.8052027,-3.0652027,-2.3852026,-2.0252028,-1.5752026,-1.2652026,-1.1252027,-1.4152026,-1.3552027,-1.0252026,-1.8252026,-3.7152026,1.9847974,-0.7252026,1.3947973,0.88479733,2.0547974,-1.4952027,-2.6252027,-1.2552027,1.0647974,-1.2752026,-0.55520266,-0.7852026,0.9047974,1.4047973,-0.63520265,-0.86520267,0.9547974,-0.045202635,-2.2652025,-1.8552027,-2.0652027,-1.7152027,-1.2152027,-0.52520263,-0.025202638,0.54479736,0.8947974,4.3147974,0.67479736,0.10479736,0.37479737,-1.4252026,6.6047974,2.3647974,0.97479737,0.17479736,-0.57520264,-1.4052026,-0.86520267,-1.1052027
-5.5752025,-5.8252025,-5.675203,-5.405203,-5.195203,-4.2752028,-4.465203,-3.9052026,-2.8952026,-2.3252027,-1.7952026,-1.3152026,-1.4052026,-1.0852027,-0.89520264,-1.2052026,-1.7052026,-1.6752026,-1.6352026,-1.4052026,1.7947974,-1.2052026,1.2147974,0.50479734,0.094797365,-2.5552027,0.44479737,-0.14520264,-3.1352026,-2.0252028,-3.5952027,-2.1252027,-0.40520263,0.34479737,0.054797363,-0.025202638,-0.9152026,-2.0552027,-1.9552026,-1.2452027,-1.7352027,-3.0552027,-2.1252027,-1.2652026,-2.3852026,-0.43520263,1.0347973,3.3947973,3.3447974,-3.7852027,2.9447973,-5.1852026,-0.46520263,0.28479737,-0.75520265,0.24479736,-1.6952026,0.29479736,0.81479734
-4.9752026,-4.6052027,-4.755203,-4.8452024,-5.1152024,-5.2452025,-4.0752025,-3.9052026,-3.7352026,-2.4552026,-1.9652027,-1.3952026,-1.7052026,-2.2052026,-2.6552026,-2.3352027,-1.6252027,-1.1052027,-1.4052026,-0.8552026,-1.1952026,-1.6452026,1.3847973,0.5847974,0.10479736,0.32479736,0.08479736,-0.9152026,-2.3352027,-0.22520263,-2.6252027,0.094797365,-0.18520264,0.37479737,0.27479735,-0.19520263,-3.5052025,-2.2152026,-1.4852027,-1.1152027,-2.1652026,-2.5152025,-2.3852026,-3.6252027,-0.52520263,1.1047974,2.1747973,1.8047974,2.5247974,1.5347973,-0.28520262,1.8247974,6.1747975,-1.4452026,-1.9052026,-2.1752026,1.6147974,1.5247973,-1.6852026
-4.005203,-4.235203,-4.0252028,-4.8452024,-4.4352026,-3.9452026,-4.655203,-4.985203,-3.6052027,-2.8352027,-2.2052026,-2.3052027,-2.5252028,-2.9852026,-2.8952026,-2.6752026,-0.80520266,-0.7252026,-0.9152026,-0.94520265,-1.4352026,-1.4752027,-0.77520263,-0.87520266,1.1447973,0.69479734,0.62479734,-0.33520263,-1.5152026,-2.5352027,-0.82520264,-0.56520265,-0.25520265,0.39479735,-0.19520263,-0.9152026,-5.1052027,-3.6752026,-1.2352027,-0.61520267,-1.6952026,-2.1252027,-3.3252027,-3.2652025,-3.0052025,-1.2752026,-0.76520264,-0.5452026,-0.55520266,0.16479737,0.20479736,-0.76520264,-0.64520264,-1.3452027,-0.89520264,-1.1152027,-0.7152026,-1.7452027,-2.1552026
-3.0452027,-3.4752026,-3.2252026,-3.0952027,-4.7052026,-5.4152026,-5.4952025,-3.3252027,-4.005203,-2.9452026,-2.9852026,-2.4852026,-2.8752027,-3.5552027,-2.9552026,-0.0052026366,-0.6652026,-0.6652026,-1.3752027,-1.4252026,-2.3152027,-2.5852027,-1.3352027,0.07479736,1.3647974,3.1047974,2.9547973,0.61479735,1.2047974,0.8447974,-0.6752026,0.20479736,-0.9052026,-0.22520263,0.31479737,-0.74520266,-2.3052027,-4.2452025,-2.6452026,1.2347974,-2.4452026,-3.7152026,-4.485203,-3.6952026,-3.0552027,-2.0852027,-1.5652026,-2.0352027,-1.1152027,-0.99520266,-1.1352026,-0.6052026,-0.76520264,-0.8552026,-1.3852026,-1.3652027,-0.75520265,-1.5052027,-0.18520264
-1.5352026,-1.8252026,-1.7952026,-3.0852027,-3.9352026,-4.2752028,-3.5952027,-4.0152025,-3.6552026,-3.4152026,-3.8752027,-4.0152025,-2.3952026,-2.7252026,-1.0452026,-0.7852026,-0.41520265,-0.99520266,-1.7252027,-1.9752027,-2.0152025,-1.1452026,-0.5352026,-0.56520265,1.0347973,2.4247973,1.4347974,-3.2952027,2.4747972,0.46479738,0.9047974,-0.70520264,-0.62520266,-0.86520267,-0.69520265,-1.0052027,-1.2952026,-0.115202636,0.68479735,-1.2852026,-0.6752026,-2.2652025,-2.4852026,-2.8652027,-2.5252028,-3.2352026,-2.5652027,-2.3452027,-1.9552026,-1.8752027,-1.8852026,-1.1752026,-1.1852026,-0.95520264,-1.4352026,-1.4252026,-0.9052026,-0.63520265,0.23479736
-1.1952026,-1.7152027,-1.9852027,-2.8652027,-3.4952025,-3.8352027,-3.1852026,-3.4552026,-4.9752026,-5.235203,-4.8152027,-3.3352027,-2.3952026,-1.9352026,-0.35520265,-0.07520264,-0.43520263,-1.4752027,-2.0852027,-2.5352027,-2.5152025,-2.2652025,-1.8252026,-1.2052026,0.7647974,1.0847974,-0.10520264,0.80479735,1.4647974,1.9447974,1.3547974,0.5847974,-0.6752026,-1.0952027,1.2347974,-0.14520264,-0.22520263,-0.5952026,-0.5352026,-0.085202634,-0.9852026,-3.5352027,-3.6952026,-3.0752027,-3.4152026,-2.3452027,-2.9452026,-3.0852027,-2.7752028,-2.1052027,-1.7652026,-2.2552025,-1.9252026,-2.1252027,-1.7752026,-1.1752026,-0.52520263,-0.44520265,-1.0952027
-0.50520265,-0.7352026,-1.4552026,-2.3652027,-3.4452026,-3.8152027,-3.5252028,-4.1052027,-5.3052025,-5.445203,-4.4352026,-3.0352027,-1.9652027,-1.1252027,-1.0452026,-0.25520265,-0.055202637,-0.14520264,-0.9052026,-2.0052025,-2.0952027,-1.9852027,-2.0952027,-1.4452026,0.55479735,0.37479737,2.0347974,-0.30520263,-0.19520263,2.9547973,4.304797,2.3247974,-1.8152026,-2.3652027,-1.3052026,-0.56520265,1.0847974,0.31479737,-1.2352027,-2.3352027,-1.2452027,-3.8252027,-3.6852026,-3.6352026,-3.0852027,-3.3452027,-3.5752027,-3.8352027,-2.8752027,-3.4252026,-4.175203,-2.1252027,-3.9952025,-3.9552026,-2.0052025,-1.4752027,-0.7952026,-0.61520267,-0.38520265
