json/gfs_20240724_12.json
{"header": { "discipline":0, "disciplineName":"Meteorological products", "gribEdition":2, "gribLength":79856, "center":7, "centerName":"US National Weather Service - NCEP(WMC)", "subcenter":0, "refTime":"2024-07-24T12:00:00.000Z", "significanceOfRT":1, "significanceOfRTName":"Start of forecast", "productStatus":0, "productStatusName":"Operational products", "productType":1, "productTypeName":"Forecast products", "productDefinitionTemplate":0, "productDefinitionTemplateName":"Analysis/forecast at horizontal level/layer at a point in time", "parameterCategory":2, "parameterCategoryName":"Momentum", "parameterNumber":3, "parameterNumberName":"V-component_of_wind", "parameterUnit":"m.s-1", "genProcessType":2, "genProcessTypeName":"Forecast", "forecastTime":0, "surface1Type":103, "surface1TypeName":"Specified height level above ground", "surface1Value":10.0, "surface2Type":255, "surface2TypeName":"Missing", "surface2Value":0.0, "gridDefinitionTemplate":0, "gridDefinitionTemplateName":"Latitude_Longitude", "numberPoints":65160, "shape":6, "shapeName":"Earth spherical with radius of 6,371,229.0 m", "gridUnits":"degrees", "resolution":48, "winds":"true", "scanMode":0, "nx":360, "ny":181, "basicAngle":0, "lo1":0.0, "la1":90.0, "lo2":359.0, "la2":-90.0, "dx":1.0, "dy":1.0 }, "data":
[rows 130 to 155 of 181, columns 59 to 117 of 360]
5.9546556,5.794656,6.3046556,6.114656,6.634656,3.5946558,4.9346557,3.4146557,0.49465576,-1.3653443,-1.7553443,-2.6253443,-1.9653442,-8.685345,-8.335344,-6.975344,-8.215344,-9.815344,-9.175344,-8.835344,-8.075344,-7.7953444,-6.955344,-5.825344,-4.885344,-4.165344,-3.4053442,-3.7853441,-2.5753443,-4.2753444,-3.8653443,-3.7053442,-5.2753444,-5.3353443,-6.6453443,-7.8153443,-5.805344,-4.3953443,-1.9953443,-0.14534424,2.9846559,1.9446558,2.9846559,3.2546558,2.9946558,3.0446558,3.5946558,3.0146558,2.5546558,1.8946557,1.9346558,1.3746557,1.2446557,0.36465576,-1.7253442,-3.0053442,-3.9253442,-3.7653441,-2.5153441
6.8946557,6.504656,6.774656,5.1246557,5.2846556,4.9346557,4.154656,1.5846558,0.78465575,-2.1353443,-0.29534423,-3.2053442,-2.8853443,-9.895344,-9.305345,-7.265344,-8.005344,-9.615344,-10.315344,-10.215344,-9.495344,-8.725345,-7.725344,-6.7753444,-5.515344,-4.555344,-3.5353441,-2.3253443,-2.0653443,-1.9453442,-2.5753443,-3.5553443,-4.1053443,-3.5853443,-5.4853444,-7.075344,-8.255344,-5.885344,-0.9453442,0.044655763,2.2746558,4.774656,6.1846557,7.0746555,8.404655,7.4146557,6.5146556,5.6046557,5.2046556,2.8746557,2.6046557,3.0846558,2.0146558,1.5946558,-3.2153442,-6.165344,-6.1753445,-6.805344,-3.0253441
6.004656,5.9346557,6.2046556,5.774656,5.5146556,4.3946557,3.2546558,2.4246557,-0.6153442,-2.1553442,-3.3253443,-4.665344,-4.9653444,-7.515344,-10.215344,-8.145344,-3.3553443,-3.9653442,-10.115344,-11.465344,-10.945344,-9.785344,-8.615344,-7.615344,-6.455344,-5.035344,-3.2553442,-1.7953442,-0.97534424,0.21465576,0.58465576,-0.8153442,-3.1953442,-2.6453443,-3.5253441,-7.435344,-8.815344,-4.685344,-1.1353443,3.1446557,5.1046557,6.714656,7.0746555,8.064655,8.964656,8.194655,7.924656,7.044656,6.4546556,4.814656,5.484656,2.6546557,2.3646557,-0.78534424,3.2946558,-2.2353442,-5.9453444,-7.155344,-4.865344
6.6246557,6.6846557,7.654656,6.6246557,5.2246556,5.0346556,3.7846558,1.1846558,-0.35534424,-0.48534423,-6.0653443,-5.915344,-1.3453442,-7.805344,-7.3153443,-5.225344,-0.9253442,0.65465575,-5.635344,-11.665344,-11.035344,-10.225345,-8.855344,-7.595344,-5.8353443,-4.345344,-3.1853442,-2.2753441,-0.89534426,0.014655761,0.39465576,0.13465576,-0.83534425,-2.3753443,-2.3153443,-3.2553442,-4.135344,-0.5653442,3.5246558,4.814656,5.2446556,7.424656,8.704656,9.504656,11.504656,11.204656,11.184656,13.424656,5.794656,7.3746557,5.904656,5.7846556,6.064656,3.2046556,-2.8853443,-1.5753442,-6.885344,-8.045344,-5.8153443
5.4546556,6.044656,6.114656,6.444656,5.584656,5.4146557,4.2046556,3.6146557,2.7046556,-5.7153444,-6.0053444,-7.0653443,-5.035344,-4.535344,-3.6153443,-2.3153443,-1.2853442,1.8446558,-4.365344,-11.535344,-9.475345,-9.705344,-8.265345,-6.885344,-4.6753445,-2.5453444,-2.7553442,-2.0953443,-1.2953442,-0.98534423,-0.27534425,0.24465576,0.43465576,-0.88534427,-2.9653442,-1.8453442,-1.1253443,-0.90534425,1.7946558,4.1446557,6.1846557,7.584656,9.394656,10.634656,11.404655,11.204656,11.794656,10.184656,12.554656,10.654655,8.774655,8.724656,4.8746557,4.714656,4.8746557,4.5346556,-0.25534424,-4.6953444,-3.9653442
4.614656,4.444656,4.174656,4.004656,6.1646557,5.6846557,2.8446558,0.074655764,-1.7453443,-3.0453444,-4.9653444,-5.015344,-3.3453443,-1.2353443,-1.2753443,-0.8653442,0.34465575,4.7246556,-4.0453444,-11.3853445,-10.605344,-9.265345,-7.405344,-5.6753445,-4.305344,-4.3353443,-2.6053443,-3.1653442,-1.2253442,-1.7553443,-5.475344,-4.975344,-3.5053442,-2.1953442,-2.4853442,-2.4353442,-2.4153442,-0.52534425,2.5146558,4.844656,6.654656,8.784656,10.334656,10.384656,10.224656,10.264656,11.734655,11.674656,11.1146555,9.984655,9.044656,7.584656,8.224656,8.624656,6.6246557,7.1846557,5.1646557,-4.7153444,-3.0053442
3.2346559,2.5946558,2.4746559,3.4446557,3.1946557,2.0446558,0.71465576,-0.7453442,-1.7353443,-2.8953443,-2.1153443,-1.7853442,-0.90534425,-1.1753442,-0.72534424,-1.3553443,1.3346558,1.3046558,0.59465575,-11.425344,-9.285344,-8.795344,-7.135344,-5.805344,-5.3553443,-4.305344,-3.5853443,-3.2653441,-3.3353443,-8.565344,-6.2353444,-5.0253444,-4.8953443,-4.935344,-4.035344,-2.5853443,-0.44534424,1.6946558,3.4746559,4.964656,6.584656,8.074656,8.964656,9.744656,10.914656,10.354656,11.174656,10.354656,11.214656,9.474656,7.6646557,7.544656,7.444656,7.5746555,6.6246557,5.234656,4.1646557,2.4646559,1.0046557
2.1046557,2.4146557,2.9746559,2.6546557,1.1846558,0.7446558,-0.59534425,-2.3853443,-4.115344,-4.5653443,-4.305344,-3.8653443,-4.015344,-3.7153442,-2.8253443,-1.7153442,-0.9953442,0.40465575,-11.105344,-9.895344,-7.7353444,-6.5253444,-5.7153444,-5.8953443,-4.6253443,-1.8053442,-5.655344,-7.225344,-7.1453443,-5.515344,-5.2953444,-5.5253444,-5.155344,-3.7053442,-2.6553442,0.26465577,1.6146557,3.0046558,4.7446556,6.214656,7.254656,8.704656,10.154655,10.504656,10.674656,10.894656,10.474656,10.204656,9.974656,10.3646555,8.034656,5.1246557,5.8246555,5.8546557,6.2846556,5.5546556,5.2246556,5.274656,3.9846559
3.1346557,3.7346559,3.6946557,2.4246557,0.8146558,-0.65534425,-2.7753441,-4.9653444,-6.515344,-7.165344,-7.205344,-7.115344,-6.415344,-5.285344,-4.3753443,-3.7153442,-4.285344,-9.845345,-8.295344,-6.405344,-5.785344,-5.7753444,-5.975344,-5.935344,-7.955344,-6.8353443,-6.0253444,-6.9453444,-6.935344,-7.265344,-6.3553443,-5.785344,-4.6953444,-2.6653442,-1.0853442,0.25465575,2.6546557,3.1846557,4.8046556,6.5746555,7.7046556,8.484655,9.044656,10.084656,10.034656,10.624656,11.094656,10.914656,10.094656,10.074656,10.254656,9.804656,7.834656,5.8246555,6.254656,5.924656,4.594656,4.8246555,4.1246557
6.334656,5.864656,4.274656,2.2346559,1.4546558,0.0046557616,-1.6353443,-4.975344,-9.335344,-9.155344,-7.725344,-6.3553443,-4.8553443,-4.885344,-6.7553444,-8.565344,-8.875344,-5.825344,-4.575344,-5.515344,-6.6253443,-7.9253445,-8.525344,-9.545344,-8.115344,-7.4453444,-7.2353444,-7.1753445,-7.0653443,-6.1953444,-5.305344,-4.8553443,-4.305344,-2.2053442,-0.7553442,1.2146558,1.1946558,3.7946558,4.9146557,5.8946557,7.3246555,8.424656,8.734655,9.764656,10.304656,10.064655,10.234655,10.444655,9.654655,9.724656,9.474656,8.414656,8.224656,6.7846556,6.0546556,6.8546557,6.174656,5.634656,5.1846557
9.024655,8.064655,7.2646556,5.1246557,2.6846557,1.1646558,-1.1553442,-1.5153443,-4.8753443,-7.5653443,-7.785344,-4.095344,-5.7353444,-6.845344,-6.7753444,-4.555344,-5.7553444,-7.265344,-8.485344,-7.6053443,-8.755344,-8.995344,-7.405344,-6.8953443,-6.725344,-6.595344,-5.955344,-6.345344,-5.885344,-5.015344,-4.6053443,-3.8853443,-2.7653441,-0.78534424,0.6946558,0.98465574,2.5746558,3.4446557,4.7246556,5.8546557,6.9546556,8.094656,8.984655,9.774655,10.274655,10.3646555,10.584656,9.684656,9.654655,9.064655,9.234655,9.124656,7.564656,7.084656,6.814656,7.084656,6.424656,6.6646557,5.794656
10.904655,11.044656,10.214656,8.374656,5.564656,4.134656,3.6746557,3.4746559,2.4946558,-0.51534426,-2.7353442,-4.655344,-7.495344,-7.0853443,-7.5853443,-8.1353445,-7.405344,-7.135344,-7.0253444,-7.5853443,-7.075344,-6.7353444,-6.9653444,-7.2753444,-6.8153443,-6.9653444,-7.2953444,-6.1053443,-5.365344,-4.955344,-3.9753442,-2.7053442,-1.3553443,-1.5853442,0.45465577,1.2946558,2.7746558,3.4246557,4.044656,5.0746555,6.214656,7.2646556,8.444655,9.374656,10.174656,10.484655,10.894656,10.424656,9.814655,9.314655,9.374656,7.6446557,6.864656,6.944656,7.6046557,7.9946556,7.584656,6.4146557,5.564656
11.384656,11.284656,10.424656,8.914656,7.464656,6.464656,4.834656,4.4146557,4.174656,3.2846558,2.4946558,1.7246557,-1.1153443,-4.115344,-4.9453444,-5.935344,-4.885344,-4.5853443,-3.7253442,-5.225344,-6.7953444,-6.765344,-6.635344,-6.4453444,-6.6453443,-6.365344,-5.7753444,-5.385344,-4.1753445,-3.3353443,-2.1953442,-1.2053442,0.12465576,0.9446558,1.4046558,1.7746558,2.2546558,2.9546556,3.7046556,4.2446556,5.2046556,6.5146556,7.594656,8.394656,9.354656,10.084656,10.824656,11.194655,10.694655,9.014656,9.204656,8.164656,6.5346556,6.4346557,7.6246557,7.6046557,7.2446556,6.4946556,5.5546556
10.624656,10.334656,10.3646555,9.174656,8.684656,8.294656,7.5746555,6.6446557,4.694656,3.7746558,3.4746559,2.2046556,0.24465576,-1.5253443,-2.2053442,-1.6253443,-3.7353442,-4.915344,-5.9453444,-5.825344,-5.615344,-5.0853443,-4.595344,-3.4853442,-3.6953442,-4.2753444,-3.9853442,-3.3653443,-2.4553442,-1.6753442,-0.72534424,0.6946558,1.0846558,1.3146558,2.0946558,1.6746558,1.8146558,2.1946557,2.7046556,3.3646557,3.9546556,5.694656,6.4546556,7.634656,8.344656,8.994656,10.194655,10.554656,10.404655,9.904655,9.464656,8.534656,7.334656,6.404656,6.404656,7.344656,5.924656,6.4546556,6.194656
10.124656,9.724656,8.264656,6.924656,6.0146556,5.904656,5.884656,5.564656,4.8046556,4.1046557,3.4946558,2.7846558,1.7546557,0.51465577,-1.5353442,-2.1353443,-2.9253442,-3.6753442,-3.5753443,-2.4853442,-1.9153442,-2.6853442,-2.8053443,-2.7953444,-2.9453442,-2.7453442,-2.5653443,-2.2153442,-1.5753442,-0.8753442,-0.6953442,-0.30534422,0.58465576,0.54465574,0.14465576,0.17465577,0.79465574,1.4646558,2.2946558,3.1246557,4.4946556,4.594656,4.884656,5.084656,6.694656,7.654656,8.574656,9.6146555,9.924656,9.484655,9.044656,7.114656,6.564656,6.094656,6.044656,5.814656,5.9946556,6.2846556,6.594656
6.7646556,6.734656,7.064656,7.024656,7.084656,6.444656,5.774656,4.694656,4.9546556,3.9946558,3.6846557,3.0346558,2.0046558,1.3746557,0.31465575,-0.54534423,-1.4653442,-2.1153443,-2.6553442,-2.8953443,-2.3853443,-2.2153442,-2.1953442,-2.6953442,-2.6153443,-1.7553443,-0.96534425,-0.5653442,-1.1553442,-1.2253442,-0.85534424,-0.60534424,-0.08534424,-0.08534424,0.6946558,-2.0153441,-1.5753442,0.8146558,1.9046558,2.6946557,4.194656,5.064656,5.174656,2.0346558,3.7146559,6.094656,6.694656,8.334656,9.274655,8.934656,8.474656,7.9746556,7.4546556,6.4346557,6.044656,5.6846557,6.174656,6.254656,6.5346556
6.5746555,5.9946556,5.544656,5.1246557,4.6046557,3.9846559,3.3346558,3.2546558,3.1646557,1.8846557,1.7346557,1.1346557,-0.11534424,-0.53534424,-0.9453442,-1.0453442,-0.5053442,-0.7553442,-1.1153443,-1.5553442,-1.8353442,-1.7053442,-1.4353442,-1.1353443,-1.0853442,-0.84534425,-0.44534424,-0.22534424,-0.045344237,0.08465576,-0.31534424,1.2146558,-0.59534425,-0.90534425,0.5546558,0.28465575,-2.9653442,0.44465578,2.2646558,3.4746559,5.254656,5.5346556,5.834656,6.834656,4.7846556,1.7546557,4.5746555,7.004656,8.414656,7.9346557,7.634656,7.044656,6.4546556,5.9946556,5.4946556,5.4546556,5.4346557,5.864656,6.0546556
6.1046557,5.714656,5.424656,5.7446556,5.214656,4.2846556,3.2846558,2.3846557,1.5746558,1.4046558,0.95465577,0.52465576,0.89465576,0.35465577,-0.22534424,-0.27534425,0.92465574,0.8246558,-0.14534424,-0.35534424,-0.53534424,-0.6953442,-0.85534424,-0.39534423,0.37465575,0.73465574,1.1646558,1.7046558,1.5846558,1.3946557,1.0346558,0.7546558,-0.32534423,-1.6153443,1.2446557,-2.8453443,-0.79534423,0.76465577,2.3446558,4.254656,5.254656,6.564656,8.964656,7.834656,7.6846557,6.3046556,6.214656,6.8746557,6.8546557,6.9346557,6.344656,5.444656,5.654656,5.4346557,4.814656,4.1246557,4.334656,5.6646557,6.314656
5.944656,6.0746555,6.0546556,6.024656,6.0546556,5.5146556,5.2046556,4.4946556,4.2846556,4.4146557,4.8746557,4.9346557,4.4146557,4.094656,2.6546557,2.0446558,1.3246558,0.64465576,0.18465576,0.34465575,0.45465577,0.96465576,-0.33534423,0.59465575,1.5346558,2.7946558,3.4446557,3.0946558,2.8846557,2.6346557,2.0746558,1.9346558,0.17465577,-2.2253442,-2.7553442,-0.28534424,1.2946558,2.3846557,4.344656,6.1246557,6.9746556,7.864656,8.154655,7.6246557,7.3546557,7.154656,6.8546557,6.134656,6.4946556,5.7246556,5.0746555,4.7246556,4.734656,4.5346556,3.9046557,3.1246557,3.3146558,3.7446558,5.004656
4.614656,5.2646556,5.4146557,5.314656,5.174656,4.6446557,4.0346556,3.7446558,3.9846559,4.3246555,4.524656,4.194656,4.6646557,4.364656,4.5746555,4.174656,4.2846556,4.814656,5.1046557,4.134656,2.9946558,0.79465574,-0.15534423,0.11465576,0.71465576,1.1346557,1.3046558,1.7746558,2.7046556,2.1446557,0.8146558,-1.8853443,-3.5253441,-2.3153443,-0.78534424,0.8246558,1.9446558,4.424656,6.0746555,7.6846557,7.5146556,7.254656,6.774656,6.524656,6.2246556,5.6446557,6.594656,6.314656,6.114656,6.094656,5.9946556,5.2046556,4.4946556,3.5746558,2.4246557,2.5546558,2.2746558,2.5746558,2.9746559
4.1046557,4.194656,4.404656,3.8946557,3.6946557,4.2246556,3.5246558,3.0446558,3.5746558,4.0146556,4.0146556,4.564656,3.9846559,4.654656,5.6046557,5.1446557,4.8746557,5.214656,5.5546556,6.0146556,4.984656,4.834656,5.1246557,5.904656,2.8146558,1.9446558,0.38465577,0.35465577,1.1646558,2.4646559,1.2146558,-2.0253441,-1.4853443,-0.5653442,-0.6853442,1.3946557,3.5346558,3.6746557,5.2846556,5.4946556,5.4546556,5.524656,5.794656,5.9746556,6.694656,7.1246557,6.9546556,7.044656,7.0146556,6.7046556,6.1646557,4.9146557,4.0746555,2.7946558,1.6346557,0.95465577,0.5046558,0.9346558,0.6946558
2.5946558,4.194656,3.1546557,1.0446558,2.9546556,1.9346558,2.4746559,2.0446558,2.2746558,2.7146559,3.3746557,3.5346558,4.1846557,4.754656,5.1046557,5.3746557,5.9746556,5.634656,5.0346556,5.5346556,5.314656,4.9946556,4.424656,4.294656,4.194656,0.024655761,-1.0553442,-1.5753442,0.20465577,0.70465577,0.8246558,0.20465577,-1.1153443,-0.5653442,0.7546558,1.9246558,1.8946557,1.9646558,2.6046557,3.8046558,3.6246557,4.5146556,5.5346556,5.814656,5.174656,6.2446556,8.924656,8.884656,8.204656,7.674656,6.8046556,3.7746558,1.4146558,1.1746558,0.58465576,-0.51534426,-1.0253443,-1.1653442,-1.8153442
-3.0953443,-2.3553443,-1.2753443,-1.9053442,-1.0053443,-0.18534423,-1.2753443,-0.54534423,0.22465576,1.0346558,1.8146558,2.1446557,2.6746557,3.3446558,4.4546556,4.864656,5.634656,6.024656,6.344656,5.2046556,4.884656,4.5346556,5.2046556,4.904656,4.2246556,3.8046558,0.77465576,-1.6253443,-2.1153443,-1.0653442,-2.5653443,-2.0853443,-1.7153442,-0.98534423,-0.42534423,-0.005344238,1.0546558,1.1846558,1.8446558,2.2146559,3.1146557,3.2746558,4.064656,3.7446558,3.9046557,4.524656,5.064656,5.8946557,5.9546556,6.5746555,5.8546557,4.734656,2.2946558,-0.28534424,-3.1353443,-2.4253442,-2.5353441,-2.9453442,-3.0353441
-2.3453443,-3.2753441,-3.4453442,-3.6853442,-2.8453443,-2.4353442,-2.3953443,-1.9953443,-0.58534425,0.20465577,1.3746557,1.5246558,1.6646558,1.7746558,2.0546558,2.7146559,3.1346557,3.6746557,5.4346557,5.7646556,5.234656,4.024656,3.6246557,3.8546557,3.6846557,3.4946558,2.5846558,0.024655761,-3.3053443,-3.3153443,-3.0953443,-2.4153442,-1.9353442,-1.1953442,-0.32534423,0.16465576,0.78465575,1.2746558,1.6346557,1.8846557,1.6946558,2.4946558,2.7846558,2.7346559,2.5846558,3.1346557,3.8746557,5.614656,6.8946557,6.944656,5.8546557,6.194656,4.444656,2.5646558,0.43465576,-0.8053442,-1.8253442,-1.7353443,-2.1153443
2.0046558,0.8846558,-1.0453442,-1.2153442,-1.4353442,-1.9053442,-2.0953443,-1.2853442,-0.43534425,0.044655763,0.6846558,1.3446558,1.4146558,1.5746558,2.1846557,2.4346557,2.0446558,2.0546558,3.0846558,3.2946558,3.0546558,2.8846557,2.8446558,2.6046557,2.2946558,2.5346558,2.7746558,-2.8553443,-3.4353442,-3.6153443,-2.7653441,-2.0453444,-1.5553442,-0.72534424,-0.19534424,0.29465577,0.65465575,0.5646558,0.49465576,1.1546558,1.8646557,2.4546556,3.0946558,3.1146557,3.2746558,2.8646557,3.4146557,4.1646557,5.7246556,6.444656,6.754656,5.4146557,5.794656,6.344656,6.834656,5.0746555,0.96465576,-1.8053442,-1.9653442
2.8246558,2.6046557,2.0846558,0.89465576,0.21465576,-0.25534424,-0.46534425,-0.18534423,0.42465577,0.8046558,0.77465576,1.1846558,1.8046558,2.1146557,2.0646558,1.5646558,1.8446558,2.8546557,2.9746559,1.9746557,0.84465575,0.27465576,0.024655761,0.0046557616,0.014655761,0.8146558,-2.8753443,-3.1053443,-3.0853443,-2.6853442,-2.1753442,-1.7053442,-0.60534424,0.09465576,-0.6953442,-0.91534424,0.73465574,1.5546558,1.9146558,1.8746557,1.6246557,1.7246557,1.0346558,2.9146557,3.2146559,4.0346556,3.8146558,3.5046558,3.0546558,3.6146557,4.154656,4.6846557,4.2846556,5.984656,7.6246557,7.314656,5.9146557,4.0346556,2.5846558
