json/gfs_20240723_06.json
{"header": { "discipline":0, "disciplineName":"Meteorological products", "gribEdition":2, "gribLength":79378, "center":7, "centerName":"US National Weather Service - NCEP(WMC)", "subcenter":0, "refTime":"2024-07-23T06:00:00.000Z", "significanceOfRT":1, "significanceOfRTName":"Start of forecast", "productStatus":0, "productStatusName":"Operational products", "productType":1, "productTypeName":"Forecast products", "productDefinitionTemplate":0, "productDefinitionTemplateName":"Analysis/forecast at horizontal level/layer at a point in time", "parameterCategory":2, "parameterCategoryName":"Momentum", "parameterNumber":3, "parameterNumberName":"V-component_of_wind", "parameterUnit":"m.s-1", "genProcessType":2, "genProcessTypeName":"Forecast", "forecastTime":0, "surface1Type":103, "surface1TypeName":"Specified height level above ground", "surface1Value":10.0, "surface2Type":255, "surface2TypeName":"Missing", "surface2Value":0.0, "gridDefinitionTemplate":0, "gridDefinitionTemplateName":"Latitude_Longitude", "numberPoints":65160, "shape":6, "shapeName":"Earth spherical with radius of 6,371,229.0 m", "gridUnits":"degrees", "resolution":48, "winds":"true", "scanMode":0, "nx":360, "ny":181, "basicAngle":0, "lo1":0.0, "la1":90.0, "lo2":359.0, "la2":-90.0, "dx":1.0, "dy":1.0 }, "data":
[rows 104 to 129 of 181, columns 60 to 119 of 360]
4.033606,4.343606,4.253606,3.523606,2.763606,3.093606,3.793606,3.623606,4.033606,3.7536058,3.853606,3.913606,3.563606,3.863606,4.263606,6.063606,7.463606,7.423606,7.553606,7.223606,7.173606,7.513606,7.523606,7.653606,7.473606,7.383606,7.783606,8.573606,8.383606,7.773606,6.543606,7.193606,8.223606,7.333606,5.033606,1.8136059,1.473606,1.953606,2.313606,2.7136059,2.2536058,2.783606,3.683606,3.543606,3.2136059,3.703606,3.583606,2.4936059,2.183606,2.2236059,2.523606,5.1036057,3.913606,4.143606,-0.28639403,-0.74639404,-0.18639404,-0.006394043,0.08360596,-0.85639405
3.073606,1.983606,2.763606,3.293606,2.7436059,2.953606,3.013606,3.2236059,2.923606,3.293606,3.073606,2.783606,2.693606,2.903606,3.413606,4.203606,4.473606,5.713606,6.653606,7.083606,7.073606,8.173606,7.913606,7.893606,7.943606,8.073606,7.843606,8.453606,8.013606,8.393606,8.213606,7.333606,7.773606,8.303606,7.363606,4.463606,3.103606,1.573606,0.853606,1.4336059,1.613606,1.1536059,1.133606,1.853606,2.7336059,2.553606,3.203606,1.9136059,1.263606,1.2836059,0.89360595,2.523606,2.803606,2.683606,2.113606,0.37360597,-1.8463941,-1.5763941,-0.74639404,-1.3263941
3.5036058,4.713606,3.163606,2.133606,1.253606,1.333606,2.4736059,2.9936059,3.203606,2.9636059,3.323606,3.313606,2.823606,3.083606,3.303606,3.633606,3.693606,3.903606,4.283606,4.793606,5.183606,5.473606,5.513606,6.753606,7.393606,7.833606,7.423606,7.563606,7.563606,7.993606,8.043606,7.993606,8.303606,8.383606,8.073606,7.903606,6.523606,5.8736057,2.313606,0.72360593,0.38360596,0.26360595,-0.066394046,0.13360596,1.0436059,1.333606,1.9136059,2.533606,0.95360595,0.84360594,0.673606,1.4136059,1.4036059,2.273606,3.323606,3.043606,0.39360595,-2.076394,-1.496394,-1.3063941
3.7336059,2.903606,3.7436059,3.9636059,4.343606,4.793606,3.413606,2.9736059,2.2336059,1.753606,2.093606,2.143606,1.9336059,2.443606,3.043606,3.283606,3.783606,3.923606,4.193606,3.933606,4.233606,4.173606,4.393606,4.653606,5.053606,5.763606,6.003606,6.653606,6.653606,7.303606,8.103606,8.483606,8.453606,8.433606,8.463606,8.943606,8.803606,8.623606,6.683606,2.283606,1.123606,0.32360595,0.06360596,-0.97639406,-0.20639405,0.29360595,0.70360595,0.983606,0.863606,0.113605954,0.09360596,0.19360596,1.103606,2.063606,1.983606,2.703606,1.233606,0.65360594,-2.356394,-1.9663941
2.4936059,3.033606,3.523606,3.673606,2.313606,2.673606,1.883606,2.103606,1.353606,0.65360594,3.533606,4.613606,3.303606,2.303606,2.583606,2.703606,2.293606,2.7136059,2.7536058,3.843606,4.6036057,4.823606,5.693606,5.563606,5.363606,4.673606,4.943606,4.653606,6.023606,6.313606,6.6036057,6.773606,7.463606,7.763606,8.283606,8.073606,9.003606,9.693606,10.243606,8.583606,3.5036058,1.013606,0.36360595,0.013605957,-0.106394045,-0.26639405,0.793606,1.4436059,1.773606,0.51360595,-0.53639406,-1.036394,-0.46639404,0.52360594,0.35360596,0.82360595,0.603606,-0.516394,-0.72639406,-1.0963941
-0.26639405,-0.31639403,1.583606,2.0036058,2.443606,1.003606,2.523606,1.6936059,2.413606,3.663606,3.803606,3.373606,4.413606,3.063606,4.733606,2.933606,4.433606,5.183606,5.183606,5.173606,4.643606,4.673606,5.563606,4.693606,5.023606,6.783606,6.093606,5.453606,5.8736057,5.893606,6.593606,6.363606,6.493606,5.763606,6.443606,7.193606,7.193606,8.023606,8.493606,9.503606,9.563606,8.173606,2.4936059,0.62360597,-0.14639404,0.53360593,0.30360594,0.81360596,1.763606,2.4636059,1.743606,-0.08639404,-0.85639405,-1.136394,0.45360595,-0.026394043,0.603606,0.13360596,-0.32639405,-2.116394
2.683606,1.9336059,-0.17639405,-0.036394045,1.7836059,2.453606,1.613606,1.9136059,0.51360595,1.123606,2.433606,2.283606,1.713606,2.5036058,2.333606,2.893606,3.663606,3.293606,2.933606,3.853606,3.7536058,4.163606,4.423606,4.293606,5.953606,7.053606,7.703606,6.563606,5.933606,6.313606,7.033606,7.343606,7.903606,7.213606,6.813606,6.963606,7.673606,8.073606,8.183606,8.573606,9.283606,10.143606,10.493606,1.093606,0.0036059571,0.13360596,0.97360593,1.4236059,1.093606,1.753606,2.043606,2.593606,0.05360596,-2.566394,0.45360595,-0.066394046,-0.19639404,0.803606,0.49360597,-3.0363941
1.463606,1.133606,2.933606,3.153606,-0.20639405,0.44360596,1.103606,1.723606,-0.44639406,0.22360596,1.1736059,2.053606,2.343606,2.7536058,1.4136059,1.603606,2.513606,1.753606,2.873606,3.673606,3.383606,3.063606,3.2536058,3.353606,4.073606,5.083606,5.733606,5.703606,6.613606,5.503606,7.183606,6.463606,5.963606,7.093606,7.643606,7.553606,8.1136055,9.023606,9.213606,9.483606,9.343606,8.943606,9.443606,10.283606,2.093606,3.7336059,0.793606,0.9136059,1.353606,1.6636059,2.163606,1.5636059,1.273606,1.223606,-1.0563941,-2.126394,-2.076394,-3.7563941,-2.206394,-3.056394
-0.65639406,-0.93639404,-0.576394,0.34360597,1.253606,1.9336059,1.093606,0.923606,-1.4663941,-0.66639405,0.69360596,1.5336059,2.383606,2.433606,3.303606,2.783606,2.413606,2.423606,2.703606,2.343606,2.353606,2.273606,3.103606,3.353606,4.863606,4.473606,3.883606,4.063606,4.313606,5.553606,6.1236057,7.193606,8.1136055,8.133606,8.513606,8.103606,8.663606,8.993606,9.103606,8.763606,9.713606,10.253606,9.793606,9.483606,9.673606,5.643606,3.043606,3.353606,2.123606,1.003606,1.603606,0.62360597,1.273606,2.2436059,1.4036059,-4.496394,-3.0163941,-4.326394,-3.816394,-4.416394
-0.56639403,-0.73639405,-0.696394,-0.23639405,0.46360597,1.8036059,2.853606,3.063606,-0.076394044,-1.256394,-0.516394,0.733606,1.2836059,0.50360596,2.583606,2.513606,2.773606,3.2336059,2.413606,1.713606,1.723606,1.9436059,1.863606,3.083606,3.123606,3.563606,3.7336059,4.503606,4.463606,5.283606,5.813606,5.593606,5.963606,7.683606,7.403606,8.023606,8.023606,8.473606,9.343606,9.123606,9.983606,10.493606,9.8636055,10.533606,11.023606,10.733606,9.583606,8.513606,7.233606,5.213606,1.373606,0.22360596,0.57360595,0.27360594,0.023605958,0.27360594,-3.716394,-0.87639403,-3.916394,-6.416394
-1.4563941,-1.176394,-1.646394,-1.3063941,-0.32639405,1.133606,1.8136059,2.583606,-1.296394,-1.8263941,-1.1863941,-0.13639404,0.34360597,-0.49639404,0.64360595,1.8036059,1.8136059,1.463606,2.353606,2.013606,0.983606,2.523606,2.553606,3.143606,3.423606,3.333606,2.833606,3.543606,3.4636059,3.9936059,4.843606,4.453606,5.803606,6.043606,7.023606,7.063606,6.543606,8.163606,8.643606,8.993606,9.373606,9.713606,9.583606,9.803606,10.093606,10.413606,10.373606,10.513606,9.983606,10.163606,8.223606,3.833606,1.583606,0.033605956,0.543606,-1.176394,-2.116394,-4.586394,-3.9963942,-3.876394
-2.356394,-2.096394,-1.876394,-2.0163941,-1.376394,-0.66639405,0.33360595,1.0336059,0.69360596,-1.896394,-2.086394,-2.546394,-1.4463941,-0.81639403,-0.39639404,0.23360595,0.56360596,1.233606,0.32360595,0.52360594,0.0036059571,-0.25639403,1.123606,1.213606,1.583606,2.303606,1.993606,2.2536058,1.9236059,3.133606,4.083606,4.753606,5.793606,6.053606,6.003606,6.513606,9.053606,9.253606,9.923606,10.063606,10.473606,10.603606,10.903606,10.753606,10.813606,10.943606,10.913606,10.453606,10.493606,10.003606,9.353606,9.423606,6.143606,1.4036059,0.45360595,-2.2463942,-1.266394,-3.316394,-4.306394,-5.716394
-3.336394,-3.156394,-3.316394,-3.186394,-2.386394,-1.886394,-1.546394,-1.0763941,-0.73639405,-0.27639404,-0.71639407,-3.886394,-3.056394,-2.716394,-1.986394,-1.236394,-0.13639404,-0.87639403,-0.41639405,0.37360597,-0.46639404,0.983606,-1.2063941,0.95360595,1.073606,1.1536059,2.053606,2.303606,2.4936059,3.023606,4.453606,4.673606,5.003606,5.193606,6.233606,6.493606,7.003606,8.083606,9.033606,9.753606,9.773606,9.833606,10.563606,11.003606,11.293606,11.673606,11.083606,11.053606,11.263606,10.733606,10.203606,9.323606,9.493606,6.413606,0.603606,-0.506394,-2.216394,-3.5163941,-4.576394,-4.966394
-4.476394,-4.1263943,-3.4963942,-2.906394,-3.166394,-3.7863941,-2.7863941,-2.9963942,-2.356394,-2.2863941,-1.1863941,-2.606394,-4.476394,-3.346394,-1.756394,-1.616394,-2.176394,0.043605957,0.43360597,0.013605957,0.90360594,0.22360596,-0.646394,-0.92639405,-0.77639407,-0.52639407,0.21360596,0.52360594,2.203606,3.323606,2.863606,3.833606,4.333606,4.813606,5.643606,6.323606,6.303606,6.943606,7.683606,8.743606,9.133606,9.853606,10.283606,9.823606,10.663606,10.983606,11.703606,10.823606,11.583606,11.273606,12.173606,11.263606,9.913606,9.753606,8.333606,-0.006394043,-3.326394,-2.866394,-5.426394,-6.046394
1.8036059,-2.166394,-3.2863941,-3.156394,-3.446394,-4.436394,-4.456394,-3.2463942,-3.406394,-2.7463942,-2.426394,-4.286394,-4.086394,-4.406394,-2.846394,-2.366394,-2.396394,-1.0763941,-0.97639406,-1.4463941,-1.286394,-0.73639405,-1.886394,-1.756394,-1.516394,-1.676394,-0.90639406,0.673606,1.9336059,2.4736059,2.773606,3.523606,4.263606,4.613606,4.963606,6.563606,6.793606,7.653606,8.553606,8.133606,9.493606,8.493606,9.453606,10.343606,9.823606,9.333606,10.723606,11.343606,10.943606,10.833606,10.913606,12.193606,12.033606,10.203606,10.093606,7.193606,-2.066394,-3.186394,-4.316394,-4.006394
-1.046394,-0.87639403,-1.506394,-1.406394,-2.976394,-3.196394,-3.836394,-4.216394,-4.456394,-3.5263941,-4.166394,-4.506394,-3.2663941,-5.816394,-4.736394,-3.876394,-3.906394,-1.976394,-2.4963942,-1.256394,-1.9363941,-2.956394,-2.486394,-3.966394,-2.716394,-1.8363941,-0.17639405,0.12360596,1.353606,1.8136059,2.393606,3.023606,3.4936059,4.333606,4.423606,5.893606,5.233606,7.403606,7.833606,8.1136055,8.283606,9.753606,9.923606,10.653606,10.403606,10.063606,9.723606,9.923606,9.853606,10.543606,11.173606,10.903606,10.483606,11.413606,11.603606,5.133606,7.843606,-3.306394,-3.616394,-4.036394
-0.766394,-1.4463941,-1.656394,-1.5663941,-1.366394,-1.626394,-2.106394,-3.5363941,-5.056394,-4.906394,-4.736394,-4.066394,-4.6463943,-6.856394,-5.826394,-5.356394,-6.136394,-3.176394,-2.226394,-2.5363941,-1.9663941,-2.846394,-4.856394,-4.786394,-3.7463942,-1.656394,-1.3263941,0.23360595,1.333606,1.753606,2.623606,2.523606,3.4636059,3.573606,4.463606,4.723606,5.8536057,6.233606,7.763606,8.1136055,8.343606,7.713606,9.313606,9.993606,10.763606,12.223606,11.963606,11.643606,11.383606,10.853606,10.633606,10.303606,10.143606,10.673606,11.463606,9.883606,6.773606,7.793606,3.893606,-4.016394
-0.74639404,-0.956394,-0.956394,-1.2063941,-2.066394,-1.5963941,-2.5063941,-3.5163941,-3.846394,-5.666394,-5.686394,-4.856394,-5.196394,-8.516394,-6.786394,-5.586394,-7.936394,-5.596394,-2.916394,-2.7563941,-3.616394,-4.456394,-4.606394,-3.586394,-5.026394,-3.386394,-2.856394,0.013605957,-0.29639405,1.133606,1.643606,2.403606,2.143606,3.853606,3.4736059,4.823606,6.193606,6.193606,6.633606,7.403606,8.893606,9.273606,10.173606,9.663606,10.473606,10.783606,10.183606,11.193606,9.913606,11.043606,10.343606,9.123606,10.453606,10.173606,10.093606,10.133606,5.893606,4.933606,3.303606,1.9136059
-0.42639405,-0.99639404,-1.3463941,-1.546394,-2.466394,-2.0163941,-2.166394,-2.9963942,-4.286394,-4.576394,-5.666394,-6.756394,-7.656394,-9.076394,-8.446394,-6.726394,-7.606394,-6.586394,-5.516394,-4.206394,-5.696394,-7.1263943,-5.976394,-5.946394,-4.906394,-3.206394,-2.386394,-1.636394,-0.106394045,0.853606,1.503606,2.393606,2.773606,2.4736059,2.873606,3.813606,5.3536057,5.953606,6.743606,7.773606,9.213606,7.983606,9.283606,10.013606,10.313606,10.603606,11.063606,10.763606,11.513606,10.423606,10.993606,10.733606,11.293606,10.093606,10.773606,8.733606,4.303606,5.773606,6.433606,4.463606
-0.046394043,0.14360596,-0.08639404,-0.80639404,-1.9363941,-2.466394,-2.916394,-3.2563941,-4.096394,-4.216394,-4.786394,-6.066394,-8.416394,-10.286394,-9.616394,-9.376394,-8.766394,-7.966394,-6.8963943,-6.516394,-6.686394,-6.246394,-5.356394,-4.836394,-3.5163941,-2.166394,-1.9463941,-0.67639405,-0.08639404,0.50360596,0.83360595,1.7936059,1.643606,2.553606,3.433606,4.153606,5.633606,5.213606,6.113606,6.773606,7.993606,8.8636055,9.243606,9.313606,10.953606,10.583606,10.403606,10.763606,10.493606,10.593606,10.093606,10.333606,11.383606,11.383606,11.993606,10.493606,3.773606,4.463606,5.1236057,6.503606
-1.3063941,-0.33639404,0.12360596,0.16360596,-0.84639406,-2.2763941,-3.666394,-3.956394,-4.546394,-4.356394,-4.616394,-5.836394,-7.636394,-10.506394,-11.196394,-11.146394,-10.706394,-8.916394,-7.556394,-6.886394,-8.286394,-7.826394,-7.216394,-5.046394,-3.866394,-3.066394,-2.7563941,-1.5663941,-0.38639405,0.13360596,1.4336059,1.393606,1.983606,1.843606,3.043606,3.453606,4.433606,4.703606,5.963606,6.613606,8.123606,8.783606,9.013606,9.843606,9.693606,9.393606,9.703606,10.133606,10.243606,10.503606,10.843606,11.083606,11.583606,10.303606,11.103606,7.453606,2.523606,4.423606,5.743606,3.7336059
-1.5863941,-0.896394,0.043605957,0.20360595,0.78360593,-1.516394,-3.146394,-4.196394,-5.756394,-5.606394,-5.026394,-4.836394,-7.616394,-10.166394,-11.926394,-12.046394,-11.746394,-10.686394,-9.466394,-6.386394,-9.476394,-9.286394,-7.666394,-7.036394,-4.236394,-3.2463942,-3.346394,-1.6963941,-0.29639405,0.103605956,0.49360597,0.993606,1.473606,3.2136059,1.9336059,3.0036058,3.613606,4.593606,5.793606,6.613606,6.8536057,6.903606,8.683606,8.063606,8.623606,9.003606,9.553606,8.753606,9.153606,9.633606,10.623606,10.103606,10.123606,9.393606,10.973606,10.433606,9.523606,5.243606,5.963606,8.933606
-2.866394,-2.146394,-0.72639406,0.033605956,0.45360595,0.17360596,-1.276394,-3.476394,-5.606394,-5.676394,-5.446394,-5.716394,-7.336394,-10.326394,-12.926394,-13.806394,-13.306394,-11.936394,-9.866394,-9.476394,-10.016394,-9.866394,-8.766394,-7.936394,-6.096394,-4.526394,-3.136394,-1.896394,-0.93639404,-0.36639404,-0.11639404,0.78360593,1.363606,1.2936059,2.273606,2.453606,3.593606,4.763606,4.923606,5.233606,6.443606,6.833606,7.6236057,7.963606,8.223606,8.443606,8.403606,8.753606,8.683606,8.833606,8.403606,9.243606,9.463606,9.573606,9.323606,8.903606,9.603606,10.003606,10.223606,8.953606
-2.7463942,-1.616394,-0.73639405,0.26360595,0.14360596,-0.16639404,-1.626394,-2.416394,-4.936394,-6.166394,-5.686394,-6.016394,-7.1463943,-10.1363945,-12.686394,-14.426394,-14.276394,-12.3863945,-11.496394,-11.406394,-10.8863945,-10.336394,-8.596394,-8.256394,-6.916394,-4.766394,-2.946394,-1.9363941,-0.706394,0.84360594,1.023606,1.3036059,1.383606,2.313606,2.033606,2.7336059,4.463606,4.003606,4.563606,5.453606,6.213606,6.363606,6.1236057,6.693606,7.433606,7.553606,7.913606,8.203606,7.583606,8.923606,9.3636055,7.483606,8.813606,8.543606,7.553606,7.283606,8.123606,8.8636055,8.6136055,9.283606
-2.336394,-1.756394,0.6636059,0.613606,1.603606,1.463606,-1.766394,-3.546394,-4.766394,-6.886394,-6.706394,-6.806394,-7.176394,-10.186394,-13.006394,-14.306394,-14.626394,-13.366394,-11.766394,-11.906394,-11.246394,-9.826394,-10.006394,-8.986394,-7.966394,-6.426394,-4.256394,-1.926394,-1.1863941,-0.93639404,-0.56639403,2.123606,0.90360594,1.0436059,1.623606,2.4736059,2.693606,3.9736059,4.343606,5.183606,4.763606,5.833606,6.053606,5.393606,6.253606,6.733606,7.323606,7.573606,8.023606,8.583606,6.743606,6.733606,7.223606,7.653606,7.993606,8.043606,7.813606,9.053606,8.823606,8.443606
-3.546394,-0.68639404,0.853606,2.933606,3.073606,1.113606,1.1936059,-4.506394,-4.856394,-6.866394,-6.786394,-6.886394,-8.046394,-9.716394,-12.406394,-14.846394,-14.776394,-12.856394,-10.476394,-10.656394,-11.816394,-9.866394,-8.856394,-8.686394,-7.726394,-6.386394,-5.296394,-3.196394,-1.106394,0.08360596,0.65360594,0.31360596,1.0336059,-0.18639404,0.83360595,1.9436059,1.973606,2.533606,3.153606,3.9836059,5.073606,4.953606,5.043606,5.333606,5.683606,6.003606,6.303606,7.033606,7.733606,6.843606,7.433606,5.013606,5.253606,6.383606,6.3736057,7.033606,7.423606,7.403606,7.893606,7.803606
