json/gfs_20240724_06.json
{"header": { "discipline":0, "disciplineName":"Meteorological products", "gribEdition":2, "gribLength":79570, "center":7, "centerName":"US National Weather Service - NCEP(WMC)", "subcenter":0, "refTime":"2024-07-24T06:00:00.000Z", "significanceOfRT":1, "significanceOfRTName":"Start of forecast", "productStatus":0, "productStatusName":"Operational products", "productType":1, "productTypeName":"Forecast products", "productDefinitionTemplate":0, "productDefinitionTemplateName":"Analysis/forecast at horizontal level/layer at a point in time", "parameterCategory":2, "parameterCategoryName":"Momentum", "parameterNumber":3, "parameterNumberName":"V-component_of_wind", "parameterUnit":"m.s-1", "genProcessType":2, "genProcessTypeName":"Forecast", "forecastTime":0, "surface1Type":103, "surface1TypeName":"Specified height level above ground", "surface1Value":10.0, "surface2Type":255, "surface2TypeName":"Missing", "surface2Value":0.0, "gridDefinitionTemplate":0, "gridDefinitionTemplateName":"Latitude_Longitude", "numberPoints":65160, "shape":6, "shapeName":"Earth spherical with radius of 6,371,229.0 m", "gridUnits":"degrees", "resolution":48, "winds":"true", "scanMode":0, "nx":360, "ny":181, "basicAngle":0, "lo1":0.0, "la1":90.0, "lo2":359.0, "la2":-90.0, "dx":1.0, "dy":1.0 }, "data":
[rows 0 to 25 of 181, columns 0 to 58 of 360]
-1.4868653,-1.4268652,-1.3768653,-1.3268652,-1.2768652,-1.2168652,-1.1668652,-1.1068653,-1.0568652,-0.9968652,-0.94686526,-0.88686526,-0.83686525,-0.77686524,-0.71686524,-0.6668652,-0.6068652,-0.5468652,-0.49686524,-0.43686524,-0.37686524,-0.32686523,-0.26686522,-0.20686524,-0.14686523,-0.08686523,-0.036865234,0.023134766,0.08313476,0.14313477,0.19313477,0.25313476,0.31313476,0.37313476,0.43313476,0.48313478,0.54313475,0.60313475,0.65313476,0.71313477,0.77313477,0.8231348,0.8831348,0.9331348,0.99313474,1.0431348,1.1031348,1.1531348,1.2131348,1.2631347,1.3131348,1.3731347,1.4231348,1.4731348,1.5231347,1.5731348,1.6231347,1.6831348,1.7231348
-3.0768652,-3.0168653,-2.9568653,-2.8968651,-2.8468652,-2.7868652,-2.7268653,-2.6668653,-2.5968652,-2.5268652,-2.4468653,-2.3768651,-2.2968652,-2.2168653,-2.1368651,-2.0568652,-1.9768653,-1.9068652,-1.8268652,-1.7468653,-1.6668652,-1.5868652,-1.5068653,-1.4268652,-1.3468652,-1.2668653,-1.1668652,-1.0768652,-0.97686523,-0.8768652,-0.78686523,-0.6868652,-0.58686525,-0.49686524,-0.39686525,-0.30686525,-0.20686524,-0.106865235,0.0031347657,0.113134764,0.21313477,0.32313478,0.43313476,0.54313475,0.65313476,0.77313477,0.8731348,0.98313475,1.0831348,1.1931348,1.2931348,1.3931347,1.5031347,1.6031348,1.7131348,1.8031348,1.9031348,2.0031347,2.1031349
-3.2068653,-3.0968652,-2.9868653,-2.8768651,-2.7568653,-2.6268651,-2.5168653,-2.3868651,-2.2468653,-2.1068652,-1.9668652,-1.8368652,-1.6968652,-1.5568652,-1.4168652,-1.2968652,-1.1668652,-1.0368652,-0.89686525,-0.77686524,-0.65686524,-0.5468652,-0.43686524,-0.33686525,-0.24686523,-0.13686523,-0.046865236,0.06313477,0.15313476,0.25313476,0.35313475,0.46313477,0.5631348,0.6831348,0.78313476,0.90313476,1.0131347,1.1331347,1.2431347,1.3531348,1.4531348,1.5531348,1.6531348,1.7531347,1.8431348,1.9431348,2.0331347,2.1531348,2.2631347,2.3831348,2.5031347,2.6231349,2.7531347,2.8731349,3.0131347,3.1531348,3.2931347,3.4431348,3.5931349
-0.50686526,-0.15686524,0.26313478,0.7031348,1.1231347,1.5131347,1.8831347,2.1431348,2.3831348,2.6231349,2.8031347,2.9731348,3.1331348,3.2431347,3.3531349,3.4531348,3.5531347,3.6531348,3.7331347,3.8131347,3.8831348,3.9431348,4.0031347,4.0431347,4.073135,4.093135,4.1231346,4.133135,4.1431346,4.1631346,4.193135,4.223135,4.2331347,4.2031345,4.1831346,4.153135,4.0831347,4.013135,3.9331348,3.8831348,3.8231347,3.7531347,3.7031348,3.6631348,3.6331348,3.6231349,3.6231349,3.6331348,3.6431348,3.6631348,3.7031348,3.7531347,3.8131347,3.8831348,3.9431348,4.0231347,4.1031346,4.173135,4.243135
4.8931346,5.193135,5.4531345,5.653135,5.823135,5.9131346,6.0031347,6.0431347,6.093135,6.093135,6.1031346,6.093135,6.0831347,6.073135,6.053135,6.0231347,5.993135,5.943135,5.883135,5.8131347,5.743135,5.7331347,5.743135,5.743135,5.763135,5.823135,5.923135,5.963135,6.033135,6.133135,6.2331347,6.303135,6.303135,6.2731347,6.1831346,6.073135,5.9331346,5.803135,5.653135,5.463135,5.303135,5.173135,5.033135,4.883135,4.743135,4.6231346,4.5231347,4.4331346,4.3531346,4.243135,4.133135,3.9931347,3.8531349,3.7431347,3.6431348,3.5231347,3.4231348,3.3431349,3.3031347
6.113135,6.363135,6.513135,6.633135,6.693135,6.723135,6.7331347,6.783135,6.863135,6.9831347,7.033135,7.073135,7.1031346,7.173135,7.263135,7.3331347,7.363135,7.403135,7.3931346,7.323135,7.2731347,7.113135,6.863135,6.693135,6.513135,6.323135,6.213135,6.1631346,6.1231346,6.0431347,6.0031347,6.0031347,5.923135,5.843135,5.6231346,5.2931347,5.013135,4.843135,4.6631346,4.383135,4.033135,3.7531347,3.4831347,3.1931348,2.9431348,2.7331347,2.5831347,2.5531347,2.5931349,2.6831348,2.7531347,2.7831347,2.7731347,2.7331347,2.7931347,2.8631349,2.9331348,2.9931347,3.0731347
6.0831347,6.2531347,6.403135,6.5031347,6.5831347,6.633135,6.6431346,6.6031346,6.573135,6.5431347,6.5031347,6.403135,6.243135,6.1031346,6.0031347,5.963135,6.0231347,6.093135,6.1231346,6.153135,6.073135,5.993135,5.903135,5.803135,5.653135,5.493135,5.343135,5.193135,5.0231347,4.8931346,4.7931347,4.6831346,4.5831347,4.463135,4.3131347,4.1831346,4.013135,3.8431349,3.6931348,3.5031347,3.2331347,2.9331348,2.6531348,2.4031348,2.2631347,2.2031348,2.2431347,2.3631349,2.5831347,2.8231347,3.0431347,3.2031348,3.3331347,3.4031348,3.4431348,3.4831347,3.5431347,3.5931349,3.6831348
6.223135,6.2031345,6.2031345,6.173135,6.073135,5.8931346,5.613135,5.283135,5.0431347,4.963135,5.0231347,5.223135,5.223135,5.193135,5.1031346,5.053135,5.0431347,4.993135,4.783135,4.513135,4.213135,3.8731349,3.5731347,3.4031348,3.3231347,3.2831347,3.2031348,3.1231349,3.0331347,2.8331347,2.6131349,2.3831348,2.1831348,2.0331347,1.8131348,1.7331347,1.7131348,1.7531347,1.9131348,2.0731347,2.2731347,2.4631348,2.6731348,2.9731348,3.2531347,3.4931347,3.6831348,3.8431349,3.9731348,4.073135,4.1431346,4.213135,4.2331347,4.193135,4.1631346,4.173135,4.133135,4.113135,4.1031346
4.5231347,4.6031346,4.6431346,4.6231346,4.593135,4.5831347,4.5231347,4.423135,4.303135,4.133135,3.9731348,3.8831348,3.7431347,3.4931347,3.0431347,2.5331347,2.2531347,2.1631348,2.1931348,2.1031349,1.8631347,1.5431348,1.3531348,1.3831347,1.5031347,1.5131347,1.4731348,1.5331348,1.6731348,1.7531347,1.7931348,1.9831347,2.2331347,2.4831347,2.7131348,2.8931348,3.1531348,3.4431348,3.7331347,3.9331348,4.013135,4.173135,4.3131347,4.3331347,4.2531347,4.2331347,4.3331347,4.513135,4.7331347,4.863135,4.923135,5.053135,5.283135,5.573135,5.8931346,6.153135,6.323135,6.2931347,5.713135
3.8631349,3.8731349,3.8731349,3.6531348,3.3331347,3.0631347,2.7931347,2.5231347,2.4331348,2.4631348,2.4231348,2.3831348,2.1231349,1.3131348,0.6431348,0.13313477,0.0031347657,-0.30686525,-0.77686524,-0.5668652,-0.056865234,-0.25686523,-0.64686525,-0.7968652,-0.47686523,0.53313476,2.0131347,2.9831347,3.0331347,3.7631347,5.033135,5.4831347,5.673135,5.713135,6.013135,6.4531345,6.8331347,7.1631346,7.3531346,7.553135,7.5631347,7.6631346,7.8331347,8.153134,8.633135,9.533134,8.863134,5.113135,5.783135,7.473135,6.2731347,3.9931347,5.173135,7.723135,11.273135,6.903135,4.513135,4.473135,2.2431347
3.4731348,3.6631348,4.2331347,4.883135,4.4531345,4.303135,4.013135,3.3631349,2.9231348,2.5231347,1.6131347,1.4831347,-0.57686526,-1.4868653,-2.5168653,-0.9268652,1.5031347,3.5631347,3.3031347,1.7231348,1.7831348,2.1731348,2.5131347,4.6831346,6.653135,6.4831347,4.883135,6.803135,6.573135,6.1231346,5.843135,5.903135,5.9831347,6.2331347,6.3731346,6.533135,6.7031345,6.803135,6.883135,7.0431347,7.303135,7.6231346,7.763135,7.743135,7.5831347,7.423135,7.1031346,6.4331346,6.363135,6.653135,7.3931346,6.2931347,5.863135,4.6431346,4.8731346,4.5031347,3.3831348,2.6031349,3.6231349
3.1431348,3.5731347,4.693135,5.133135,5.363135,5.283135,4.763135,3.9731348,3.1131349,2.2331347,1.8431348,2.1731348,-0.31686524,1.1231347,2.0231347,2.2331347,1.8431348,1.6231347,1.7331347,1.5631348,0.8331348,1.4931347,2.2431347,2.3131347,2.4631348,2.5131347,2.8931348,3.3831348,3.9331348,4.553135,5.2031345,5.493135,5.7531347,6.2531347,6.8931346,7.493135,7.823135,8.153134,8.7431345,9.403134,9.693134,9.713135,9.703135,9.673135,9.503135,9.503135,9.183135,8.723135,8.423135,7.883135,7.473135,7.173135,6.803135,6.3731346,5.9831347,5.6631346,5.213135,4.7731347,4.593135
6.1031346,5.7331347,5.303135,5.033135,4.8131347,4.7731347,4.403135,3.6631348,2.8231347,1.9231348,1.2631347,1.0931348,0.74313474,2.3831348,1.3131348,1.2531347,1.9531348,1.0131347,1.4031348,1.5331348,1.8231348,-0.20686524,1.8131348,0.55313474,0.45313478,3.9631348,3.7831347,3.5831347,3.3731349,3.8031347,4.243135,5.5831347,6.6031346,7.213135,7.5831347,7.8731346,8.223135,8.623135,9.053135,9.513135,9.803135,10.053135,10.113134,9.803135,9.413135,9.473135,9.373135,9.173135,9.133135,8.443134,8.153134,7.863135,7.443135,6.5631347,5.6831346,5.403135,4.883135,4.1031346,3.3731349
6.073135,6.153135,6.153135,5.783135,5.5231347,5.033135,4.7931347,4.403135,3.0431347,1.6831348,0.42313477,-0.47686523,-1.2168652,-0.26686522,3.1131349,0.47313476,1.3531348,-0.39686525,-1.5268652,-0.89686525,-0.016865235,1.5731348,2.0531347,2.5031347,2.5831347,2.6431348,2.7031348,2.6231349,3.2031348,4.113135,4.8931346,5.633135,6.1631346,6.573135,7.1031346,7.5831347,8.063135,8.863134,9.463135,9.853135,10.393135,10.843135,10.723135,10.203135,9.883135,9.263135,9.213135,8.123135,7.5831347,7.173135,7.0631347,6.973135,6.3331347,4.5831347,4.0431347,4.343135,4.093135,3.5931349,2.9431348
6.0231347,5.5631347,5.243135,5.323135,5.533135,5.593135,5.2931347,4.973135,4.0031347,2.4731348,0.91313475,-0.24686523,-1.0368652,-1.4168652,-1.5468652,-0.8668652,2.1131349,2.0431347,0.34313476,1.7931348,3.1431348,3.4531348,3.5731347,3.5431347,3.3131347,3.2231348,3.3031347,3.4431348,3.4831347,3.8631349,4.593135,5.443135,6.323135,7.093135,7.8131347,8.533134,9.333135,10.013135,10.513135,10.553135,10.373135,10.503135,10.253135,9.323134,8.683135,8.063135,7.723135,7.2531347,6.6831346,6.2031345,5.613135,4.9831347,3.0531347,3.8231347,3.8331347,3.6931348,3.4331348,2.5731347,1.4931347
5.593135,5.283135,4.6231346,4.473135,4.843135,5.1831346,5.133135,4.8131347,4.4831347,4.073135,2.8131347,0.8731348,-0.77686524,-1.4268652,-1.7068652,-2.5068653,-1.8968652,-0.51686525,-0.016865235,2.7231348,2.8731349,4.1431346,4.133135,4.013135,3.4431348,2.5531347,2.1431348,2.7031348,3.3731349,4.573135,5.843135,6.5031347,6.8331347,7.2531347,7.923135,8.393135,8.733135,9.223135,9.693134,9.763135,9.553135,9.083135,8.373135,8.043135,7.6631346,7.093135,6.6831346,6.3331347,5.723135,4.803135,4.2031345,4.073135,3.8631349,3.1731348,2.3431349,2.4031348,1.9031348,1.2231348,2.1831348
4.9131346,4.6631346,4.6631346,4.5631347,4.9531345,5.2731347,5.193135,5.1031346,4.903135,4.403135,3.4331348,2.3131347,1.2531347,0.14313477,-0.8568652,-2.2668653,-3.0268652,-2.8568652,-1.8368652,-1.3668653,0.043134764,1.0631348,1.8031348,2.2331347,1.5831348,1.4731348,2.2831347,3.4631348,4.223135,5.613135,6.443135,7.303135,8.173135,7.863135,7.6831346,7.8931346,7.9831347,8.073134,8.163135,8.123135,7.9131346,7.2931347,6.673135,6.363135,6.0431347,5.8131347,5.7331347,5.403135,4.723135,4.243135,3.4331348,3.3431349,2.2231348,0.39313477,0.16313477,-0.30686525,0.8931348,0.99313474,0.29313478
4.4131346,4.403135,4.673135,4.973135,5.343135,5.5231347,5.573135,5.633135,5.5231347,5.2031345,4.3331347,3.3031347,2.4931347,1.5731348,0.65313476,-0.6268652,-1.4368652,-1.7168652,-1.3968652,-1.2468653,-1.8968652,-1.6868652,-1.0868652,-0.83686525,-0.31686524,0.55313474,2.1431348,3.8231347,5.4131346,6.193135,6.8131347,6.9831347,7.3331347,7.323135,7.3931346,7.443135,7.633135,7.803135,7.7531347,7.5231347,7.1231346,6.593135,6.053135,5.823135,5.403135,5.033135,4.8131347,4.6431346,4.403135,3.6531348,3.2531347,2.5731347,2.0531347,-0.6268652,1.4131348,2.0031347,0.26313478,-3.2068653,-2.1768653
5.0431347,5.533135,5.843135,6.1031346,6.1831346,5.713135,5.863135,6.093135,5.883135,5.823135,5.113135,4.2331347,3.1431348,2.1131349,1.2931348,-0.12686524,-1.2568653,-2.0368652,-1.9168652,-3.4668653,-3.2868652,-2.7968652,-1.7568653,-1.8568653,-0.97686523,2.1231349,5.8731346,5.1031346,5.4131346,4.3731346,5.963135,5.823135,5.803135,6.173135,6.5231347,6.843135,6.8531346,6.9131346,6.883135,6.8331347,6.9331346,6.9131346,6.383135,5.7531347,5.5831347,5.633135,5.4331346,4.9531345,4.213135,3.5731347,2.6431348,-0.38686523,-0.42686522,0.9331348,1.5531348,-1.3868653,-4.036865,2.8431349,2.6431348
6.5231347,6.993135,7.4131346,7.133135,6.7531347,6.3731346,6.0831347,5.743135,5.823135,5.943135,5.573135,4.713135,3.4831347,2.3431349,1.6331347,1.5731348,0.47313476,-2.1968653,-3.0168653,-3.4368653,-3.7468653,-3.3968651,-1.0368652,1.5331348,2.7031348,0.71313477,-0.43686524,4.5031347,5.173135,5.963135,5.2331347,4.5831347,4.553135,4.4331346,5.5231347,6.653135,6.6631346,6.9331346,7.223135,7.473135,7.0431347,6.713135,6.3531346,5.973135,5.133135,4.7731347,4.5431347,4.1431346,3.5731347,3.0131347,2.6531348,1.8331348,1.2231348,1.1631348,-0.15686524,0.5831348,0.73313475,1.5731348,1.5031347
7.153135,8.063135,7.5831347,7.973135,7.963135,7.513135,6.2531347,4.973135,5.4131346,5.093135,5.263135,4.193135,2.9431348,2.4731348,2.9231348,2.4231348,0.55313474,-1.7868652,-2.8668652,-0.58686525,-4.9968653,0.6431348,-0.58686525,-3.6568651,4.113135,5.173135,4.0031347,4.493135,6.113135,4.243135,0.13313477,-0.21686524,2.9031348,3.3431349,4.3731346,4.463135,5.5631347,6.213135,6.923135,6.903135,6.4131346,5.9331346,5.5831347,4.943135,4.3331347,3.6231349,2.8431349,2.1831348,1.4931347,1.0131347,0.52313477,-0.046865236,-0.30686525,-0.12686524,-0.046865236,-0.41686523,-0.63686526,-1.2168652,-2.8268652
8.283134,7.803135,6.903135,7.033135,7.4131346,7.653135,6.8531346,5.1031346,4.9531345,3.6931348,4.173135,2.7131348,1.6631348,3.8231347,2.7031348,0.79313475,-1.3668653,-3.0968652,0.42313477,-1.7868652,0.42313477,4.3731346,4.963135,5.3331347,4.8931346,4.193135,2.9931347,2.6431348,2.8831348,2.1631348,3.0131347,3.9731348,3.0431347,2.3931348,3.3231347,2.4531348,2.8231347,3.8431349,5.263135,6.283135,5.5231347,4.673135,3.1931348,3.1531348,3.0631347,2.8231347,2.0031347,1.7931348,2.2031348,0.71313477,-0.46686524,-0.59686524,-0.71686524,-0.20686524,-0.17686523,-0.6868652,-1.2868652,-2.0568652,-2.5568652
7.7731347,7.783135,6.8931346,6.383135,6.5031347,6.513135,5.8931346,4.673135,3.6731348,2.2631347,3.3131347,1.1031348,0.09313477,2.0631347,-1.1368653,0.53313476,-0.44686523,-1.3968652,-2.3468652,1.9431348,2.0331347,1.6231347,2.5631347,2.5031347,2.4731348,2.3031347,1.9431348,2.2831347,1.9631348,1.8931347,1.5431348,1.7231348,3.4431348,3.0331347,0.91313475,0.85313475,3.8531349,3.4831347,2.7331347,4.013135,4.743135,3.7531347,3.5231347,2.7631347,2.3431349,1.4331348,0.26313478,-1.2168652,-1.2468653,-2.7768652,-0.20686524,0.17313476,-0.41686523,-1.3568653,-1.9768653,-1.4668652,-1.6468652,-1.1668652,-1.2268653
7.5431347,7.2731347,6.403135,5.883135,5.3931346,5.0831347,4.4331346,3.4431348,2.2431347,1.4331348,1.3831347,-0.24686523,0.43313476,-0.6068652,-0.82686526,-2.8468652,-1.7268653,-3.3168652,0.40313476,0.0031347657,0.5131348,0.14313477,1.8231348,2.4131348,2.4531348,2.6331348,2.8531349,2.2231348,1.8431348,2.6331348,2.1531348,1.6131347,1.1031348,1.7131348,1.5131347,1.5931348,1.5431348,1.7931348,2.0031347,2.7231348,2.4331348,0.38313475,0.6331348,1.4731348,0.39313477,-0.90686524,-1.8068652,-1.7868652,1.7831348,0.38313475,-0.39686525,-0.9868652,-1.6368653,-1.3168652,-0.8668652,-0.77686524,-0.64686525,-1.0368652,-1.8568653
6.633135,5.9131346,5.3131347,4.803135,4.013135,3.3531349,2.6031349,1.5231347,0.72313476,0.35313475,-0.9168652,-3.1868653,-1.1968652,-1.6368653,-1.2868652,-1.6868652,-2.1068652,-2.6768653,-2.9668653,1.9931347,1.1931348,0.5031348,1.6231347,2.3231347,2.3831348,2.1931348,2.1231349,2.3431349,2.2031348,2.8131347,2.0731347,0.73313475,1.9831347,1.5731348,1.3431348,3.1631348,2.0031347,2.8231347,0.7531348,-1.6868652,-3.1368651,-3.1468651,-0.6868652,0.14313477,-0.46686524,-0.8068652,-0.70686525,-0.48686522,-0.016865235,-0.0068652346,-0.6768652,-1.2668653,-2.1368651,-1.6568652,-1.4068652,-1.8068652,-0.95686525,-0.7468652,-0.84686524
5.8731346,4.9131346,4.263135,3.7731347,3.4131348,2.3431349,0.65313476,-0.6168652,-0.88686526,-1.1968652,-2.9868653,-5.406865,-0.7368652,-0.78686523,-0.43686524,-3.9468653,-1.9368652,-1.9668652,-1.0168653,0.29313478,0.16313477,0.09313477,0.72313476,2.6231349,3.5631347,3.3431349,3.0131347,2.6531348,1.9931347,1.9531348,1.1931348,1.3131348,1.6431347,1.4731348,1.1331347,1.2831348,1.3631347,-1.3868653,-1.2168652,-0.40686524,-0.6668652,-1.0168653,-1.3068652,-1.3768653,-1.2768652,-0.8568652,-1.0268652,-0.8068652,-0.83686525,-0.6868652,-1.6268653,-2.0868652,-1.6368653,-1.7768652,-1.3868653,-0.47686523,1.9931347,2.2031348,-0.9968652
