json/gfs_20240718_00.json
{"header": { "discipline":0, "disciplineName":"Meteorological products", "gribEdition":2, "gribLength":79790, "center":7, "centerName":"US National Weather Service - NCEP(WMC)", "subcenter":0, "refTime":"2024-07-18T00:00:00.000Z", "significanceOfRT":1, "significanceOfRTName":"Start of forecast", "productStatus":0, "productStatusName":"Operational products", "productType":1, "productTypeName":"Forecast products", "productDefinitionTemplate":0, "productDefinitionTemplateName":"Analysis/forecast at horizontal level/layer at a point in time", "parameterCategory":2, "parameterCategoryName":"Momentum", "parameterNumber":2, "parameterNumberName":"U-component_of_wind", "parameterUnit":"m.s-1", "genProcessType":2, "genProcessTypeName":"Forecast", "forecastTime":0, "surface1Type":103, "surface1TypeName":"Specified height level above ground", "surface1Value":10.0, "surface2Type":255, "surface2TypeName":"Missing", "surface2Value":0.0, "gridDefinitionTemplate":0, "gridDefinitionTemplateName":"Latitude_Longitude", "numberPoints":65160, "shape":6, "shapeName":"Earth spherical with radius of 6,371,229.0 m", "gridUnits":"degrees", "resolution":48, "winds":"true", "scanMode":0, "nx":360, "ny":181, "basicAngle":0, "lo1":0.0, "la1":90.0, "lo2":359.0, "la2":-90.0, "dx":1.0, "dy":1.0 }, "data":
[rows 52 to 77 of 181, columns 114 to 170 of 360]
3.9977295,2.0777295,3.6377294,3.9977295,5.0277295,4.8777294,3.3677294,2.9677296,2.6677294,1.7877295,1.2777295,2.0577295,3.9677296,4.1577296,2.6177294,-6.0022707,0.49772948,3.0277295,4.3477297,3.8377295,2.8777294,2.4677296,4.0277295,4.5477295,2.4477296,-0.4822705,1.4477295,-1.3622705,1.8477294,0.4177295,-0.67227054,-1.8322705,-4.2522707,-5.3922706,-5.3122706,-4.0222707,-2.7522705,-1.4022706,2.8177295,5.3477297,5.5377293,6.2477293,3.5077295,3.6077294,3.2677295,3.2477295,3.0477295,3.3377295,4.1677294,4.4977293,4.1177297,4.5477295,5.0077295,4.4577293,3.7577295,1.6377295,0.5677295
1.8177295,1.3777295,2.0977294,4.0477295,3.7677295,4.1977296,3.1677294,2.7277296,1.5977294,-1.3022705,-6.4922705,-1.0422705,0.9377295,3.4577296,0.6277295,2.7077296,0.2177295,2.8077295,2.5377295,1.7577295,-1.0122705,-1.0222706,0.15772949,0.15772949,-0.24227051,0.7377295,-0.3322705,0.8677295,2.5277295,3.1477294,2.0477295,1.8177295,1.0877295,3.2677295,3.5177295,1.3277295,1.2077295,0.7877295,2.1777296,4.4977293,5.8377295,6.0577297,5.6977296,4.6477294,3.3077295,3.1977296,2.6777296,3.5677295,3.1277294,4.8877296,5.4077296,4.8577294,4.8577294,4.8477297,3.7277296,3.0977294,1.1277295
1.0177295,2.7677295,3.2077296,1.4477295,2.0077295,2.9977295,2.5677295,5.1977296,8.327729,17.57773,11.64773,3.1577294,2.6777296,1.1777295,-0.2922705,3.2077296,1.1077294,1.7477295,1.4677294,-0.3622705,-0.7922705,-1.1522706,-0.12227051,-0.3722705,0.23772949,-1.5422705,0.8477295,0.4577295,2.0977294,3.3677294,4.3577294,6.1477294,7.5777297,6.7777295,5.2777295,4.9477296,3.3777294,1.4977295,1.0477295,3.4577296,4.7277293,4.9877295,5.8277297,3.9877295,3.6877296,2.4777296,1.9977295,2.1977296,3.1377294,3.3677294,3.7877295,2.8877294,3.9177294,4.4077296,4.0077295,3.6277294,0.69772947
2.8177295,2.5477295,2.4877295,2.5377295,3.0477295,3.5777295,7.9077296,6.0577297,10.957729,12.197729,9.47773,2.3277295,5.5277295,0.5577295,0.6077295,2.2477295,2.0377295,-0.4622705,1.2077295,0.7877295,-0.55227053,0.6677295,0.7977295,0.9077295,1.7077295,0.1877295,-0.072270505,1.7577295,1.4577295,0.1977295,3.9277296,6.3677297,7.1077294,7.5677295,6.1977296,7.2577295,5.9277296,5.8677297,2.5077295,1.7877295,2.8377295,3.6977296,5.8677297,4.9277296,4.7877293,3.6177294,2.3777294,2.9977295,3.6477294,2.1877296,2.0377295,0.15772949,2.9377296,1.3077295,2.4177294,3.5877295,0.6677295
2.0177295,1.9377295,0.6577295,2.6377294,4.7777295,3.5777295,3.7977295,5.1677294,5.9077296,4.9777293,6.7877293,4.7577295,3.4877295,1.4977295,0.82772946,1.2477295,1.3377295,-2.8222704,-1.9322705,-0.41227052,0.5277295,-1.9922705,1.4277295,5.0077295,6.6677294,8.30773,8.09773,7.0777297,6.3677297,6.5577297,5.6877294,6.8377295,7.7477293,6.8777294,7.5277295,8.63773,7.1077294,6.3577294,5.1277294,5.0777297,3.7277296,4.0877295,4.8477297,6.7377295,7.5177293,8.06773,7.0377293,3.6877296,4.0977297,2.3977294,3.5677295,0.4177295,0.7277295,-1.3822705,2.6277294,0.4477295,0.11772949
0.2677295,-2.1722705,0.5277295,2.1477294,2.9877295,3.3977294,2.7877295,4.5477295,3.4977295,-1.3522705,2.9177294,4.9577293,3.4977295,3.5177295,2.7277296,-0.80227053,-0.032270506,0.8677295,-1.6922705,-1.1822705,2.3677294,2.6477294,3.6477294,4.6977296,5.7877293,6.5377293,6.7677293,6.5677295,6.7177296,6.9777293,7.2077293,7.0977297,5.9077296,4.8777294,8.35773,8.21773,7.9877295,7.3077297,6.2977295,6.5777297,6.2277293,5.7377295,6.2277293,6.7377295,7.5177293,8.5477295,7.2077293,4.0977297,5.3277297,5.7877293,4.8577294,2.5477295,0.7977295,0.5377295,1.2377295,0.36772949,-1.4522705
1.7277294,2.7177296,-0.8722705,0.11772949,2.1377294,2.5977294,3.0277295,2.6777296,2.3577294,2.7577295,3.6177294,3.6277294,3.9877295,3.3977294,1.9477295,1.5477295,-2.9822705,-0.0022705079,1.3777295,1.3377295,0.33772948,0.6877295,0.5677295,1.9377295,2.9177294,4.2077293,4.8077297,5.9377294,5.6677294,5.9677296,6.3677297,6.7677293,4.9877295,6.8977294,7.8177295,8.617729,6.9677296,5.8877296,6.0177293,5.3677297,5.3377295,4.8977294,5.1177297,5.9777293,6.1577296,6.5777297,7.4777293,4.3077297,2.9377296,3.5077295,3.9377296,2.5777295,1.0577295,0.2277295,0.33772948,-0.3922705,-2.2422705
1.8877295,0.82772946,0.69772947,2.7977295,1.3177295,1.1877295,0.8377295,2.1277294,2.0777295,3.2177296,3.6977296,3.3577294,5.1477294,3.7577295,2.7477295,2.3377295,2.4877295,1.6077294,0.3777295,0.3777295,-0.3322705,-2.0922706,-3.4022706,-0.5322705,2.0777295,2.5977294,3.6877296,4.5277295,5.6277294,5.2677293,6.0177293,6.4477296,6.5777297,6.4377294,6.7277293,6.8977294,5.2777295,4.8377295,4.7777295,4.6077294,4.4577293,3.9077294,3.9377296,4.4477296,5.1877294,5.8277297,5.3977294,4.0577297,4.3477297,4.3077297,2.5777295,3.2277296,0.5277295,-0.6222705,-1.1422706,-1.3622705,-2.0022705
1.6877295,-0.8422705,-0.13227051,-0.3622705,1.1477295,2.2777295,1.1177295,0.9377295,-0.9422705,3.8177295,3.4677296,4.5977297,4.4977293,4.3677297,4.2277293,3.9577296,3.1677294,1.7777295,-0.10227051,0.1377295,0.3477295,1.2677295,0.36772949,-0.7122705,1.4577295,2.2677295,2.1577294,3.8877294,3.7777295,4.8777294,4.8877296,3.9277296,4.3777294,4.7677293,4.6377296,4.4177294,3.6377294,3.1577294,3.0377295,2.9277296,2.5477295,2.1777296,3.7477295,4.0877295,3.9877295,4.2677293,3.9377296,3.7977295,2.7777295,2.1977296,1.9177295,1.8377295,0.2577295,-1.2622705,-2.5822706,-2.4622705,-2.3622706
0.7677295,-0.05227051,1.7477295,1.5877295,0.5177295,2.2977295,-0.3022705,-0.08227051,3.6777296,3.1577294,3.7077296,4.7677293,4.3377295,3.8977294,4.8377295,3.0877295,2.3377295,1.1477295,0.047729492,-0.3722705,0.6177295,2.7877295,3.8677294,1.6777295,1.5477295,1.9077295,0.6477295,1.3377295,2.1077294,1.1577295,2.1777296,2.7477295,2.1777296,2.3377295,1.7577295,1.5477295,1.0177295,0.3477295,0.027729493,0.2477295,1.3377295,2.7577295,2.4577296,2.0277295,2.2777295,3.2777295,3.2177296,3.1277294,1.3277295,2.4777296,1.3877295,1.2477295,0.3877295,-1.5122705,-2.6022706,-3.3922706,-2.0622704
0.4877295,2.0277295,0.3577295,0.1677295,-0.5022705,1.0977294,0.2677295,1.3277295,3.7177296,4.2277293,5.0677295,3.4877295,3.6077294,3.6677294,2.9377296,1.8577294,2.8877294,1.3477294,-0.21227051,-2.0622704,-0.55227053,0.6677295,0.7677295,0.5377295,0.8477295,-0.022270508,-1.1122705,-1.0622705,-0.6922705,0.03772949,-0.5722705,-0.6422705,-1.3522705,-1.3222705,-0.80227053,-1.0722705,-2.3322706,-1.9822705,-1.5422705,-0.042270508,1.1077294,0.4077295,0.5577295,1.4377295,0.7477295,1.9277295,1.3177295,0.82772946,0.08772949,0.2977295,-1.1022705,-1.0122705,-1.6622705,-2.4922705,-2.3122704,-2.0922706,-1.8522705
0.1677295,-0.072270505,-0.3422705,-0.55227053,0.5877295,0.88772947,1.0177295,4.4877295,2.6077294,4.2177296,4.0577297,3.4677296,1.9577295,2.4977295,1.7777295,2.2377295,2.0877295,0.9377295,-0.13227051,-2.4222705,-2.7122705,-1.7722706,-1.3522705,-0.5022705,-1.2622705,-2.4222705,-2.4122705,-2.0822706,-2.8522706,-1.9722705,-2.7122705,-3.6722705,-3.2722704,-2.3522706,-2.2822704,-2.3922706,-1.8722705,-1.9622705,-2.0122705,-1.4122705,-1.1922705,-0.9822705,-0.5222705,-1.2122705,-1.2122705,0.3577295,-0.3522705,0.1377295,-1.5322706,-1.4522705,-2.0322704,-1.4622705,-2.8122704,-2.8622706,-1.4622705,-2.2522705,-2.3722706
0.7077295,-0.0022705079,-0.5622705,-0.21227051,0.4277295,0.7577295,4.5477295,4.7277293,1.6177295,2.6777296,2.7077296,1.7977295,1.6277295,0.7377295,0.7877295,0.9677295,0.5677295,0.7877295,-0.032270506,-1.7722706,-2.6022706,-2.5322704,-2.3722706,-3.1822705,-3.3622706,-3.1022706,-3.4522705,-3.2422705,-3.5522704,-3.4522705,-4.4422703,-4.6722703,-3.6622705,-4.0122705,-3.7122705,-2.9222705,-3.3622706,-3.1822705,-2.8322706,-3.1322706,-2.3722706,-3.0022705,-1.7222705,-2.4422705,-2.4322705,-2.3522706,-1.8422705,-2.2222705,-3.2222705,-3.4322705,-3.3722706,-2.7522705,-3.0322704,-2.5822706,-2.4022706,-2.3922706,-2.7522705
0.4077295,-0.6522705,-1.0422705,-0.7522705,0.7377295,3.5577295,4.4177294,1.4577295,0.4777295,1.9077295,1.3877295,0.3977295,-0.20227051,-1.0422705,-1.4422705,-0.7722705,-1.4422705,-1.2722706,-1.3922706,-2.1522706,-2.9622705,-3.0822706,-3.4922705,-3.5622704,-4.4922705,-4.7222705,-4.3622704,-3.9922705,-3.9522705,-4.8622704,-5.6022706,-5.7822704,-5.2322707,-4.3022704,-3.6522706,-4.5322704,-4.9722705,-4.9222703,-4.6922703,-4.5322704,-4.3722706,-4.9122705,-3.5522704,-4.5022707,-4.0722704,-3.6822705,-3.7122705,-3.5222704,-4.3022704,-3.8422706,-4.3622704,-3.5722704,-3.3422706,-3.2322705,-3.2622705,-3.0722704,-2.9522705
-0.8722705,-0.5222705,-1.3722705,-0.9422705,0.7177295,2.3477294,1.9477295,0.5577295,2.1277294,0.08772949,-1.0722705,-1.1122705,-1.7022705,-2.0522704,-2.4622705,-3.1022706,-3.0222704,-3.0522704,-4.0122705,-4.6322703,-3.7122705,-4.5222707,-4.3022704,-4.9722705,-5.3522706,-5.5722704,-4.8222704,-4.2522707,-4.9322705,-5.6622705,-6.1922703,-5.8322706,-5.5822706,-5.3522706,-5.8122706,-5.7622705,-5.2322707,-5.6022706,-6.4422703,-5.5522704,-5.2222705,-5.1922703,-4.9122705,-4.8322706,-5.4222703,-4.4722705,-4.8522706,-4.8722706,-5.3922706,-4.9522705,-4.7222705,-4.2922707,-4.4622707,-4.1322703,-3.9622705,-3.7222705,-3.5722704
-2.7522705,-1.3322705,-2.0322704,-3.3322706,-4.2722707,-4.5122705,-0.7922705,-1.3222705,0.17772949,-1.9422705,-2.2522705,-2.8422706,-3.0122705,-3.1722705,-3.8922706,-4.2122707,-4.1022706,-4.7722707,-4.8022704,-5.2622705,-5.3622704,-5.0522704,-5.6022706,-5.6422706,-5.9322705,-5.6022706,-5.2622705,-4.6022706,-5.2222705,-5.4122705,-6.0922704,-6.5622706,-6.7222705,-7.0922704,-3.3122704,-4.3022704,-6.1822705,-5.7222705,-6.2422705,-6.6322703,-6.3322706,-5.5022707,-6.1422706,-5.9822707,-6.0822706,-5.3322706,-4.5622706,-4.9922705,-6.0222707,-5.0822706,-5.3822703,-5.8622704,-5.0322704,-4.8422704,-5.2522707,-4.9122705,-5.0422707
-5.9922705,-4.9522705,-4.4122705,-5.5222707,-6.1822705,-6.7922707,-7.5822706,-4.3322706,-3.6522706,-4.1722703,-4.6422706,-4.4622707,-4.6722703,-4.7222705,-4.8122706,-5.1322703,-5.2322707,-5.9722705,-5.8522706,-5.2622705,-5.4722705,-5.7322707,-6.0922704,-5.8622704,-5.7622705,-5.8022704,-5.2522707,-4.7822704,-5.0122705,-4.8422704,-5.3822703,-6.3422704,-8.712271,-10.19227,-7.4722705,-1.8722705,-7.0422707,-5.8622704,-6.0322704,-6.5622706,-6.7922707,-5.9922705,-6.3322706,-6.9822707,-6.9822707,-6.4522705,-5.7822704,-5.9222703,-6.3422704,-5.7922707,-6.2922707,-6.4222703,-5.5022707,-5.6422706,-6.3822703,-6.2722707,-6.0222707
-6.2122707,-5.1022706,-2.6922705,-5.8022704,-6.3022704,-7.1422706,-6.9922705,-6.4222703,-5.1522703,-5.3022704,-6.1722703,-5.5922704,-5.7722707,-5.7022705,-6.1422706,-5.9322705,-6.3722706,-6.9322705,-6.7322707,-5.8322706,-5.7922707,-6.2222705,-5.7822704,-4.2922707,-4.2822704,-4.1722703,-4.1022706,-4.3322706,-4.8822703,-4.3522706,-4.8122706,-6.0022707,-8.4522705,-10.28227,-9.36227,-2.5422704,-6.5922704,-5.9422703,-7.3022704,-7.6922703,-6.9822707,-6.2322707,-7.0022707,-6.9222703,-5.2322707,-6.4022703,-6.5922704,-6.4922705,-6.5322704,-6.6122704,-6.6422706,-6.3822703,-6.6022706,-6.9922705,-6.4822707,-7.1222706,-7.1822705
-6.4722705,-5.2122707,-2.9622705,-1.1722705,-6.1022706,-8.122271,-8.662271,-7.1722703,-6.3122706,-6.6622705,-6.7122707,-6.7622705,-6.8522706,-6.2022705,-7.2022705,-5.7522707,-7.5222707,-7.5622706,-6.5022707,-6.4722705,-6.6422706,-5.8722706,-5.2822704,-4.4722705,-3.1322706,-3.1822705,-3.6722705,-4.3422704,-4.5422707,-4.1622705,-4.1322703,-4.6722703,-5.2522707,-9.502271,-9.342271,-4.9722705,-6.7422705,-6.2722707,-7.7322707,-7.4622707,-6.6522703,-7.0622706,-7.2022705,-7.5222707,-6.7922707,-5.7922707,-6.7222705,-6.6122704,-6.7722707,-7.3122706,-6.9622707,-6.8322706,-6.8922706,-6.8122706,-7.1222706,-6.8122706,-7.7122707
-6.6022706,-5.0222707,-2.9922705,0.017729493,2.0477295,-4.3822703,-7.5122705,-8.11227,-5.2322707,-7.2422705,-7.1022706,-7.5722704,-7.4922705,-6.2122707,-6.8822703,-7.3922706,-8.382271,-8.052271,-7.2322707,-6.9222703,-6.9922705,-6.9922705,-5.7822704,-4.7722707,-3.5122705,-3.1222706,-3.2022705,-4.0422707,-3.6822705,-3.6722705,-4.6622705,-3.9122705,-3.5122705,-3.4422705,-4.9322705,-6.8722706,-6.1422706,-6.9222703,-8.082271,-7.9422703,-7.0922704,-7.2922707,-7.7222705,-6.7922707,-6.1222706,-7.0222707,-6.8022704,-6.9322705,-7.5122705,-7.3122706,-7.6322703,-7.2222705,-7.1022706,-7.7022705,-6.6522703,-7.5422707,-7.7722707
-4.8322706,-3.8422706,-2.5722704,-1.2922705,1.3877295,2.1877296,1.1077294,-1.8622705,-1.7722706,-5.2122707,-7.2522707,-7.8622704,-7.4522705,-6.7322707,-7.2822704,-7.4522705,-8.342271,-8.18227,-8.23227,-7.6022706,-6.9622707,-6.5522704,-5.5422707,-5.0622706,-5.1122704,-4.9322705,-5.2722707,-4.8622704,-4.0322704,-3.6322706,-4.3322706,-2.7422705,-5.6122704,-3.8922706,-5.4422703,-5.9522705,-6.0422707,-6.9322705,-7.6222706,-7.6222706,-7.1722703,-7.5822706,-8.24227,-7.8822703,-6.6922703,-5.8022704,-7.2422705,-7.0922704,-6.8522706,-7.1622705,-8.14227,-7.3722706,-7.7922707,-7.4522705,-7.9622707,-7.5322704,-7.5522704
-2.6222706,-1.7222705,-2.0822706,-1.4722705,0.1677295,1.1377295,0.2677295,-1.7322705,1.0277295,-4.2922707,-7.7122707,-7.1422706,-7.3822703,-6.6022706,-6.7822704,-6.9922705,-7.6622705,-8.39227,-8.23227,-7.2722707,-6.9822707,-6.0422707,-6.0722704,-6.2722707,-6.5322704,-6.5722704,-6.5422707,-5.8522706,-5.1222706,-5.3422704,-4.8922706,-4.7922707,-4.9522705,-4.2922707,-5.6022706,-4.8722706,-6.1622705,-6.4622707,-6.4022703,-7.1522703,-7.2422705,-7.8422704,-7.4922705,-7.2822704,-7.5922704,-6.6822705,-6.9622707,-8.19227,-7.4722705,-8.18227,-8.39227,-8.302271,-8.36227,-8.342271,-8.64227,-7.7322707,-7.6222706
-0.4022705,0.17772949,-1.2822706,-0.1922705,-0.10227051,-0.13227051,-1.6222705,-0.86227053,-4.4822707,-7.0722704,-8.32227,-7.9922705,-7.4522705,-6.7422705,-5.6422706,-5.6422706,-6.6522703,-7.1822705,-7.3122706,-7.2722707,-7.1622705,-6.6022706,-6.5822706,-6.5222707,-7.2622705,-7.1522703,-6.4922705,-7.1022706,-6.0322704,-6.7222705,-5.9122705,-6.5422707,-5.9822707,-5.4222703,-4.2722707,-4.9922705,-5.5922704,-5.6122704,-6.7322707,-6.8622704,-7.1022706,-7.7522707,-7.8122706,-8.632271,-7.7622705,-7.3922706,-6.3522706,-8.962271,-7.9222703,-8.002271,-8.292271,-8.042271,-8.43227,-8.64227,-8.85227,-8.722271,-8.962271
0.1377295,1.2777295,2.0177295,-0.3722705,0.047729492,-0.5622705,-0.4622705,-1.7222705,-3.9722705,-8.73227,-8.662271,-8.77227,-7.6422706,-6.9822707,-4.6722703,-4.6622705,-4.5022707,-4.6422706,-6.2322707,-6.4222703,-7.2522707,-6.3222704,-5.7022705,-5.6422706,-5.9122705,-5.9722705,-7.2422705,-7.4122705,-6.7422705,-7.0222707,-6.6722703,-6.2722707,-5.6922703,-5.9822707,-5.7222705,-6.2122707,-5.9022703,-6.2422705,-6.5822706,-6.5822706,-7.0822706,-6.5922704,-6.1822705,-7.9322705,-7.9122705,-6.9422703,-6.6622705,-6.5022707,-7.7522707,-7.7522707,-8.15227,-8.382271,-8.622271,-8.382271,-8.712271,-8.802271,-8.552271
2.1777296,1.9077295,2.5777295,2.6877296,2.9977295,1.7477295,-2.7922704,-1.1222705,-4.5422707,-4.5822706,-6.8422704,-8.49227,-7.2822704,-4.9622707,-3.2922704,-2.9622705,-3.0622704,-2.5422704,-4.3222704,-4.9222703,-5.4522705,-5.4422703,-5.5322704,-5.4622707,-6.3722706,-6.5122705,-6.4822707,-6.3722706,-6.2022705,-5.9922705,-5.4622707,-5.4622707,-5.6922703,-6.1222706,-6.2822704,-5.9322705,-6.5822706,-6.1222706,-6.6822705,-6.3022704,-6.5522704,-6.9922705,-7.8322706,-6.9822707,-7.3722706,-6.4422703,-6.4422703,-7.0622706,-7.2022705,-7.3422704,-6.9022703,-8.512271,-8.43227,-8.49227,-8.57227,-8.85227,-7.9122705
2.6877296,2.4377296,3.2977295,4.4177294,5.2577295,4.3877296,3.2577295,-0.7322705,-1.7622705,-4.9722705,-3.0722704,-2.4322705,-5.4922705,-3.7522705,-3.0522704,-1.8722705,-1.2322705,-2.4322705,-2.7522705,-3.3422706,-4.1622705,-5.4922705,-4.4722705,-6.6522703,-8.012271,-6.8122706,-7.4422703,-7.2322707,-7.6122704,-7.3022704,-7.4022703,-6.4822707,-6.3522706,-6.1622705,-5.4222703,-6.3922706,-7.9622707,-7.1722703,-6.8822703,-6.3522706,-6.5822706,-5.7022705,-6.5522704,-6.8822703,-6.9822707,-6.8022704,-6.5922704,-6.5622706,-7.1222706,-6.6322703,-7.1122704,-8.2022705,-8.382271,-8.69227,-9.31227,-9.552271,-8.57227
