json/gfs_20240724_18.json
{"header": { "discipline":0, "disciplineName":"Meteorological products", "gribEdition":2, "gribLength":79856, "center":7, "centerName":"US National Weather Service - NCEP(WMC)", "subcenter":0, "refTime":"2024-07-24T18:00:00.000Z", "significanceOfRT":1, "significanceOfRTName":"Start of forecast", "productStatus":0, "productStatusName":"Operational products", "productType":1, "productTypeName":"Forecast products", "productDefinitionTemplate":0, "productDefinitionTemplateName":"Analysis/forecast at horizontal level/layer at a point in time", "parameterCategory":2, "parameterCategoryName":"Momentum", "parameterNumber":3, "parameterNumberName":"V-component_of_wind", "parameterUnit":"m.s-1", "genProcessType":2, "genProcessTypeName":"Forecast", "forecastTime":0, "surface1Type":103, "surface1TypeName":"Specified height level above ground", "surface1Value":10.0, "surface2Type":255, "surface2TypeName":"Missing", "surface2Value":0.0, "gridDefinitionTemplate":0, "gridDefinitionTemplateName":"Latitude_Longitude", "numberPoints":65160, "shape":6, "shapeName":"Earth spherical with radius of 6,371,229.0 m", "gridUnits":"degrees", "resolution":48, "winds":"true", "scanMode":0, "nx":360, "ny":181, "basicAngle":0, "lo1":0.0, "la1":90.0, "lo2":359.0, "la2":-90.0, "dx":1.0, "dy":1.0 }, "data":
[rows 81 to 107 of 181, columns 118 to 176 of 360]
1.5714428,6.601443,6.481443,7.121443,6.631443,2.6614428,2.5914428,1.0314429,0.63144284,4.601443,4.791443,4.771443,3.521443,1.2914429,-0.74855715,-2.548557,-2.1185572,-1.1285571,-1.1985571,-1.5685571,-0.69855714,-0.80855715,-1.0385572,-0.88855714,0.7814429,1.7114428,0.22144288,-1.1785572,-0.32855713,0.021442872,-0.82855713,-0.3485571,0.50144285,0.5314429,3.0514429,5.831443,4.2214427,1.9714428,1.1914428,2.8914428,0.41144288,1.0114429,-0.94855714,-0.50855714,-1.1085571,-2.0985572,-2.828557,-2.9385571,-2.8585572,-3.238557,-3.018557,-2.3385572,-0.9885571,0.25144288,-0.05855713,0.08144287,0.07144287,-0.68855715,-1.5285572
2.8514428,4.9114428,6.321443,6.5314426,5.2214427,1.3714429,1.9014429,-0.04855713,1.0814428,6.621443,6.331443,1.6514429,-1.9085572,0.12144287,0.6614429,-0.69855714,-4.418557,-2.528557,1.5814428,0.81144285,1.0914428,-0.19855712,0.20144287,0.7614429,-0.008557129,0.22144288,2.201443,1.5614429,2.271443,-0.63855714,0.5314429,0.7714429,1.5114429,1.1214429,2.521443,4.891443,2.6014428,3.271443,2.921443,2.2914429,1.2114428,2.251443,2.5614429,0.75144285,-0.3485571,-1.8185571,-1.9885571,-2.758557,-3.8785572,-3.478557,-2.6885571,-1.6485572,-0.69855714,-0.16855712,-0.16855712,-0.10855713,-0.5285571,-1.8385571,-1.8485571
1.8014429,4.6614428,6.1814427,4.2214427,-0.16855712,4.4514427,2.1614428,0.81144285,-0.06855713,6.061443,5.401443,5.461443,4.391443,4.021443,3.6214428,-0.21855713,-1.9285572,-0.76855713,4.231443,3.731443,1.9314429,1.1314429,0.03144287,1.0014429,0.8414429,-0.94855714,0.32144287,2.4014428,1.2514429,0.29144287,1.5914428,2.1214428,3.181443,3.3514428,1.3014429,0.13144287,2.261443,1.9514428,1.9314429,3.021443,1.2614429,2.191443,1.1214429,1.8314428,1.4314429,0.30144286,-1.1385571,-1.0985571,-1.8585571,-3.1285572,-0.27855712,0.17144287,-0.24855714,-1.2285571,-0.68855715,0.56144285,-0.75855714,-2.038557,-2.9085572
2.0414429,5.0314426,5.211443,1.4914429,1.9514428,2.191443,1.1714429,-0.27855712,4.581443,5.5114427,5.351443,4.081443,4.131443,1.7414429,0.37144288,-2.058557,-0.69855714,2.6114428,3.3914428,4.641443,2.3814428,1.9614428,1.8114429,1.4314429,1.2514429,3.1314428,0.8314429,0.7214429,2.4114428,2.2814429,3.3414428,3.1314428,4.7614427,5.4114428,4.311443,1.7014428,-2.1485572,2.0914428,2.501443,4.131443,3.191443,1.3314428,1.2414429,2.471443,1.5414429,0.5114429,0.13144287,-0.9685571,-0.8585571,-2.068557,-0.33855712,0.5314429,-0.32855713,-1.4285572,1.9114429,3.711443,0.7814429,-0.5485571,-0.8985571
0.73144287,3.3214428,3.8114429,3.5514429,0.6014429,2.0314429,1.5614429,1.5014429,5.641443,5.691443,5.881443,3.7914429,1.1614429,2.761443,0.73144287,0.07144287,-0.25855714,4.961443,6.9314427,7.4514427,6.1814427,5.061443,3.721443,1.9114429,3.6114428,2.0814428,4.081443,4.321443,1.8814429,4.121443,4.041443,3.5714428,3.721443,3.0814428,3.7814429,3.3114429,2.8314428,1.7714429,2.691443,1.4214429,1.4414428,1.6114429,1.6614429,0.7214429,1.4414428,0.7714429,1.5014429,0.9614429,-0.22855712,-1.0285572,-0.42855713,-0.86855716,0.04144287,0.31144288,0.33144286,1.4314429,2.471443,1.0014429,1.6814429
1.9014429,4.601443,3.9114428,2.731443,0.03144287,0.001442871,1.5714428,5.1814427,6.9114428,5.0314426,5.171443,4.271443,3.3114429,0.4014429,-0.05855713,0.42144287,2.671443,4.621443,4.7214427,5.311443,4.401443,3.3114429,2.6614428,2.201443,-0.30855712,-0.23855713,3.471443,5.231443,4.621443,4.0114427,6.641443,3.971443,3.8314428,4.171443,3.771443,2.8414428,2.711443,2.1514428,2.0414429,2.0914428,1.9414428,2.1014428,2.6414428,2.5314429,2.451443,3.021443,2.201443,1.9914429,1.8214428,2.5414429,1.6614429,1.5414429,2.0414429,0.63144284,-0.22855712,1.0214429,5.621443,4.421443,1.8914429
4.271443,6.001443,3.3714428,0.06144287,0.69144285,-0.93855715,-1.2685571,3.981443,5.591443,6.171443,5.231443,4.121443,3.6514428,3.961443,1.2914429,2.3414428,3.5514429,3.021443,1.9714428,1.3414428,2.5614429,1.1414429,0.18144287,-0.01855713,0.08144287,1.2514429,3.271443,2.9114428,4.711443,4.071443,3.5714428,3.251443,3.981443,3.7914429,3.1014428,2.3514428,2.5814428,2.3714428,1.4414428,1.3414428,1.6914428,2.011443,1.5714428,1.9414428,3.0314429,2.951443,3.1314428,3.261443,3.8614428,3.421443,2.191443,2.741443,3.481443,2.6614428,3.481443,-0.118557125,-5.4885573,-3.078557,2.3114429
2.241443,5.091443,3.471443,-0.25855714,-0.30855712,-0.33855712,-0.9185571,4.981443,7.071443,5.851443,4.2414427,7.171443,4.521443,3.0914428,0.6414429,-2.228557,0.5914429,-1.0085571,-1.2685571,-0.22855712,-0.25855714,2.0814428,3.0814428,1.7814429,2.5614429,1.4314429,-0.48855713,2.0514429,3.3214428,4.581443,4.361443,3.1614428,3.2814429,2.771443,1.5714428,2.221443,1.8014429,1.3314428,1.6914428,1.3714429,0.75144285,1.0614429,1.6714429,1.4914429,2.241443,3.1014428,3.6014428,4.231443,4.671443,3.471443,3.961443,4.671443,4.111443,2.5514429,2.0914428,3.8214428,3.0614429,3.3514428,2.751443
0.61144286,4.441443,1.6814429,0.021442872,2.511443,3.471443,2.711443,2.191443,5.751443,4.2214427,1.2014428,0.39144287,-0.46855712,-1.6485572,-0.45855713,-1.1485572,3.0514429,2.271443,1.4314429,0.6514429,3.511443,5.961443,3.8114429,2.501443,1.6014428,0.5814429,-1.8285571,-1.8585571,2.0914428,1.9514428,2.251443,1.8414428,1.7314429,1.3614429,1.3014429,0.30144286,0.5314429,0.45144287,0.56144285,1.0714428,1.2114428,1.3014429,0.86144286,1.2614429,2.011443,2.5514429,2.3714428,3.5714428,4.111443,5.4514427,5.2214427,4.711443,4.541443,3.5714428,3.501443,4.041443,3.761443,2.501443,3.3414428
6.2214427,3.671443,0.61144286,-0.22855712,0.69144285,4.151443,1.6314429,4.0114427,5.151443,2.511443,2.271443,2.261443,1.2314429,0.7214429,-0.38855714,-0.10855713,-2.048557,-0.81855714,0.6414429,0.7914429,3.6314428,4.141443,5.191443,3.251443,2.3314428,1.7214428,0.80144286,0.03144287,1.0714428,1.0814428,1.3514428,2.0514429,0.8514429,0.35144287,0.48144287,0.30144286,0.14144287,-0.47855714,0.31144288,1.4214429,1.0614429,1.3614429,0.86144286,0.43144286,1.7514429,2.0714428,1.7214428,2.3714428,2.1514428,2.971443,3.4114428,4.211443,4.2614427,3.961443,3.3714428,2.8914428,2.3514428,2.1014428,1.6814429
6.321443,3.6114428,0.22144288,2.201443,2.7914429,1.4014429,3.9114428,0.7814429,0.45144287,0.001442871,-0.18855713,2.4114428,1.8814429,1.0014429,-0.078557126,0.5114429,0.7914429,2.921443,0.18144287,1.6014428,3.691443,3.951443,6.5314426,5.6614428,2.4114428,2.1314428,1.4414428,-0.41855714,-0.36855713,0.5914429,0.5114429,0.35144287,-0.35855713,0.10144287,-0.45855713,0.14144287,0.11144287,0.21144287,0.49144286,1.0214429,1.2214428,0.5814429,1.1314429,0.46144286,0.7814429,1.7814429,1.4014429,1.1714429,1.7914429,2.211443,2.8614428,1.8414428,2.3414428,2.6314428,2.2914429,1.1214429,0.94144285,0.98144287,0.08144287
5.121443,1.9614428,0.6514429,0.25144288,0.98144287,1.8714429,-0.25855714,-0.42855713,0.20144287,-0.92855716,-1.8285571,0.27144286,0.6614429,0.8514429,0.9514429,0.67144287,0.28144288,4.711443,1.0914428,4.621443,0.5414429,0.73144287,2.181443,3.941443,4.311443,2.3714428,2.7814429,1.1814429,-0.17855713,0.68144286,-0.22855712,-1.8885571,-0.93855715,0.06144287,0.63144284,1.3014429,0.7114429,0.69144285,0.8514429,1.0314429,1.3214428,0.8514429,0.98144287,2.0614429,1.5614429,0.5214429,0.41144288,0.4014429,0.32144287,0.68144286,0.8514429,0.57144284,1.3814429,0.98144287,0.45144287,-0.08855713,0.8314429,-0.49855712,-0.5885571
6.4314427,0.31144288,-0.09855713,-1.8685571,0.14144287,3.1014428,-0.46855712,-0.20855713,-0.15855713,2.6114428,0.88144284,0.09144287,1.6614429,2.771443,0.25144288,-1.1885571,0.19144288,2.0414429,0.9114429,-0.35855713,0.051442873,-0.13855714,-0.26855713,0.41144288,1.5114429,2.7914429,5.391443,3.701443,2.0614429,0.68144286,0.23144287,-0.25855714,-2.3785572,0.10144287,2.3514428,1.3714429,1.3114429,1.3514428,1.3314428,1.2014428,1.5514429,1.5314429,0.9514429,0.6414429,0.44144288,-0.17855713,-0.94855714,-1.1585572,-1.3285571,-0.9785571,-1.2785572,-0.99855715,-1.0985571,-1.9285572,-1.1685572,-2.4685571,-1.9885571,-2.508557,-2.1385572
4.941443,-1.0085571,0.42144287,1.6514429,-0.51855713,1.3114429,1.0314429,1.1314429,1.5414429,-1.2585571,-0.43855712,0.14144287,0.03144287,1.4314429,-7.018557,-0.47855714,-0.9585571,-0.05855713,0.30144286,-0.02855713,0.11144287,0.5314429,0.7614429,0.07144287,-0.48855713,0.32144287,-0.43855712,2.1014428,4.711443,2.8714428,0.27144286,-1.0185571,-0.57855713,1.4814429,2.761443,2.3414428,3.961443,2.3614428,0.93144286,1.0214429,1.1414429,1.7814429,1.0714428,1.5314429,1.0014429,0.57144284,-0.49855712,0.12144287,-0.6085571,-1.8985572,-2.6185572,-2.8385572,-2.9085572,-2.5985572,-3.1385572,-2.068557,-2.058557,-1.7085571,-2.3985572
6.291443,-0.7385571,1.3614429,-0.63855714,0.63144284,1.7714429,1.0114429,1.6514429,1.8414428,1.7014428,1.0814428,1.0014429,0.33144286,1.7714429,0.09144287,-0.50855714,-0.33855712,-2.4685571,-1.0485572,0.75144285,0.15144287,0.20144287,-0.8485571,-0.8385571,0.7014429,1.3314428,1.4014429,-0.22855712,-1.4885571,6.731443,7.091443,4.441443,3.761443,0.98144287,-0.42855713,1.1014428,0.43144286,3.6014428,1.7214428,1.5414429,1.3914429,1.0914428,2.221443,1.0914428,0.56144285,0.021442872,0.10144287,-0.23855713,-0.36855713,-1.8985572,-2.268557,-3.478557,-3.6785572,-2.6985571,-3.048557,-2.1885571,-3.228557,-3.4285572,-3.6485572
4.711443,3.721443,0.9114429,1.4814429,0.55144286,0.36144286,0.7914429,2.011443,2.971443,2.241443,1.4314429,1.5514429,2.521443,3.011443,3.521443,3.931443,3.671443,5.7614427,4.881443,1.4314429,0.46144286,0.44144288,0.88144284,0.8514429,0.55144286,-0.48855713,-0.37855712,-0.51855713,0.7614429,1.2314429,6.941443,0.38144287,-0.27855712,-1.2385571,0.69144285,3.3614428,2.8114429,-1.3985572,2.6314428,2.421443,2.231443,1.8414428,1.9214429,1.3314428,1.8414428,1.5914428,0.81144285,-0.42855713,0.21144287,-0.32855713,-1.1885571,-2.7085571,-3.1985571,-2.1885571,-0.9185571,-2.1285572,-2.238557,-2.2085571,-1.7985572
2.971443,2.741443,1.8914429,1.3414428,1.1314429,-0.7185571,0.75144285,1.1214429,2.231443,3.1014428,1.8814429,-0.09855713,2.5514429,3.3514428,4.321443,4.4314427,4.2614427,5.151443,5.4514427,5.351443,5.211443,1.5114429,0.7614429,1.2514429,1.0014429,0.15144287,0.21144287,-0.17855713,-0.8985571,0.10144287,5.191443,5.6814427,5.4714427,5.561443,5.671443,4.791443,4.361443,3.3314428,1.9814429,1.3714429,2.011443,1.8414428,1.6614429,2.3714428,2.0814428,1.8414428,2.3714428,3.231443,1.7814429,0.94144285,1.2714429,-1.0185571,-1.2485571,-0.8485571,-0.6585571,-1.5385572,-0.9785571,-0.92855716,-1.6485572
1.4714428,3.0614429,1.2514429,1.8514428,1.4714428,2.0814428,3.1014428,2.0414429,-0.14855713,3.271443,1.8014429,2.0614429,1.9514428,2.211443,2.751443,4.0114427,4.4914427,4.7614427,4.691443,3.8314428,1.5314429,1.3814429,1.1214429,1.1014428,1.7214428,1.3414428,5.121443,4.271443,0.24144287,-0.5385571,1.3814429,4.9514427,6.6814427,6.541443,6.0314426,5.801443,4.811443,4.631443,5.231443,1.0614429,3.171443,0.26144287,3.7914429,2.771443,2.211443,2.951443,2.8414428,3.021443,3.921443,4.371443,3.3914428,1.1514429,0.06144287,-0.88855714,-1.1185571,-1.7585571,-1.1785572,-0.48855713,-0.05855713
3.3814428,-0.31855714,0.5914429,1.4614428,0.75144285,1.5414429,1.8614429,1.2214428,-0.80855715,0.7814429,0.31144288,0.50144285,1.4914429,2.4114428,2.921443,2.741443,3.3814428,3.4014428,4.4514427,4.2214427,3.771443,4.9314427,5.561443,2.511443,2.0714428,2.981443,7.981443,7.581443,7.151443,-0.49855712,1.1514429,2.0414429,-0.3485571,6.881443,5.871443,6.4314427,5.521443,5.101443,4.851443,5.271443,4.561443,3.221443,4.5314426,0.5914429,3.3614428,3.181443,4.481443,4.141443,4.1814427,4.251443,2.5714428,1.9914429,0.03144287,-1.1785572,-1.7685571,-0.82855713,-0.92855716,-0.5385571,-0.7185571
2.3814428,3.691443,-0.13855714,2.5914428,1.5214429,1.5614429,-0.41855714,-1.0385572,0.27144286,0.32144287,-0.22855712,0.57144284,0.19144288,-0.14855713,0.88144284,1.3014429,2.251443,3.231443,3.8214428,4.461443,3.251443,4.291443,4.7814426,5.611443,7.001443,7.2414427,7.401443,7.7414427,7.051443,5.7014427,0.94144285,-1.0285572,2.5414429,0.41144288,6.091443,6.6814427,6.9114428,6.131443,5.821443,6.621443,6.521443,6.291443,3.1214428,3.421443,6.5314426,5.4514427,3.721443,3.451443,3.5514429,3.011443,1.4714428,0.06144287,0.22144288,-1.0085571,-0.80855715,-1.2385571,-1.0585572,-0.008557129,0.87144285
1.9214429,1.9614428,1.2614429,2.021443,0.30144286,0.6614429,0.18144287,0.42144287,0.9114429,1.3914429,-0.16855712,-0.20855713,-0.42855713,-0.47855714,-0.04855713,0.86144286,1.3914429,1.8014429,3.1614428,3.481443,4.151443,3.0714428,4.151443,5.4514427,4.871443,8.021442,7.7814426,6.811443,6.831443,6.7014427,5.2814426,4.061443,3.231443,4.341443,5.751443,6.1814427,6.6814427,6.561443,6.301443,6.4114428,6.731443,7.061443,6.5314426,7.111443,5.9914427,7.4514427,8.011443,4.941443,3.8214428,2.751443,1.0614429,-0.7385571,-1.2285571,-0.74855715,-1.3285571,-1.1185571,-0.9785571,0.16144288,1.3714429
2.1514428,2.0614429,2.451443,3.3614428,2.921443,4.041443,1.5814428,0.47144288,1.3214428,2.481443,1.7914429,0.20144287,-0.75855714,-0.44855714,-1.3085572,0.73144287,1.8114429,2.1614428,2.8214428,3.1414428,3.991443,5.321443,4.4714427,4.571443,3.4014428,4.4914427,7.9114428,7.621443,6.791443,4.771443,5.211443,4.801443,5.1814427,5.7214427,5.121443,5.571443,5.7214427,6.341443,6.7814426,6.6614428,6.751443,7.211443,7.051443,7.9314427,7.541443,7.551443,8.4414425,7.921443,7.601443,4.691443,2.6314428,0.051442873,-1.9685571,-2.5885572,-2.328557,-2.3585572,-1.0485572,-0.5285571,-0.14855713
2.0314429,0.39144287,0.63144284,0.9114429,1.2114428,0.80144286,0.36144286,-0.10855713,-0.67855716,-0.6685571,0.56144285,1.5014429,2.6314428,1.4214429,-0.9085571,0.69144285,1.1714429,1.1314429,0.06144287,2.441443,2.4114428,3.1114428,2.6114428,3.521443,1.9914429,2.6114428,7.481443,8.081443,7.7414427,6.881443,4.831443,5.2414427,5.711443,4.881443,5.1614428,6.671443,5.891443,6.351443,6.601443,7.4714427,7.821443,7.5314426,7.391443,8.1914425,8.111443,7.521443,8.061443,6.2814426,6.6614428,6.711443,5.1614428,1.0214429,-0.5985571,-1.8585571,-3.1485572,-3.308557,-3.6285572,-3.018557,-2.258557
-0.20855713,0.74144286,1.0314429,1.5614429,0.30144286,0.17144287,0.10144287,-0.18855713,1.8114429,1.7614429,-1.4685571,-0.26855713,1.0114429,0.42144287,-1.6785572,-1.5885571,-1.1285571,0.17144287,0.8514429,1.8714429,1.8114429,1.9114429,0.34144288,1.5414429,0.8414429,1.4214429,5.331443,6.291443,6.981443,7.041443,6.571443,5.301443,4.831443,5.131443,5.211443,5.5314426,6.631443,6.001443,7.101443,7.441443,7.751443,7.581443,8.131443,8.001443,8.561443,8.521442,8.551443,9.101443,4.921443,6.591443,7.001443,5.571443,0.7214429,-1.6185571,-3.1985571,-3.768557,-3.788557,-2.798557,-2.8485572
0.44144288,0.31144288,0.021442872,-0.25855714,-0.01855713,-0.26855713,0.04144287,0.88144284,0.81144285,0.24144287,0.45144287,0.48144287,0.5114429,-0.32855713,-0.36855713,-1.4285572,-0.81855714,-0.55855715,0.5114429,1.2514429,2.0814428,2.921443,3.021443,-3.828557,0.06144287,-0.6685571,1.0614429,2.0314429,5.171443,4.851443,4.7014427,4.441443,4.561443,4.351443,4.001443,4.391443,4.751443,4.9114428,5.981443,7.101443,7.311443,7.891443,7.341443,7.071443,8.411443,9.021442,9.721443,9.061443,8.781443,7.021443,9.221443,8.471443,7.1614428,0.6614429,-2.1285572,-4.3185573,-4.3385572,-4.878557,-3.558557
1.9714428,-0.04855713,-0.5485571,-0.36855713,1.8614429,2.6314428,3.501443,1.0914428,0.24144287,-0.8585571,0.021442872,-1.7185571,0.4014429,0.33144286,-0.9585571,-2.1485572,-1.5285572,-1.3185571,-0.04855713,1.4714428,2.021443,3.731443,4.021443,2.1014428,-1.1185571,0.7114429,0.73144287,1.5214429,3.6214428,3.8714428,3.261443,2.961443,3.0514429,2.5414429,3.3614428,4.2414427,4.291443,5.051443,5.861443,6.711443,6.961443,6.751443,8.151443,8.811443,8.741443,9.131443,8.261443,10.491443,7.251443,4.351443,6.901443,9.281443,9.221443,6.9914427,1.5214429,-2.6085572,-4.438557,-3.9185572,-3.9185572
1.9014429,1.6714429,1.1814429,-2.978557,-0.7185571,1.7714429,2.681443,-0.67855716,-1.2885572,-2.2185571,-0.39855713,-1.3285571,0.42144287,0.94144285,0.98144287,-2.1285572,-2.288557,-2.6085572,-0.56855714,0.48144287,1.4914429,3.201443,4.7814426,-1.0785571,0.18144287,1.1114429,1.3714429,0.08144287,3.191443,2.231443,1.5014429,2.0614429,1.8514428,2.3114429,2.0914428,3.511443,3.6614428,4.791443,5.4514427,5.6814427,6.4114428,7.1614428,7.981443,8.061443,7.921443,7.7414427,7.521443,7.381443,7.061443,7.2814426,9.651443,10.471443,12.141443,15.561443,7.381443,0.18144287,-2.6585572,-5.478557,-5.328557
