json/gfs_20240720_00.json
{"header": { "discipline":0, "disciplineName":"Meteorological products", "gribEdition":2, "gribLength":79598, "center":7, "centerName":"US National Weather Service - NCEP(WMC)", "subcenter":0, "refTime":"2024-07-20T00:00:00.000Z", "significanceOfRT":1, "significanceOfRTName":"Start of forecast", "productStatus":0, "productStatusName":"Operational products", "productType":1, "productTypeName":"Forecast products", "productDefinitionTemplate":0, "productDefinitionTemplateName":"Analysis/forecast at horizontal level/layer at a point in time", "parameterCategory":2, "parameterCategoryName":"Momentum", "parameterNumber":3, "parameterNumberName":"V-component_of_wind", "parameterUnit":"m.s-1", "genProcessType":2, "genProcessTypeName":"Forecast", "forecastTime":0, "surface1Type":103, "surface1TypeName":"Specified height level above ground", "surface1Value":10.0, "surface2Type":255, "surface2TypeName":"Missing", "surface2Value":0.0, "gridDefinitionTemplate":0, "gridDefinitionTemplateName":"Latitude_Longitude", "numberPoints":65160, "shape":6, "shapeName":"Earth spherical with radius of 6,371,229.0 m", "gridUnits":"degrees", "resolution":48, "winds":"true", "scanMode":0, "nx":360, "ny":181, "basicAngle":0, "lo1":0.0, "la1":90.0, "lo2":359.0, "la2":-90.0, "dx":1.0, "dy":1.0 }, "data":
[rows 26 to 51 of 181, columns 177 to 235 of 360]
3.9037964,3.3637965,5.0137963,5.2137966,8.813796,8.543797,7.403796,5.9137964,4.903796,3.6737964,3.6237965,6.5537963,6.4837966,3.9837964,6.4937963,6.613796,6.1637964,4.883796,4.5037966,4.3137965,4.443796,3.8637965,1.7837964,0.34379637,-0.89620364,0.54379636,2.6337965,2.1737964,-0.12620361,-0.106203616,-0.41620362,-0.03620361,0.043796387,-1.4062036,-2.5662036,-1.7762036,0.21379639,0.4537964,0.09379639,-0.34620363,-0.71620363,-1.2862036,-1.3862036,-1.9562036,-0.7562036,0.22379638,-0.7962036,-0.4662036,-0.6862036,0.5937964,0.5137964,0.8037964,0.8937964,1.8337964,0.4737964,0.2437964,0.103796385,0.73379636,1.9737964
4.0737963,3.0537963,3.0937965,10.683796,7.7137966,6.903796,5.8937964,5.2237964,5.153796,5.133796,5.3437963,5.133796,5.1237965,5.1437964,5.0237966,5.2037964,5.2037964,4.5437965,3.7337964,1.6837964,1.5637964,1.7137964,0.60379636,2.2137964,2.3337965,2.8937964,0.4737964,-0.016203614,-0.7262036,-0.9762036,-2.5162036,-3.1062036,-2.5462036,-1.1862036,-1.0462036,-2.0562036,0.3237964,-3.8762035,-3.5362036,-1.1762036,-1.1262037,0.4237964,0.79379636,-0.47620362,-0.41620362,1.3937964,-0.6162036,1.3837963,-1.4262036,0.3237964,1.7237964,1.3437964,0.5737964,-1.2562037,1.0837964,1.2437963,-0.046203613,-0.026203614,2.5437963
1.0537964,0.8037964,2.1637964,4.383796,4.7837963,5.1637964,5.3237963,5.7137966,5.7737966,5.943796,5.7737966,5.7437963,5.3237963,5.693796,5.5537963,4.8537965,3.8837965,2.4037964,0.5737964,-0.2762036,0.1337964,1.0737964,0.11379638,2.5037963,0.17379639,-1.1062036,-2.2562037,-0.64620364,-1.4362036,-1.6162037,-2.4262037,-0.23620361,-2.0262036,0.063796386,-0.64620364,-0.8462036,-2.2762036,-2.5562036,-1.7362037,-2.1762037,0.78379637,-0.6762036,-0.83620363,-0.9262036,-1.4062036,0.5037964,-0.17620361,-0.7462036,1.5137963,-0.7862036,-0.9462036,-0.4362036,1.5237964,1.1437964,-0.016203614,0.40379637,0.37379637,2.4437964,1.9737964
-1.9862037,-0.47620362,0.4437964,2.2237964,3.5537963,4.193796,4.6037965,5.0037966,5.673796,6.3037963,6.5037966,6.3337965,5.923796,5.8537965,5.5737963,4.9337964,3.0637963,1.5937964,1.0937964,3.4137964,1.1837964,0.4437964,0.9337964,0.033796385,-2.6862037,0.2937964,-1.3462036,-3.9662037,-3.8262036,-0.51620364,-1.8662037,0.0037963868,2.1137965,2.1337965,0.5637964,0.4737964,0.6937964,-0.89620364,0.14379638,-0.0062036132,-1.5762036,2.1037965,-0.22620362,-1.5462036,-0.09620361,0.9337964,-0.5062036,0.9337964,1.7137964,1.9837964,1.9237964,0.6137964,2.2537963,0.073796384,0.21379639,-0.7962036,2.0937965,3.0837965,2.3837965
-1.4462036,-0.38620362,0.4837964,1.4737964,1.8337964,2.4137964,3.5137963,4.3237963,5.0237966,5.3537965,5.4337964,5.1637964,5.5937963,5.443796,5.3937964,4.9737964,5.1637964,4.8537965,1.9537964,0.1337964,2.1737964,-0.06620362,-1.0862036,-1.3562036,0.2437964,-0.9262036,-2.4762037,-3.6262035,-3.7562037,-0.44620362,-2.0862036,-3.2162037,-4.3962035,-2.7962036,0.60379636,1.9437964,2.1837964,-1.1462036,-0.5362036,0.8037964,3.3437965,-3.1362035,-1.2662036,-1.9662036,-1.8262036,-0.47620362,1.2737964,1.5237964,2.1037965,1.3337964,-0.19620362,0.9937964,0.66379637,1.4637964,3.2837963,1.1237963,0.37379637,1.5337964,1.4437964
-2.9962037,-2.0262036,-0.3962036,1.0337964,1.7737964,2.3337965,3.4837964,4.3537965,4.9637966,5.4537964,5.9937963,6.1437964,6.3037963,6.2537966,6.0337963,5.2637963,4.4637966,3.3337965,1.8237964,0.09379639,-1.4062036,-2.5962036,1.3737963,1.7737964,0.17379639,-2.1862037,-3.1262035,-3.5862036,-3.1562035,-2.3962035,-3.5462036,-6.7162037,2.6537964,1.6837964,0.20379639,-1.3362036,-1.9562036,-2.3062036,-2.7562037,-2.7562037,-2.8362036,-2.1262035,-2.2762036,0.17379639,0.2937964,-0.15620361,-1.7962036,-1.6262037,-2.3762035,1.3537964,1.2537963,0.09379639,2.1437964,0.6737964,1.9437964,0.8137964,0.98379636,-0.8162036,-0.8662036
-1.1662036,-0.5362036,0.5037964,2.0637963,2.9537964,5.1637964,6.153796,6.0837965,6.5737963,7.0237966,7.1837964,7.2737966,6.8237963,6.613796,6.6037965,5.6837964,4.9637966,3.9337964,2.6237965,0.36379638,-1.6062036,-2.6662035,-1.6462036,-0.7962036,-1.8262036,-1.2362037,-3.7662036,-0.9962036,3.2937963,0.8037964,-3.0562036,-1.6162037,-1.8162036,-2.2062037,-2.2362037,-3.2462037,-3.8162036,-3.3962035,-3.7662036,-4.1662035,-4.7262034,-5.4762034,-6.0662036,-5.2762036,-1.0462036,0.8737964,-2.0362036,-0.77620363,-2.1162035,0.15379639,0.7037964,2.1437964,1.8337964,2.1037965,0.9937964,1.4837964,0.6737964,-0.076203614,0.0037963868
-0.9862036,0.39379638,1.7337964,4.0937963,5.9737964,7.1037965,7.693796,7.863796,8.253797,8.183796,7.883796,7.8737965,7.4937963,7.2237964,7.2837963,6.7137966,5.4637966,4.2437963,2.9637964,1.0637964,-0.95620364,-2.1862037,-3.1262035,-2.4462037,-0.51620364,-3.3462036,-4.2062035,1.6537964,-3.9062035,1.0137963,1.6637964,-1.9262036,-3.5962036,-3.6462035,-3.4262037,-3.3762035,-3.8562036,-4.2862034,-4.2362037,-4.4462037,-5.386204,-6.5262036,-7.616204,-8.616203,5.3037963,6.0237966,6.5537963,9.723797,0.40379637,3.5637963,0.6937964,1.1537964,1.4037964,1.5537964,2.1237965,2.0737963,1.5637964,0.91379637,-2.5862036
1.9237964,2.5137963,4.193796,6.113796,7.1837964,7.2937965,7.7037964,7.6637964,7.883796,8.253797,8.373796,8.593797,8.113796,7.7237964,6.903796,6.3337965,5.9537964,4.693796,2.9337964,0.7537964,-1.5362036,-2.6162035,-2.6962037,-3.2962036,1.8837963,0.78379637,-1.3662037,-3.2062037,-2.8562036,-3.6862037,-3.7662036,-4.2262034,-4.826204,-3.8662035,-3.8662035,-3.4262037,-3.9062035,-4.2462034,-3.6862037,-4.2262034,-4.7462034,-5.306204,-5.7162037,-4.096204,1.8737963,5.7137966,5.9937963,5.5237966,5.5237966,1.1537964,1.5237964,2.9237964,3.3937964,0.72379637,1.9837964,0.6437964,0.9637964,0.97379637,2.1037965
4.3937964,4.7937965,5.6837964,7.2537966,8.243796,8.023796,8.593797,8.023796,8.663796,8.573796,9.353796,10.123796,9.893796,7.7137966,8.053797,5.2737966,4.4637966,5.403796,1.0137963,-4.386204,3.8437965,3.6137965,0.40379637,-0.9962036,-1.4862037,-2.3562036,-4.6062036,-5.7462034,-5.4162035,-4.3362036,-4.2362037,-4.2762036,-4.9662037,-4.4662037,-4.7262034,-4.1062036,-3.9862037,-3.9262037,-3.7562037,-3.2462037,-3.5162036,-3.6062036,-2.9762037,-1.8062036,1.0237964,3.5037963,4.5337963,4.6237965,4.193796,3.9237964,0.7737964,1.9137964,0.21379639,1.2837964,0.66379637,1.1737964,-0.4562036,0.16379638,-0.026203614
5.443796,6.1437964,7.6637964,7.5637965,8.873796,8.393796,8.363796,8.253797,9.483796,10.153796,9.753797,10.693796,10.283796,10.883797,6.5737963,9.603796,0.013796386,7.363796,5.0437965,3.4737964,1.3637964,0.34379637,-2.1862037,-2.2462037,-2.6462035,-3.5562036,-5.1062036,-4.596204,-6.1262035,-4.1862035,-5.1862035,-5.6762037,-5.116204,-4.7662034,-5.2262034,-4.8762035,-4.076204,-3.1262035,-2.6762037,-2.4762037,-2.0462036,-0.9762036,0.18379639,0.43379638,1.6737964,3.1537964,3.7937963,3.2637963,2.9837964,5.653796,0.98379636,6.0737963,6.883796,2.2337964,3.2437963,0.8837964,1.7037964,0.7737964,-1.0262036
6.5637965,7.5937963,8.783796,9.443796,9.023796,8.323796,8.393796,7.5637965,11.3337965,9.053797,11.123796,11.203796,8.413796,6.0837965,4.7037964,3.7737963,6.0937963,6.8437963,5.8737965,3.8837965,2.6337965,0.22379638,-2.2162037,-1.7162036,-3.0862036,-4.5862036,-4.7862034,-5.7462034,-5.2762036,-5.2962036,-6.346204,-6.6562037,-6.386204,-6.0162034,-6.1062036,-5.7162037,-5.2362037,-4.326204,-3.7962036,-3.5362036,-2.2762036,-0.8062036,0.4237964,1.3837963,2.9337964,3.9637964,3.7337964,3.3337965,1.8937964,5.403796,5.4637966,0.023796387,6.0737963,1.8537964,0.8937964,2.1037965,1.6537964,2.0137963,-0.016203614
7.363796,7.3937964,8.613796,9.033796,8.453796,2.2937963,7.5437965,5.7337966,9.233796,8.133797,10.453796,10.703796,9.873796,8.5837965,8.053797,7.8737965,6.863796,7.7537966,6.8137965,5.1237965,3.1637964,1.4537964,-1.3362036,-2.8862035,-3.9962037,-4.9662037,-5.2062035,-4.9362035,-5.5262036,-5.5062037,-6.306204,-7.136204,-7.346204,-7.5062037,-7.2662034,-7.826204,-7.9462037,-7.0062037,-3.6662035,-0.6762036,1.6037964,3.1637964,2.7837963,3.8437965,5.153796,5.133796,4.6837964,3.5737963,3.5437963,1.6037964,3.0337963,4.4637966,5.633796,6.7337966,5.193796,1.8237964,0.08379639,2.1137965,1.4137964
7.8037963,7.5337963,8.123796,8.133797,7.613796,6.8337965,6.3937964,9.063796,11.013797,11.823796,11.663796,10.773796,9.863796,8.863796,7.4737964,6.403796,6.883796,6.1437964,6.4937963,5.4737964,3.5737963,1.9437964,-1.9162036,-2.9562037,-4.3562036,-4.0462036,-5.2362037,-5.556204,-5.2862034,-5.4362035,-6.2662034,-7.1862035,-8.096204,-9.176204,-8.966204,-9.906203,-7.116204,-3.9462037,-3.6262035,-0.5562036,3.2137964,5.0437965,5.6837964,6.4737964,7.7437963,7.2137966,7.0037966,5.923796,4.6437964,2.4637964,0.85379636,1.3037964,5.903796,8.353796,9.713797,-0.96620363,1.7837964,3.5737963,1.1337963
6.8437963,6.9337964,7.4737964,7.4537964,7.5237966,6.4737964,8.0837965,10.383797,11.093797,12.263797,10.723797,10.093797,9.503797,8.363796,7.1237965,6.0237966,5.3537965,5.2637963,4.8237963,5.2037964,3.5737963,1.4337964,-1.5562036,-2.9462037,-3.7062037,-4.8362036,-4.2362037,-4.9162035,-5.7562037,-5.9362035,-6.5862036,-6.9462037,-8.006204,-9.256204,-9.876204,-9.606204,-6.306204,-6.1762037,-1.8562036,2.8137963,5.363796,7.7437963,8.523796,7.8937964,7.5737963,9.173797,7.923796,6.7337966,5.3337965,3.6537964,1.4437964,0.21379639,1.4637964,5.7037964,5.9837966,3.3737965,1.9637964,-0.08620361,0.9437964
5.2037964,6.2937965,6.9637966,5.883796,5.7837963,5.7237964,9.003797,12.433796,13.053797,11.543797,10.503797,9.813796,9.133797,7.883796,6.9537964,5.9137964,5.3737965,5.0537963,3.5037963,4.5437965,3.9137964,1.4537964,-0.9362036,-2.9762037,-3.8862035,-4.2962036,-4.5262036,-4.8362036,-6.1762037,-6.366204,-6.6262035,-6.8762035,-7.6562037,-8.906203,-9.176204,-9.536203,-7.3562036,-3.4762037,-1.1462036,3.0737963,6.3237963,8.783796,8.923797,8.943796,8.053797,8.273796,8.3337965,7.6837964,6.2937965,3.9937963,1.8037964,0.4837964,0.9237964,1.8737963,2.6437964,3.6737964,2.8137963,1.1737964,1.5737964
5.383796,5.7737966,5.423796,4.9837966,4.0837965,7.7437963,12.543797,14.093797,12.463797,11.823796,10.923797,9.8337965,8.793797,7.3737965,6.5037966,5.8437963,4.943796,4.9637966,4.0137963,2.7637963,2.8837965,1.3337964,-0.9962036,-2.8462036,-3.5162036,-4.2762036,-4.7662034,-5.5462036,-5.616204,-5.8362036,-6.0062037,-6.1962037,-6.8562036,-7.6262035,-7.8962035,-7.6662035,-5.9662037,-2.9062035,-0.2962036,2.7837963,6.5937963,7.7437963,8.763797,8.883797,7.613796,6.5037966,8.653796,7.5937963,6.613796,3.6137965,1.8237964,-0.44620362,-0.76620364,2.0937965,0.9637964,0.5037964,3.0337963,2.9337964,0.063796386
4.4937963,4.363796,4.3237963,3.6237965,5.5637965,11.443796,13.203796,13.063796,11.873796,10.863796,10.183796,8.983796,8.443796,7.6637964,6.4537964,5.4337964,4.923796,4.403796,3.6437964,2.7837963,1.9637964,1.0437964,-1.2062036,-2.8562036,-3.6962037,-4.8962035,-4.9162035,-5.4662037,-5.6562037,-5.366204,-4.9962034,-5.5462036,-6.3962035,-6.7662034,-6.4662037,-5.6562037,-4.5262036,-2.4662037,0.3537964,3.3837965,5.0537963,6.7337966,8.0837965,7.2337966,6.443796,5.8037963,7.8437963,7.3237963,6.883796,5.1437964,1.2537963,-1.0462036,-2.2962036,-0.4862036,-0.2762036,-0.25620362,-1.4062036,2.8637965,0.7537964
2.9037964,3.5037963,4.2637963,2.2737963,10.693796,13.533796,13.253797,12.753797,11.523796,10.623796,9.113796,8.703796,7.673796,6.6837964,6.0637965,4.9837966,4.153796,3.7537963,3.3637965,1.7537963,1.6337963,0.60379636,-1.2162036,-2.5062037,-3.3162036,-4.7162037,-4.7362037,-4.9762034,-6.0162034,-5.6262035,-5.6562037,-5.866204,-5.7262034,-5.9562035,-5.596204,-4.8762035,-3.5362036,-1.5762036,0.8237964,2.3937964,3.5837965,4.9937963,6.3337965,5.3537965,4.863796,3.9037964,6.7937965,6.7037964,5.7937965,3.1337965,0.2837964,-1.6862036,-2.7262037,-2.1862037,-0.8262036,0.8837964,-0.9162036,0.2637964,-0.35620362
1.6037964,0.9637964,-0.17620361,6.5937963,14.173797,14.133797,13.223797,11.703796,10.803797,9.423797,8.623796,8.353796,7.7637963,6.8137965,5.6237965,4.673796,3.9737964,3.6637964,2.6437964,2.2337964,1.2337964,0.043796387,-0.5362036,-2.2462037,-3.2862036,-4.2462034,-4.9962034,-5.4862037,-5.6662035,-5.7762036,-5.7762036,-5.5462036,-5.7762036,-5.846204,-5.4762034,-4.306204,-3.3462036,-2.2162037,-0.83620363,0.6437964,2.6637964,3.6837964,3.7137964,3.5937965,2.7437963,5.7237964,6.423796,6.3237963,4.8737965,2.5437963,-1.1462036,-1.0362036,-1.4362036,-2.9262037,-1.3962036,-0.70620364,-1.2462037,-3.1162035,-1.8462036
-1.0362036,-1.7962036,4.1237965,12.423797,12.263797,13.013797,12.023796,10.813796,10.003797,9.483796,8.5837965,8.433796,7.4537964,6.443796,5.2937965,4.4537964,3.9137964,2.7937963,1.5037963,1.1537964,0.4837964,-0.37620363,-1.4262036,-3.6362035,-4.0462036,-4.9062037,-5.7962036,-5.596204,-5.3562036,-5.826204,-5.056204,-5.2162037,-5.7962036,-5.9462037,-5.7962036,-5.306204,-4.7462034,-3.6362035,-2.1762037,-0.28620362,1.2337964,1.8437964,1.6637964,1.4437964,-1.1962036,4.863796,4.9637966,5.5037966,4.0937963,1.1337963,-0.5462036,-1.5362036,-1.8162036,-3.0662036,-1.7962036,-1.9562036,-1.4162036,-3.6262035,-3.0962036
-4.2562037,6.0337963,11.843797,13.673797,14.433796,11.873796,9.993796,10.203796,9.223797,8.3337965,8.273796,7.5037966,6.903796,5.883796,4.9137964,4.0837965,3.2337964,1.2237964,0.39379638,0.3537964,-0.19620362,-1.7262036,-3.2262037,-5.0362034,-6.5062037,-5.8362036,-5.2862034,-5.9162035,-6.2862034,-6.0162034,-5.1262035,-5.2062035,-4.9862037,-4.7662034,-4.7962036,-4.5262036,-3.3562036,-2.4162035,-1.7362037,-0.8562036,-0.7462036,0.18379639,0.023796387,-0.7362036,3.7737963,3.4037964,5.1637964,5.3737965,2.3837965,-0.4562036,-0.15620361,-2.3962035,-1.2962036,-2.0762036,-1.6862036,-2.7162037,-2.8262036,-5.0462036,-5.5262036
10.443796,11.563796,11.953796,11.613796,12.203796,11.823796,11.063796,9.203796,8.673797,8.023796,7.4937963,6.8137965,6.133796,5.7237964,4.923796,3.2437963,1.9237964,0.54379636,0.18379639,1.4037964,-0.3062036,-1.4462036,-3.4362037,-4.9262037,-6.2062035,-6.5162034,-4.7662034,-4.7062035,-5.3162036,-5.7462034,-5.596204,-5.366204,-4.6862035,-4.7062035,-4.7562037,-4.4462037,-3.8062036,-3.2662036,-3.0262036,-1.8762037,-1.3462036,-1.3562036,-2.3462036,3.4037964,2.9237964,2.6837964,4.5737963,4.1837964,1.7937964,-1.2762036,-0.89620364,-0.8162036,-0.3062036,-1.3862036,-1.2162036,-2.6662035,-4.846204,-6.9862037,-7.9362035
10.993796,11.623796,10.3337965,10.233796,11.503797,10.733796,9.513797,8.843797,7.9537964,7.3537965,6.3537965,6.443796,6.2637963,5.5037966,4.0537963,2.8437965,2.7837963,-0.17620361,0.7437964,-0.09620361,-0.9462036,-2.6362035,-3.9562037,-5.0262036,-5.386204,-5.7462034,-5.4762034,-5.4462037,-4.8962035,-4.9562035,-5.1262035,-5.5062037,-5.116204,-4.9562035,-4.7462034,-4.2562037,-4.0362034,-3.6562035,-2.7562037,-2.9462037,-3.0562036,-1.8462036,2.4937963,1.0737964,0.34379637,2.6237965,4.4937963,2.3837965,0.22379638,0.5537964,1.1337963,-0.8462036,-0.8662036,-1.5662036,-2.9462037,-4.076204,-5.6562037,-8.156203,-7.366204
11.393796,10.303797,8.723797,11.603796,10.673797,10.193796,8.403796,8.713797,7.6237965,7.633796,6.7337966,6.173796,5.153796,4.653796,3.2337964,2.0637963,1.5037963,-0.4262036,0.2437964,-1.1362036,-2.4562037,-3.9262037,-4.7362037,-5.0062037,-5.5362034,-5.0862036,-4.9762034,-4.826204,-4.7762036,-4.9062037,-4.9662037,-4.826204,-4.7062035,-4.7662034,-4.806204,-4.7962036,-4.4362035,-4.2362037,-4.0162034,-3.7362037,0.6937964,1.2337964,0.9537964,0.30379638,-0.6962036,3.3737965,4.2637963,1.5637964,0.7437964,-1.5862036,-1.3662037,-1.3862036,-3.0362036,-2.1362035,-2.1862037,-4.3162036,-5.886204,-7.7262034,-9.516204
10.873796,9.8337965,8.303797,10.003797,9.693796,9.453796,7.7637963,8.013797,7.7237964,7.2737966,6.2437963,5.3737965,5.5137963,3.6637964,2.4037964,1.2737964,0.79379636,-1.5062037,-0.71620363,-2.2962036,-3.3862035,-3.7862036,-4.576204,-5.056204,-4.5462036,-4.4062037,-4.7662034,-4.7062035,-4.6662035,-4.386204,-4.556204,-4.806204,-4.9762034,-4.9662037,-5.2062035,-5.1262035,-4.7962036,-4.576204,-5.9462037,0.85379636,0.78379637,0.4437964,-1.3962036,-2.4762037,-1.3762037,2.3737965,1.7937964,1.2937964,-0.20620361,-1.4462036,-0.6062036,-3.4562037,-3.0862036,0.063796386,-2.6962037,-4.306204,-6.1762037,-7.8762035,-9.866203
