json/gfs_20240720_12.json
{"header": { "discipline":0, "disciplineName":"Meteorological products", "gribEdition":2, "gribLength":80063, "center":7, "centerName":"US National Weather Service - NCEP(WMC)", "subcenter":0, "refTime":"2024-07-20T12:00:00.000Z", "significanceOfRT":1, "significanceOfRTName":"Start of forecast", "productStatus":0, "productStatusName":"Operational products", "productType":1, "productTypeName":"Forecast products", "productDefinitionTemplate":0, "productDefinitionTemplateName":"Analysis/forecast at horizontal level/layer at a point in time", "parameterCategory":2, "parameterCategoryName":"Momentum", "parameterNumber":2, "parameterNumberName":"U-component_of_wind", "parameterUnit":"m.s-1", "genProcessType":2, "genProcessTypeName":"Forecast", "forecastTime":0, "surface1Type":103, "surface1TypeName":"Specified height level above ground", "surface1Value":10.0, "surface2Type":255, "surface2TypeName":"Missing", "surface2Value":0.0, "gridDefinitionTemplate":0, "gridDefinitionTemplateName":"Latitude_Longitude", "numberPoints":65160, "shape":6, "shapeName":"Earth spherical with radius of 6,371,229.0 m", "gridUnits":"degrees", "resolution":48, "winds":"true", "scanMode":0, "nx":360, "ny":181, "basicAngle":0, "lo1":0.0, "la1":90.0, "lo2":359.0, "la2":-90.0, "dx":1.0, "dy":1.0 }, "data":
[rows 50 to 74 of 181, columns 232 to 289 of 360]
1.1000488,1.8000488,3.1700487,2.5900488,-2.019951,-1.0899512,-0.029951172,-0.51995116,0.6800488,0.78004885,-1.5599512,-1.4999511,-0.41995117,-0.58995116,1.3900489,0.7600488,-0.8199512,-1.6399512,2.740049,-1.0199512,-1.6399512,1.6100488,-1.2199512,0.8900488,2.690049,3.1500487,1.6500489,0.30004883,-1.1999512,-1.5499512,-1.7099512,-1.7799512,-1.3199512,0.84004885,-1.7299511,0.020048829,-0.43995118,-0.12995118,-1.2599511,-2.309951,-2.1299512,-2.309951,-1.4999511,-1.6899512,-1.2899512,-0.09995117,-0.6199512,-0.34995118,0.7400488,0.24004883,0.20004883,0.6800488,0.100048825,0.33004883,1.8100488,2.0200489,1.0600488,0.79004884
0.53004885,2.730049,3.4100487,4.990049,6.330049,0.97004884,2.440049,-1.8499511,1.1400489,1.1000488,-1.8499511,0.34004882,1.0200489,-1.2499511,0.37004882,1.1000488,0.46004882,0.16004883,-0.78995115,-2.0999513,-0.83995116,-0.6299512,1.7700489,2.5400488,3.5900488,2.1700487,1.9900489,2.7600489,0.38004884,-1.2199512,-1.0399512,-1.5899512,-2.8499513,-0.34995118,-0.70995116,-1.3799511,-0.58995116,0.100048825,-1.8299512,-1.4599512,-1.9799511,-2.549951,-1.6499512,-0.77995116,-1.3399512,0.39004883,-0.10995117,0.5000488,-0.7999512,-0.03995117,-0.26995116,-0.40995118,-1.0099511,-1.2799512,-2.0799513,-2.049951,-2.5899513,-1.2099512
1.2900488,2.4200487,4.100049,6.060049,7.6500487,8.600049,1.7800488,0.20004883,-2.4099512,-0.28995118,-1.3699511,-1.8299512,0.040048826,0.5800488,-0.03995117,-1.9899511,-1.4799511,-0.19995117,-1.0399512,-0.83995116,-1.5199512,0.29004884,0.78004885,2.690049,3.240049,3.200049,0.8100488,0.16004883,1.4500488,-1.0599512,-1.0099511,-1.8899512,-1.2699512,-1.3599511,-1.6399512,-0.49995118,0.030048829,0.09004883,0.29004884,-1.4099512,-2.039951,-2.519951,-1.7799512,-2.039951,-1.1499512,-0.16995117,0.39004883,-0.57995117,0.33004883,-0.03995117,-0.8799512,-1.2899512,-5.2299514,-4.8099513,-5.839951,-5.409951,-3.9099512,-2.2499511
1.7500489,2.6700487,4.070049,6.490049,7.7100487,5.850049,-1.0799512,3.3700488,1.9800488,-2.5899513,0.30004883,0.100048825,-1.1199511,1.9300488,-1.3299512,-0.59995115,1.8100488,0.8700488,0.35004884,-1.8199512,-3.2099512,-1.9099512,1.4100488,2.5600488,3.1700487,0.45004883,1.9400488,2.0500488,-0.32995117,-2.3699512,0.33004883,-1.2599511,-0.63995117,-1.2099512,-0.8699512,-0.8599512,-0.57995117,-0.33995116,-0.47995117,-0.64995116,-1.3999512,-1.7099512,-1.4199512,0.13004883,0.020048829,-1.3299512,-1.1499512,0.8800488,-0.40995118,-1.0699512,-0.63995117,-0.09995117,-2.0799513,-7.319951,-7.969951,-7.0799513,-4.859951,-4.389951
1.5300488,2.8700488,3.6500487,5.4800487,6.660049,5.6300488,8.390049,1.3100488,0.38004884,-0.009951171,2.1100488,0.71004885,0.6800488,0.050048828,-0.76995116,0.6200488,1.3800489,1.5100489,-0.079951175,-0.13995117,-1.9999511,-2.069951,-0.44995117,1.2400489,1.7800488,2.1600487,3.3400488,4.110049,0.6300488,0.34004882,-1.1799512,0.35004884,-0.36995116,-0.45995116,-0.82995117,0.39004883,-0.029951172,-0.65995115,-0.46995118,-1.7399511,-0.26995116,-0.05995117,-0.3099512,-0.65995115,0.86004883,-0.47995117,0.23004884,0.040048826,0.71004885,1.0000489,0.73004884,0.91004884,1.7600489,4.470049,6.2900486,2.3700488,7.0400486,5.620049
1.4400488,1.9200488,3.240049,4.4800487,5.430049,6.360049,6.260049,2.3100488,-1.6699512,0.45004883,1.1100488,3.0000489,0.90004885,1.5200489,-1.0199512,-0.19995117,-1.0299512,2.0700488,1.5300488,-0.39995116,-0.34995118,-1.2399511,-1.9299512,0.84004885,1.4700488,2.5600488,1.2000488,1.0800488,-0.49995118,0.7400488,1.3700489,1.0800488,-0.31995118,-0.9299512,0.25004882,-0.18995117,-0.33995116,-0.8199512,-0.9199512,-0.36995116,-0.48995116,-0.6799512,-0.90995115,-0.42995116,-0.51995116,0.9500488,1.2000488,1.2100488,1.5800488,2.6700487,2.2800488,1.1100488,3.3300488,4.760049,3.8300488,4.530049,6.550049,6.1700487
0.65004885,1.7800488,2.700049,3.5300488,4.800049,6.700049,6.810049,6.550049,3.9100487,2.490049,0.92004883,-0.76995116,1.3400488,1.9700488,0.020048829,0.9400488,-0.27995118,-1.1299511,-1.4099512,1.0700488,0.21004882,-0.32995117,-0.88995117,-0.26995116,-1.4599512,1.3400488,0.08004883,0.77004886,1.8200488,0.13004883,0.71004885,-0.27995118,-2.0899513,-1.6799512,-1.2299511,-0.28995118,0.21004882,-0.3099512,-0.029951172,-0.8099512,-0.029951172,-0.33995116,-0.44995117,0.23004884,-0.029951172,0.8000488,1.3200488,1.3000488,1.7000488,2.1000488,2.5300488,5.200049,3.6300488,3.690049,3.4100487,3.8500488,4.910049,5.010049
-0.7399512,0.27004883,1.7300488,2.460049,4.310049,5.3800488,6.680049,7.5000486,5.680049,5.7700486,3.9000487,1.0500488,1.2900488,0.40004882,2.0100489,3.1600487,4.0400486,4.8828126E-5,0.92004883,-2.1499512,-0.77995116,-2.3699512,-1.3899512,1.1200489,-1.2399511,0.27004883,0.06004883,0.010048828,0.42004883,-0.37995118,0.40004882,-0.76995116,-1.1799512,-1.4299512,-0.6999512,0.5700488,0.5500488,0.26004884,-0.03995117,-0.24995117,-0.78995115,-0.35995117,-0.24995117,-0.12995118,0.5100488,1.8800489,1.7100488,0.98004884,1.3700489,5.990049,4.6500487,4.7500486,4.340049,3.200049,2.5000489,2.220049,3.3200488,3.0800488
-1.8399512,-1.8499511,-0.5699512,1.8800489,3.4100487,4.4000487,5.140049,4.9800487,4.550049,6.180049,4.890049,4.760049,0.92004883,-1.9599512,-0.31995118,-0.08995117,0.96004885,0.19004883,-0.9999512,-1.1899512,-1.8999512,-0.53995115,-2.4499512,-2.2099512,-1.9999511,-1.7999512,-0.7599512,0.31004882,-1.1699512,-0.019951172,0.53004885,-1.3499511,-2.0899513,-1.2999512,-0.5099512,0.21004882,1.0900488,0.79004884,0.29004884,0.61004883,-0.23995118,-0.5099512,-0.6299512,-1.0199512,-0.08995117,0.6400488,1.3900489,1.7900488,3.4000487,3.6600487,3.6400487,3.7800488,1.9300488,2.4000487,1.8400488,1.7500489,1.8600488,1.5900488
-2.539951,-3.1399512,-1.7899512,-0.6999512,0.92004883,3.3600488,1.6300489,3.0500488,3.8700488,5.490049,4.530049,4.6700487,0.79004884,1.2800488,-2.029951,-1.1099511,-0.48995116,0.67004883,-0.70995116,-0.57995117,0.24004883,-1.3099512,-1.8699511,-2.1199512,1.9800488,-1.9299512,-2.1899512,-0.12995118,-0.31995118,-0.9999512,-1.0299512,-1.8599511,-1.5999511,-1.1799512,-0.96995115,0.17004883,1.5400488,0.73004884,1.0400488,0.61004883,0.15004882,-0.83995116,-1.6499512,-1.4799511,-0.09995117,-0.27995118,0.26004884,1.3700489,1.9900489,2.180049,2.0600488,1.4700488,1.3000488,1.0700488,0.28004882,-0.11995117,-0.32995117,4.8828126E-5
-2.4099512,-2.5799513,-1.5599512,-0.83995116,0.73004884,1.2200488,3.0600488,3.6700487,3.3700488,4.470049,3.6500487,3.180049,2.2500489,1.6900488,-1.5599512,-1.4299512,-1.4199512,-1.2099512,0.49004883,-1.0099511,1.2800488,0.100048825,-0.5599512,-2.2099512,-1.1799512,-2.1599512,-4.239951,-1.8799511,-1.6299511,-0.8699512,-1.3899512,-2.0899513,-0.9499512,-1.2899512,-1.0899512,-0.90995115,0.8800488,1.1900488,1.5300488,3.450049,2.5800488,1.9800488,2.220049,-0.96995115,0.53004885,-0.8199512,0.48004884,0.9400488,0.8000488,0.78004885,0.98004884,0.09004883,-0.05995117,0.5600488,-1.5799512,-1.8699511,-1.4599512,-1.8499511
-2.6999512,-2.1799512,-2.1599512,-1.5299512,-0.64995116,1.0400488,2.0300488,2.680049,2.720049,3.5200489,2.450049,1.7600489,4.4600487,2.430049,0.19004883,-4.2299514,-0.9899512,1.0300488,-0.53995115,-0.29995117,-1.0699512,-0.42995116,-1.1599512,-2.289951,-0.9899512,-1.4199512,-0.96995115,-3.1599512,-2.6399512,-2.4599512,0.61004883,0.28004882,1.1400489,3.1000488,4.560049,3.8400488,3.940049,3.4000487,3.220049,2.8100488,2.1200488,1.8400488,0.6300488,1.6900488,-0.57995117,-1.0199512,-0.89995116,-0.28995118,-0.09995117,-0.8199512,-1.1399512,-1.8299512,-1.7599511,-2.1399512,-2.9499512,-3.3299513,-4.259951,-3.039951
-2.7199512,-2.0899513,-2.049951,-2.1499512,-0.8699512,0.66004884,1.3100488,1.5300488,1.9700488,3.2800488,3.0400488,1.0700488,2.9000487,-0.09995117,1.0800488,2.8000488,-3.4899511,-2.2399511,-0.59995115,-0.96995115,-1.6199511,-0.11995117,-1.9799511,-2.1599512,-2.799951,-2.529951,-0.82995117,-3.4299512,-3.059951,-1.7199512,0.09004883,1.5100489,4.1500487,3.180049,3.440049,2.5000489,3.3100488,3.460049,2.700049,1.3300488,1.7700489,1.7800488,1.1300489,1.1100488,0.23004884,-1.3899512,-0.72995114,-0.8099512,-1.6899512,-2.549951,-3.7099512,-3.6399512,-3.7099512,-4.3099513,-4.7099514,-3.6499512,-5.1199512,-3.7199512
-2.8599513,-2.069951,-2.2199512,-1.3899512,0.19004883,0.7500488,1.4400488,1.4900489,1.8200488,1.9200488,2.9200487,1.3800489,2.2700489,4.050049,1.5700488,1.2700489,1.1900488,-2.309951,-2.029951,-0.21995117,-0.6299512,-0.7399512,-0.8099512,-2.019951,-0.46995118,-0.82995117,-1.3199512,-0.6799512,-3.2199512,-2.819951,-0.5099512,1.8400488,1.8000488,2.0500488,1.7600489,1.7800488,1.5100489,0.9900488,0.9500488,1.4800488,1.3400488,1.3600488,1.8200488,0.37004882,0.13004883,-0.71995115,-1.5599512,-1.3999512,-3.069951,-5.259951,-5.239951,-5.169951,-5.2099514,-4.7299514,-5.2499514,-5.239951,-4.6199512,-3.8599513
-3.279951,-2.009951,-2.2199512,-1.2199512,0.26004884,0.90004885,1.0300488,1.5400488,1.4100488,0.90004885,2.2500489,2.5400488,2.5400488,3.7900488,3.8800488,2.6700487,0.54004884,-2.8699512,-3.319951,-0.78995115,-1.1899512,-2.6499512,1.2000488,-0.78995115,-1.5699512,-2.8899512,-2.269951,-0.82995117,-1.7899512,-2.4899511,-0.64995116,0.52004886,0.8900488,0.7500488,0.12004883,-0.10995117,0.42004883,0.14004883,0.27004883,-0.049951173,-0.15995117,-0.58995116,-0.029951172,-0.78995115,-1.5499512,-2.509951,-3.779951,-1.7799512,-6.3099513,-6.409951,-6.949951,-4.969951,-7.779951,-6.2099514,-6.0599513,-5.4799514,-5.409951,-7.589951
-2.509951,-2.039951,-1.8099512,-1.3499511,-0.21995117,0.90004885,1.2600489,1.9900489,1.0700488,1.7500489,2.5000489,2.730049,2.2900488,4.220049,4.1300488,3.3400488,2.3500488,1.3100488,0.24004883,-3.3499513,-1.4999511,-0.9899512,-1.7499511,-0.43995118,-0.6799512,-1.0299512,-2.1799512,-2.309951,1.5700488,0.010048828,0.15004882,0.86004883,0.06004883,-1.4899511,-1.2499511,-1.0999511,-1.8199512,-0.97995114,-1.3899512,-1.1799512,-1.5399512,-1.8799511,-1.9599512,-2.8299513,-3.569951,-3.9599512,-5.009951,-6.3499513,-6.419951,-7.9799514,-6.399951,-5.899951,-7.909951,-7.759951,-7.699951,-7.9799514,-8.059951,-8.149951
-2.6299512,-2.0799513,-1.9099512,-1.4499512,-0.47995117,0.6200488,1.4100488,1.5700488,1.9700488,2.5300488,2.960049,2.700049,3.0300488,3.0700488,3.3700488,3.6300488,3.5200489,2.5500488,0.25004882,-3.289951,-2.4399512,-1.6299511,-1.7899512,-2.7499511,-2.539951,-1.4699512,-0.39995116,-0.20995118,0.65004885,0.050048828,0.8300488,1.0800488,-1.8699511,-3.0899513,-2.789951,-3.7299511,-3.2099512,-3.009951,-3.4999511,-2.569951,-3.5899513,-3.4599512,-5.169951,-5.469951,-6.319951,-6.909951,-6.989951,-6.259951,-7.4599514,-9.389951,-6.799951,-8.209951,-8.119951,-8.679951,-8.889951,-8.8399515,-9.069951,-8.809951
-3.1699512,-2.4199512,-2.319951,-1.5599512,-0.9899512,0.60004884,1.3300488,1.6000488,1.8200488,2.680049,2.9100487,3.0100489,3.0400488,3.6300488,3.180049,2.7500489,3.0700488,2.7500489,1.6200489,1.1800488,1.1200489,-0.83995116,-2.069951,1.0700488,0.6400488,-1.8999512,-5.399951,-0.8799512,0.48004884,0.030048829,1.4400488,1.2200488,-2.7499511,-2.9799511,-4.8499513,-6.0599513,-4.799951,-4.0399513,-4.689951,-4.889951,-4.389951,-5.169951,-5.799951,-6.7499514,-7.649951,-4.509951,-3.4799511,-3.319951,-7.199951,-7.569951,-8.719952,-8.979951,-9.189951,-8.859951,-9.179951,-9.8399515,-9.769951,-9.109951
-4.049951,-3.3999512,-3.0999513,-2.289951,-1.4899511,4.8828126E-5,0.61004883,1.3700489,1.9200488,2.5400488,2.4000487,2.4000487,2.490049,3.210049,3.7500489,3.240049,3.1600487,3.440049,4.870049,4.6700487,3.3800488,0.97004884,-1.0499512,-1.2099512,-0.63995117,-0.84995115,-1.9999511,-1.8099512,0.08004883,1.5500488,2.1700487,0.33004883,-2.779951,-4.109951,-5.9599514,-5.3299513,-5.299951,-4.859951,-5.4999514,-4.5599513,-4.399951,-4.2899513,-5.109951,-6.029951,-4.5999513,-6.219951,-6.609951,-2.8799512,-3.2099512,-4.399951,-5.169951,-9.059951,-9.249951,-9.759952,-10.249951,-10.289951,-10.239951,-9.369951
-5.5799513,-4.6199512,-3.809951,-3.1999512,-2.4299512,-1.8699511,-0.20995118,0.61004883,1.2800488,1.4500488,1.9800488,1.7900488,1.9300488,2.7700489,3.0400488,3.980049,3.3100488,3.5900488,3.8500488,3.5600488,2.450049,1.0800488,0.010048828,-1.6899512,0.18004882,-1.0299512,-0.78995115,-1.1799512,-0.83995116,1.0900488,1.1100488,2.940049,-1.0199512,-4.669951,-5.359951,-4.0799513,-5.2299514,-5.549951,-1.3199512,-1.2599511,-0.9199512,-1.1499512,-5.859951,-6.239951,-5.149951,-5.989951,-8.119951,-9.679951,-9.679951,-9.039951,-4.989951,-4.7899513,-6.669951,-10.189951,-10.429951,-10.769951,-10.709951,-9.559951
-5.899951,-5.169951,-4.8299513,-3.9099512,-3.0799513,-2.5999513,-1.7599511,-0.76995116,0.020048829,0.7400488,0.42004883,1.1900488,0.9900488,1.4300488,1.8300488,2.5300488,3.1700487,2.970049,2.6700487,2.6300488,1.3000488,0.86004883,0.7400488,-0.70995116,-0.97995114,0.11004883,-0.84995115,-0.45995116,-1.4999511,0.39004883,1.3000488,0.42004883,1.3300488,-2.5899513,-3.4099512,-5.419951,-6.0599513,-6.439951,-1.2999512,-0.45995116,-1.1099511,-6.3499513,-6.609951,-7.679951,-6.739951,-6.159951,-6.199951,-4.7299514,-6.4599514,-8.599951,-6.0599513,-0.58995116,-0.39995116,-2.8299513,-10.149951,-7.3099513,-6.839951,-8.939951
-5.679951,-6.3299513,-6.149951,-4.8699512,-3.3299513,-3.4199512,-2.8899512,-2.3599513,-1.1099511,-0.7399512,-0.46995118,0.31004882,0.60004884,0.6400488,0.79004884,1.5200489,2.2900488,1.5900488,1.7100488,1.0400488,0.6200488,0.72004884,0.6900488,1.8800489,-0.64995116,0.32004884,-0.8799512,-0.8599512,-0.9299512,-0.12995118,-0.70995116,2.2600489,1.9000489,1.5700488,-1.4299512,-5.949951,-6.799951,-1.6599512,-0.8099512,-0.8599512,-1.6299511,-7.609951,-7.129951,-6.699951,-6.7899513,-6.669951,-5.439951,-5.759951,-5.469951,-6.319951,-6.069951,-7.5799513,-9.299952,1.9000489,-1.3799511,-3.1199512,-1.3699511,-1.5199512
-5.0199513,-6.3499513,-4.9999514,-5.159951,-5.699951,-4.589951,-4.1199512,-4.609951,-3.8599513,-1.9899511,-1.2399511,-0.11995117,-0.70995116,-0.18995117,0.09004883,0.86004883,0.7000488,0.22004883,0.11004883,-0.009951171,-0.76995116,0.29004884,1.6800488,2.3800488,3.3100488,-1.8399512,-1.1199511,-0.84995115,1.0600488,0.43004882,-1.5099511,-0.48995116,1.2200488,2.440049,1.6100488,-1.5199512,-2.809951,-2.8899512,-1.9399512,-1.3399512,-10.239951,-8.919951,-8.549952,-7.3699512,-7.549951,-6.9999514,-6.639951,-6.0999513,-5.2899513,-0.88995117,-1.1899512,-0.44995117,-4.879951,-9.039951,-9.219952,-9.529951,-5.8699512,-6.529951
-4.839951,-5.089951,-4.2699513,-3.049951,-5.2899513,-3.9199512,-3.1599512,-3.7299511,-2.8499513,-3.9799511,-2.3499513,-2.509951,-2.1099513,-1.0099511,-0.78995115,-0.36995116,0.08004883,-0.9399512,-0.72995114,-0.8199512,-1.4799511,0.36004883,1.5700488,1.7100488,1.9300488,1.9400488,1.2600489,1.7200488,-0.71995115,-0.6099512,-1.1399512,-0.65995115,1.0500488,0.32004884,0.86004883,-0.97995114,-0.6299512,-0.52995116,-0.89995116,-0.96995115,-10.509952,-11.069951,-8.539951,-8.469952,-7.089951,-7.3099513,-7.669951,-8.429951,-7.449951,-7.359951,-7.929951,-7.779951,-6.8099513,-8.3399515,-9.829951,-10.469952,-9.739951,-9.309951
-5.529951,-4.3099513,-4.839951,-4.5599513,-4.159951,-4.879951,-4.3299513,-3.3599513,-4.2699513,-3.4499512,-3.5799513,-3.1399512,-2.9099512,-2.1999512,-1.6999512,-1.0699512,-0.84995115,-1.5099511,-0.9399512,-1.7499511,0.14004883,0.52004886,0.39004883,0.46004882,0.07004883,0.67004883,1.0200489,2.1700487,3.2600489,1.9700488,1.2500489,-0.6699512,0.8000488,-0.8099512,-1.8099512,-0.05995117,0.030048829,0.18004882,-0.10995117,-0.029951172,0.65004885,-1.8799511,-4.629951,-2.539951,-7.4599514,-7.2899513,-7.299951,-8.299952,-7.8699512,-8.389951,-8.209951,-7.7699513,-8.489951,-8.889951,-9.699951,-9.659951,-9.849951,-9.619951
