json/gfs_20240724_00.json
{"header": { "discipline":0, "disciplineName":"Meteorological products", "gribEdition":2, "gribLength":79734, "center":7, "centerName":"US National Weather Service - NCEP(WMC)", "subcenter":0, "refTime":"2024-07-24T00:00:00.000Z", "significanceOfRT":1, "significanceOfRTName":"Start of forecast", "productStatus":0, "productStatusName":"Operational products", "productType":1, "productTypeName":"Forecast products", "productDefinitionTemplate":0, "productDefinitionTemplateName":"Analysis/forecast at horizontal level/layer at a point in time", "parameterCategory":2, "parameterCategoryName":"Momentum", "parameterNumber":3, "parameterNumberName":"V-component_of_wind", "parameterUnit":"m.s-1", "genProcessType":2, "genProcessTypeName":"Forecast", "forecastTime":0, "surface1Type":103, "surface1TypeName":"Specified height level above ground", "surface1Value":10.0, "surface2Type":255, "surface2TypeName":"Missing", "surface2Value":0.0, "gridDefinitionTemplate":0, "gridDefinitionTemplateName":"Latitude_Longitude", "numberPoints":65160, "shape":6, "shapeName":"Earth spherical with radius of 6,371,229.0 m", "gridUnits":"degrees", "resolution":48, "winds":"true", "scanMode":0, "nx":360, "ny":181, "basicAngle":0, "lo1":0.0, "la1":90.0, "lo2":359.0, "la2":-90.0, "dx":1.0, "dy":1.0 }, "data":
[rows 26 to 51 of 181, columns 0 to 58 of 360]
4.9052196,4.62522,3.1552198,1.1552197,-0.19478028,-0.90478027,-0.5847803,-1.4147803,-1.7747803,-2.5047803,-3.0847802,-0.3847803,-0.07478027,-1.7847803,-1.7547803,-0.85478026,-0.67478025,0.5352197,0.51521975,0.7252197,-0.044780273,0.9752197,2.3852198,2.5052197,1.8152198,1.5352197,1.9652197,1.7952198,1.5752198,1.8152198,0.6652197,1.3052198,1.4752197,0.9952197,0.94521976,0.8552197,0.65521973,0.12521973,0.17521973,-1.4147803,-1.9347802,-1.7547803,-1.7447803,-1.5347803,-1.7947803,0.71521974,0.47521973,-0.45478028,-1.2547803,-1.5747802,-1.6947802,-2.2447803,-1.6247803,-2.0447803,-0.6347803,1.0952197,1.6452197,-0.6847803,0.48521972
2.8452196,1.6652198,0.12521973,-1.5047803,-2.5647802,-2.3447802,-2.6247802,-1.9247802,-1.5747802,-1.1547803,-1.5247803,-1.8947803,-2.0847802,-4.3047805,-2.0147803,-2.9847803,-0.42478028,-0.3547803,-0.7147803,-0.5047803,-2.4647803,1.2452197,1.3352197,1.4152198,1.9352198,1.9252198,1.9152198,0.9952197,0.65521973,1.1352197,1.6252197,-0.20478028,1.1052197,0.8752197,0.6752197,-0.54478025,-0.92478025,-0.43478027,-1.6347803,-1.3747803,-1.5647802,-1.9147803,-1.9247802,-1.4447802,-0.39478028,-0.034780275,-0.24478027,-0.5647803,-0.8147803,-1.1847802,-1.3347802,-1.4447802,-0.9447803,0.90521973,1.1952198,0.32521972,-0.25478026,-0.7447803,-1.3247802
-0.07478027,-0.7647803,-1.9647803,-4.0347805,-5.49478,-6.5347805,-1.4947803,-2.3947802,-1.6347803,-1.9747803,-2.1347802,-3.8547802,-4.0447803,-4.7747803,-2.5947802,-2.9447803,-2.0247803,-1.0047803,-1.7247803,-1.7047802,-2.5647802,3.4952197,1.2952198,1.5552198,1.2252197,0.6052197,0.37521973,1.2152197,1.9652197,1.4252198,1.4752197,0.45521972,0.21521972,0.8752197,0.18521972,-1.1647803,-0.79478025,-0.9347803,-0.84478027,-1.4547802,-1.2747803,-1.9047803,-1.9747803,-1.7647803,-0.44478026,-0.6847803,-1.4147803,-1.7547803,-2.1047802,-1.3547803,-0.7547803,-1.3747803,-1.4747803,-0.6947803,-1.3047802,-1.5547802,-1.3847803,-1.8047802,-1.9547802
-1.5147803,-2.5947802,-3.9447803,-6.01478,-8.09478,-5.2947803,-1.6447803,-1.1447803,-1.6247803,-1.3047802,-1.7647803,-2.7747803,-2.5447803,-1.8047802,-2.5447803,-2.7547803,-1.0847802,-1.2347803,-0.024780273,-2.2547803,-1.8347802,2.9652197,1.5152197,1.5952197,1.8552197,1.2652197,1.3252198,3.0352197,2.0152197,0.96521974,0.89521974,2.7452197,0.12521973,0.82521975,0.3652197,0.33521974,1.3052198,-0.5647803,-1.2947803,-1.4647803,-1.5047803,-1.7447803,-1.7847803,-1.3447803,-1.2347803,-1.9647803,-1.6347803,-1.5347803,-1.4647803,-0.53478026,-0.7547803,-0.98478025,-1.3947803,-1.8947803,-2.0647802,-2.0247803,-2.3247802,-1.7647803,-1.4347802
-2.8047802,-3.8747802,-4.8247805,-6.5447803,-8.69478,-11.584781,-0.014780274,-0.72478026,-2.2047803,-2.3247802,-1.7647803,-0.5847803,-0.124780275,0.32521972,-0.22478028,0.035219725,-0.26478028,0.3652197,0.5352197,0.47521973,2.6352198,0.6752197,0.9352197,1.4752197,1.5052197,5.3252196,4.43522,4.8852196,4.37522,2.2252197,1.2452197,1.0352197,0.6752197,1.8052198,0.88521975,0.40521973,-0.66478026,-0.72478026,-1.2047802,-1.1147803,-1.2847803,-1.6947802,-2.0547802,-1.6947802,-2.3347802,-2.1747804,-1.7647803,-1.5947803,-1.4647803,-1.0647802,-0.34478027,-1.3647803,-2.0347803,-2.2047803,-1.9947803,-2.3047802,-2.3647802,-2.1047802,-0.6447803
-3.1647804,-4.0747805,-4.8847804,-6.64478,-8.69478,-10.97478,-4.3847804,-1.6747802,-2.0047803,-0.8147803,0.7552197,1.3052198,-0.3547803,-1.7647803,-2.1547804,-0.10478027,-0.11478028,-0.33478028,-1.8647803,1.4752197,1.7852197,1.6852198,0.0052197264,0.7252197,1.2552197,1.9852197,1.8252198,1.5652198,1.5152197,1.3352197,0.29521972,-0.094780274,0.6652197,1.1952198,1.2152197,0.41521972,-0.10478027,-1.0247803,-1.8647803,-1.6347803,-1.6447803,-1.1847802,-1.5647802,-1.8547803,-1.7347803,-1.8747803,-1.6947802,-1.8247802,-1.8647803,-0.42478028,-1.1847802,-1.5547802,-1.9747803,-1.6147803,-1.6547803,-1.5447803,-2.5347803,-1.2747803,-0.054780275
-1.8747803,-3.7647803,-5.2147803,-7.14478,-8.61478,-10.0347805,-11.94478,-5.01478,-1.8847803,2.2152197,-0.3847803,-0.024780273,-0.25478026,-0.53478026,-0.72478026,0.43521973,-1.0947803,0.30521974,2.7452197,2.3152196,0.14521973,0.6652197,-0.7447803,-1.4447802,-0.29478028,1.3852197,1.6152197,1.5652198,3.3552198,0.43521973,0.7252197,1.3852197,1.2552197,1.3952197,0.9752197,0.21521972,-0.17478028,-1.0647802,-1.5647802,-1.2347803,-1.9747803,-1.7347803,-2.0047803,-1.8047802,-1.8447803,-0.8847803,-1.7647803,-1.7147803,-1.6347803,-1.2347803,-2.8547802,-3.0447803,-2.5447803,-1.9747803,-2.2247803,-1.9947803,-1.3447803,-1.2747803,-0.42478028
-1.8347802,-3.2247803,-5.5547805,-6.62478,-8.0347805,-8.55478,-9.55478,-9.60478,-7.06478,-0.84478027,0.07521973,-2.7947803,0.045219727,0.57521975,1.9552197,1.6552197,0.71521974,2.1052198,2.8052197,3.5952196,1.7552197,0.57521975,1.1352197,1.1052197,0.84521973,-0.6947803,0.5452197,1.0852197,0.9152197,0.84521973,1.6552197,1.3252198,1.2952198,0.6052197,0.51521975,-0.79478025,-0.25478026,-0.8747803,-1.3547803,-1.7047802,-2.2847803,-2.3047802,-2.2847803,-3.0047803,-1.8747803,-2.0247803,-1.6347803,-2.6947803,-2.8547802,-2.8447802,-3.3747802,-2.4247804,-2.5347803,-2.2047803,-2.3847802,-2.2947803,-1.4547802,-2.0147803,-1.1947802
-0.54478025,-3.2547803,-5.5447803,-6.20478,-7.01478,-8.044781,-8.63478,-8.98478,-8.60478,-0.8947803,-1.1347803,-5.3647804,-1.8447803,0.30521974,0.6252197,3.3652198,3.0752196,1.9152198,2.1752198,1.4352198,1.2452197,1.0152197,0.48521972,-0.39478028,-1.1647803,-1.5447803,0.22521973,0.9352197,0.5652197,0.90521973,0.6852197,0.94521976,0.27521974,0.035219725,-0.86478025,-0.30478027,-0.094780274,-1.1047803,-0.92478025,-1.4947803,-1.9747803,-1.9247802,-2.5047803,-1.8247802,-1.6747802,-1.3447803,-1.5047803,-1.8847803,-1.2947803,-2.3447802,-2.8147802,-1.7947803,-1.3647803,-0.84478027,-0.6847803,-0.98478025,-2.1647804,-0.66478026,-0.60478026
-0.31478027,-2.9547803,-4.8047805,-5.89478,-6.0747805,-6.87478,-8.14478,-8.46478,-8.38478,-2.9047804,-5.1747804,-4.85478,-0.5047803,0.49521974,1.5652198,1.1452197,4.8652196,4.0552197,3.1952198,2.5952196,2.2152197,1.9752197,-0.3247803,-1.1347803,-1.8647803,-2.8547802,1.3452197,2.5052197,1.3252198,0.16521972,1.2252197,0.57521975,0.07521973,-0.31478027,-0.9647803,0.52521974,-1.5547802,-0.91478026,-0.53478026,-1.0747802,-1.7847803,-2.1447802,-1.9947803,-2.7147803,-2.8747802,-3.4247804,-2.9747803,-2.2547803,-2.6647804,-2.7747803,-1.2847803,-2.4247804,-1.8147802,-1.7547803,-2.3047802,-2.2747803,-0.34478027,0.32521972,0.9152197
-0.54478025,-2.7447803,-3.9547803,-5.4847803,-6.33478,-7.41478,-8.15478,-8.30478,-8.01478,-4.3847804,-1.5347803,-0.9647803,-0.37478027,1.2552197,1.7552197,2.6452198,2.4852197,2.3552198,0.48521972,1.2452197,1.5352197,0.12521973,-1.4747803,-1.7447803,-1.9247802,-2.2147803,1.5552198,1.6052197,1.3152198,0.6752197,0.7852197,0.38521972,0.6052197,0.17521973,-1.0647802,-1.7347803,-2.4247804,-2.2747803,0.0052197264,-1.6347803,-3.0647802,-2.2347803,-2.8047802,-3.6547804,-2.3747802,-2.8447802,-1.6247803,-1.9147803,-1.8247802,-2.7647803,-2.5447803,-2.0247803,-2.2447803,-2.3047802,-1.3847803,-1.3147802,-1.2747803,0.20521973,-0.29478028
0.37521973,-1.3547803,-3.6947803,-5.01478,-6.8247805,-7.95478,-3.3747802,-2.4347804,-0.124780275,-0.47478026,-0.65478027,-0.98478025,-0.7447803,0.82521975,0.83521974,-0.20478028,2.1652198,2.0452197,1.8052198,1.2952198,2.6652198,-0.11478028,-0.90478027,-2.3247802,-2.1647804,-1.9747803,0.57521975,0.26521972,-0.084780276,-0.40478027,-1.9447802,-1.2647803,-0.92478025,-1.0547802,-1.2447803,-1.7447803,-2.2547803,-2.0947802,-2.2747803,-2.5647802,-2.0447803,-2.7947803,-2.3947802,-2.2947803,-2.1247802,-1.7347803,-1.8847803,-2.2347803,-2.6147802,-2.6747804,-2.5547802,-2.4747803,-1.7947803,-2.0747802,-2.5847802,-2.6247802,-1.0547802,-0.16478027,-1.1947802
0.71521974,-1.5647802,-4.56478,-6.16478,-7.43478,-2.1747804,-0.20478028,-0.41478026,-0.66478026,-0.3247803,-0.33478028,-0.5047803,0.27521974,2.1852198,0.69521976,0.3952197,-2.2147803,2.0852196,2.2052197,0.94521976,2.1552198,1.7852197,-0.91478026,-1.9347802,-0.28478026,-2.0647802,-0.45478028,0.7452197,-0.17478028,-1.1847802,-2.0447803,-1.6847802,-1.9547802,-1.5447803,-1.2447803,-2.0947802,-1.3347802,-2.7547803,-2.6647804,-3.2347803,-3.3547802,-3.0347803,-2.6047802,-2.8947802,-2.6047802,-2.6347802,-2.4747803,-2.7147803,-3.2847803,-2.9247804,-3.1047802,-2.2947803,-2.8747802,-2.3447802,-1.8347802,-0.7147803,0.0052197264,0.095219724,-2.0947802
0.14521973,-0.094780274,-0.9447803,-1.5247803,-1.1547803,0.19521973,0.035219725,-0.98478025,-1.3147802,-1.0447803,-0.45478028,1.2452197,0.71521974,1.7752197,0.32521972,0.8152197,1.1152197,1.3352197,1.9252198,1.2652197,0.82521975,1.0852197,-1.3447803,-2.0947802,-1.6847802,-2.2247803,-1.9447802,-0.90478027,0.71521974,-0.91478026,-1.7847803,-2.8947802,-3.1647804,-1.1047803,-1.3647803,-1.4747803,-2.3047802,-2.9747803,-2.7147803,-2.8347802,-3.1247802,-3.2647803,-3.7047803,-3.0247803,-3.0247803,-2.7147803,-4.8647804,-3.4547803,-3.9747803,-3.5147803,-3.4447803,-2.5847802,-2.5447803,-1.8547803,-1.8247802,-1.5347803,-1.4847803,-0.40478027,-0.6447803
-0.5747803,1.2052197,-0.17478028,-2.1847804,-2.2047803,-0.86478025,-2.9847803,-0.28478026,-0.72478026,0.18521972,-0.60478026,0.59521973,0.14521973,-0.6947803,1.2352197,1.2152197,1.7652197,0.23521973,1.9052197,1.1152197,0.4252197,1.0252197,0.0052197264,-1.8547803,-1.5847802,0.17521973,-0.15478027,0.18521972,-1.6147803,1.0152197,-1.2647803,-2.4147804,-3.2547803,-2.1647804,-1.6347803,-2.1147802,-2.2947803,-2.7547803,-2.7347803,-2.6847804,-2.9747803,-3.2347803,-3.1947803,-0.8947803,-2.3247802,-2.8147802,-3.5247803,-3.4947803,-4.24478,-3.7647803,-3.2547803,-2.6147802,-2.9047804,-2.8847802,-1.1947802,-1.5747802,-1.0747802,-1.4647803,0.5052197
0.22521973,-0.98478025,-1.0847802,-1.6047803,-1.5247803,-0.7047803,0.19521973,0.96521974,1.1752198,0.49521974,0.21521972,0.23521973,0.77521974,0.055219725,1.0452198,0.35521972,-0.84478027,-0.7147803,-0.3847803,0.0052197264,-1.0047803,-1.2647803,-1.7147803,-0.43478027,0.69521976,-0.47478026,-2.3847802,-1.7047802,-2.7747803,-0.8947803,-2.4247804,-2.9647803,-2.7547803,-2.7847803,-0.36478028,-1.5047803,-2.6447802,-2.5847802,-2.1647804,-1.9247802,-2.9147804,-2.5847802,-2.7347803,-3.7747803,-4.1747804,0.57521975,-2.8247802,-2.1747804,-4.1547804,-2.5747802,-0.25478026,-1.1447803,-2.1047802,-2.2547803,-0.27478027,-0.5747803,-1.7447803,-1.5847802,-1.0547802
-2.6147802,-2.3247802,-1.7147803,-0.53478026,-0.8747803,0.025219727,-0.9947803,-0.90478027,-1.1947802,-2.2147803,0.015219727,0.24521972,0.025219727,0.94521976,1.6752198,1.9552197,0.16521972,-2.4847803,-1.7347803,-0.8147803,-1.2947803,-2.9147804,-2.2847803,-0.7147803,-0.25478026,0.95521975,-0.3847803,-1.2247803,-2.1647804,-0.78478026,-1.9247802,-3.3247802,-3.9047804,-3.6047802,-2.5347803,-2.6747804,-2.8247802,-3.2047803,-2.7247803,-1.8447803,-1.5247803,-0.43478027,-2.0347803,-4.97478,-3.7047803,-3.4747803,-3.0047803,-5.9647803,-7.4447803,-5.33478,-2.6947803,-1.5847802,-0.72478026,-0.31478027,-1.4447802,-1.9947803,-1.3247802,-1.3747803,0.44521973
-2.0247803,-1.7347803,-0.33478028,-2.0447803,-0.9647803,-2.8947802,-0.25478026,-1.0247803,1.2152197,-0.55478024,-1.0647802,-0.85478026,-2.4347804,-2.1547804,-0.72478026,-0.72478026,-0.33478028,-2.3347802,-3.9847803,-2.4447803,-1.4347802,-2.5347803,-2.4947803,0.06521973,-0.8147803,-1.1247803,0.13521972,-0.67478025,-1.8947803,-2.3947802,-3.1547804,-3.7047803,-3.5847802,-3.2747803,-2.9747803,-3.3347802,-3.0247803,-2.5747802,-2.8047802,1.0552198,1.2952198,-1.4047803,-1.9047803,-3.5247803,-2.4947803,-2.2747803,-0.9447803,-3.5747802,-1.5447803,2.3652198,2.9252198,1.9252198,-0.36478028,1.0152197,1.5952197,0.24521972,-0.67478025,-0.9647803,-1.5347803
-2.5047803,-0.84478027,-0.3547803,-0.5147803,-1.4447802,-2.9147804,-0.24478027,-0.21478027,-2.1947803,-2.7847803,-2.5247803,-1.6547803,-2.1047802,-3.2247803,-1.2647803,-1.0947803,-1.6747802,-2.0047803,-2.2347803,-2.6447802,-2.2047803,-3.0747802,-1.1747802,-0.48478028,-0.22478028,0.28521973,-1.1947802,-1.2547803,-3.4247804,-4.1347804,-4.45478,-6.7847805,-5.3047805,-4.7747803,-4.4047804,-3.2947803,-0.29478028,-1.7747803,0.51521975,0.6852197,1.0452198,-0.034780275,0.40521973,-0.6247803,-1.2347803,0.11521973,0.23521973,-0.55478024,0.7552197,2.3152196,3.0152197,0.31521973,-0.31478027,-0.9947803,-0.9947803,-2.6647804,-2.2547803,-1.4347802,-2.9147804
-1.7147803,-1.4547802,-0.8147803,-0.6847803,-1.1147803,-2.7947803,-2.0847802,0.15521973,-0.6447803,0.8752197,1.5052197,0.70521975,-1.4447802,-4.2947803,-3.0147803,-0.8347803,-0.78478026,-0.9647803,-0.40478027,-1.8047802,-3.1247802,-2.9747803,-1.3847803,-1.5047803,-1.3347802,-2.4547803,-2.2447803,-2.3947802,-3.0947802,-4.2547803,-5.5347805,-5.7747803,-6.4247804,-6.7347803,1.5152197,0.20521973,-0.31478027,-2.9447803,0.83521974,0.26521972,-0.59478027,0.57521975,0.7552197,-0.19478028,-0.3247803,0.33521974,0.19521973,3.6952198,5.18522,2.6352198,-0.124780275,-1.8047802,-2.0147803,-3.2147803,-1.3447803,-1.7347803,3.3952198,1.1952198,0.40521973
-1.8347802,-1.2647803,-1.3147802,-0.67478025,-2.0547802,-5.8847804,-3.1647804,-2.2847803,-1.2547803,2.9952197,-1.0047803,-1.8747803,1.4152198,0.83521974,-4.58478,-4.3847804,-3.4247804,-2.1047802,-0.024780273,-0.21478027,0.14521973,0.6252197,-0.91478026,-1.3447803,-0.33478028,1.2352197,-1.4747803,-2.2847803,-1.9647803,-1.4747803,-5.24478,-5.6547804,-6.93478,-8.63478,-1.7847803,-1.8347802,-2.8047802,-3.5947802,-2.8647802,3.6952198,2.1852198,2.0252197,2.7252197,1.1452197,1.6052197,0.3652197,3.7052197,0.24521972,-8.164781,-4.10478,-1.3547803,-2.6047802,-2.7647803,-4.0247803,-1.4947803,0.44521973,2.2652197,-0.23478027,-1.6447803
2.7652197,1.7952198,1.3352197,-4.45478,-5.39478,-10.704781,-2.8547802,-1.6247803,8.10522,4.56522,-5.1347804,-2.0047803,-1.7447803,0.035219725,-3.3647802,-5.51478,-2.0747802,-1.4247802,-1.0347803,-1.8047802,-0.59478027,-2.3647802,0.95521975,-0.5147803,1.8552197,1.3252198,1.7352197,-0.07478027,-1.7047802,-3.7347803,-4.1947803,-4.5247803,-3.8047802,-3.1847804,-2.3547802,-0.6347803,-1.5147803,-1.3647803,-2.6047802,-0.97478026,0.7552197,-1.6347803,-0.8847803,0.6752197,2.9052198,2.3852198,2.0252197,-2.5447803,-8.454781,-1.1047803,-2.2547803,-2.3847802,-2.4747803,-2.1647804,-1.1247803,-0.41478026,0.07521973,1.3352197,1.4552197
-1.5447803,-1.9347802,-2.1247802,-0.8147803,-9.42478,-8.55478,-5.12478,0.9852197,4.7052197,-0.8247803,0.21521972,-6.5047803,-1.8847803,-0.78478026,0.90521973,-1.2647803,0.32521972,-4.1747804,-5.49478,0.19521973,-2.1547804,-1.7347803,-1.1847802,-0.33478028,1.9252198,1.8952197,-1.3747803,-2.3947802,-2.1147802,-5.8847804,-5.22478,-4.1947803,-2.2247803,2.6252198,2.7952197,0.84521973,-2.2747803,-2.2647803,-2.6847804,-1.7647803,-0.054780275,-0.7147803,0.49521974,1.3452197,0.76521975,0.015219727,-1.7547803,3.8952198,-2.9447803,-2.6147802,0.9852197,-0.13478027,-1.3647803,-2.9447803,0.18521972,-1.6847802,-0.47478026,-1.5847802,-1.5347803
-0.5047803,0.31521973,1.2452197,0.14521973,-2.4047804,-5.20478,-3.5447803,-0.97478026,0.9252197,2.7252197,-3.8347802,-5.64478,-3.8047802,-3.3447802,-0.92478025,1.5052197,-0.7447803,-1.4847803,-6.31478,-5.9247804,0.095219724,-1.5147803,-2.1347802,-1.1547803,-0.094780274,-2.5147803,-3.0447803,-1.9747803,-4.1547804,-2.6247802,-0.18478027,0.84521973,1.4652197,-0.19478028,-1.1747802,-1.3747803,-0.24478027,1.1352197,1.7152197,3.0252197,2.3752198,2.4152198,-0.7647803,-1.7247803,-2.2047803,0.25521973,-1.5647802,1.1252197,-2.6247802,1.1352197,6.1352196,2.6752198,-0.41478026,-1.2947803,-1.0847802,0.17521973,-1.7047802,0.14521973,-2.4547803
0.48521972,3.9352198,1.7852197,-1.2247803,-1.3547803,-3.4847803,-2.7447803,-2.8147802,-2.1247802,-0.55478024,-0.44478026,-2.5847802,-4.6947803,-2.9047804,-2.2847803,-1.0747802,0.5552197,-3.4747803,-6.0747805,-7.2847805,-2.0847802,-0.72478026,-1.1447803,-4.8247805,-3.5447803,-2.4347804,-6.8847804,-0.90478027,-1.5247803,-1.2347803,-0.25478026,-1.3747803,-0.97478026,-2.5447803,-2.3147802,-1.7147803,-1.4447802,-2.0147803,-2.7747803,-0.7747803,-2.3747802,-1.2347803,-1.2447803,-2.1547804,-1.4847803,-3.2847803,2.5452197,-1.7647803,-1.3347802,-0.42478028,2.9552197,1.9452198,-0.044780273,-2.1747804,-2.9247804,-2.2147803,-1.7547803,-2.0147803,-2.2647803
-2.5247803,5.5152197,2.8352196,0.22521973,-1.2647803,0.015219727,-0.9647803,-1.8147802,-4.58478,-1.7047802,-0.22478028,-1.5247803,-3.6347802,-3.7047803,-2.1047802,-0.45478028,0.43521973,0.025219727,-7.2347803,-8.39478,0.37521973,0.045219727,0.34521973,-1.1847802,-4.5247803,-6.49478,-3.5947802,-2.3947802,-3.1447802,-3.1547804,-0.8747803,-1.6647803,-2.5147803,-4.91478,-0.15478027,-4.2947803,-1.6247803,-0.86478025,-3.3147802,-2.4047804,-2.6647804,-3.0847802,-1.2347803,-1.6747802,-0.6247803,-3.5447803,-0.78478026,0.6052197,1.1652198,6.8052197,4.02522,1.8752197,-0.84478027,-3.2147803,-2.4647803,1.0552198,0.43521973,-4.2547803,-3.2447803
