json/gfs_20240722_06.json
{"header": { "discipline":0, "disciplineName":"Meteorological products", "gribEdition":2, "gribLength":79266, "center":7, "centerName":"US National Weather Service - NCEP(WMC)", "subcenter":0, "refTime":"2024-07-22T06:00:00.000Z", "significanceOfRT":1, "significanceOfRTName":"Start of forecast", "productStatus":0, "productStatusName":"Operational products", "productType":1, "productTypeName":"Forecast products", "productDefinitionTemplate":0, "productDefinitionTemplateName":"Analysis/forecast at horizontal level/layer at a point in time", "parameterCategory":2, "parameterCategoryName":"Momentum", "parameterNumber":3, "parameterNumberName":"V-component_of_wind", "parameterUnit":"m.s-1", "genProcessType":2, "genProcessTypeName":"Forecast", "forecastTime":0, "surface1Type":103, "surface1TypeName":"Specified height level above ground", "surface1Value":10.0, "surface2Type":255, "surface2TypeName":"Missing", "surface2Value":0.0, "gridDefinitionTemplate":0, "gridDefinitionTemplateName":"Latitude_Longitude", "numberPoints":65160, "shape":6, "shapeName":"Earth spherical with radius of 6,371,229.0 m", "gridUnits":"degrees", "resolution":48, "winds":"true", "scanMode":0, "nx":360, "ny":181, "basicAngle":0, "lo1":0.0, "la1":90.0, "lo2":359.0, "la2":-90.0, "dx":1.0, "dy":1.0 }, "data":
[rows 135 to 161 of 181, columns 0 to 59 of 360]
1.500376,-11.099624,-11.819624,-18.889624,-19.079624,-17.619623,-17.279625,-14.629624,-12.669624,-11.639624,-10.769624,-9.619624,-8.219624,-7.239624,-5.759624,-3.479624,-1.159624,0.870376,1.860376,2.710376,3.480376,4.440376,5.340376,6.710376,7.620376,6.760376,6.950376,7.320376,8.030376,7.620376,6.180376,6.100376,5.020376,4.370376,1.390376,-0.77962404,-3.829624,-7.609624,-9.449624,-11.229624,-10.699624,-10.299624,-9.639624,-8.699624,-8.669624,-8.789624,-8.199624,-8.229624,-6.919624,-5.919624,-5.009624,-4.489624,-3.489624,-2.1196241,-0.47962403,0.44037598,-0.939624,-1.289624,0.16037598,0.52037597
-6.349624,-10.319624,-17.739624,-20.189625,-18.999624,-17.799623,-15.619624,-13.559624,-12.459624,-11.819624,-10.609624,-9.819624,-8.709624,-7.489624,-5.849624,-3.499624,-0.33962402,0.53037596,1.8203759,3.400376,3.800376,4.820376,5.7503757,6.710376,7.290376,7.680376,7.740376,7.480376,7.720376,7.470376,6.7503757,5.810376,4.790376,3.470376,3.960376,2.400376,6.160376,-4.829624,-3.219624,-8.039624,-11.429624,-11.179624,-11.209624,-10.569624,-10.419624,-10.289624,-9.209624,-9.389624,-7.849624,-6.929624,-6.829624,-6.239624,-5.449624,-4.319624,-3.289624,-1.499624,-0.45962402,0.630376,-2.3796241,-1.649624
-10.869624,-14.999624,-18.069624,-18.159624,-16.589624,-15.109624,-13.559624,-12.109624,-11.629624,-10.809624,-10.209624,-9.279624,-8.409624,-6.609624,-4.629624,-2.649624,-1.0596241,1.120376,2.750376,4.090376,5.260376,6.320376,6.390376,6.780376,7.760376,8.100376,8.120376,8.060376,7.7503757,6.960376,5.900376,5.730376,4.700376,2.910376,2.150376,2.430376,2.800376,2.250376,0.630376,-5.779624,-8.499624,-9.489624,-11.869624,-12.279624,-11.839624,-11.689624,-10.869624,-10.819624,-9.7596245,-8.519624,-7.339624,-6.809624,-6.689624,-5.939624,-5.339624,-3.279624,-1.9396241,-0.17962402,0.22037597,0.16037598
-11.099624,-13.629624,-14.289624,-13.829624,-14.529624,-13.489624,-12.2596245,-11.549624,-11.069624,-10.859624,-9.499624,-9.529624,-8.389624,-6.259624,-4.409624,-2.569624,-0.17962402,2.240376,3.640376,5.120376,5.600376,6.260376,6.610376,6.960376,6.570376,8.290376,7.900376,7.800376,6.980376,6.580376,6.360376,5.540376,4.810376,4.140376,3.030376,3.1303759,2.910376,1.870376,3.110376,4.520376,0.23037598,-9.939624,-8.549624,-7.609624,-14.059624,-13.0096245,-12.079624,-11.899624,-11.239624,-10.349624,-8.949624,-8.219624,-7.019624,-5.679624,-7.259624,-5.409624,-3.939624,-2.089624,-1.089624,-0.58962405
-9.819624,-8.659624,-12.269624,-12.459624,-11.339624,-11.069624,-11.069624,-11.039624,-10.949624,-10.329624,-9.969624,-9.619624,-7.129624,-4.949624,-3.259624,-0.29962403,1.250376,3.170376,3.900376,5.540376,5.800376,7.2503757,7.340376,8.220376,8.520376,9.2403755,8.850376,8.860376,7.630376,7.270376,6.660376,6.170376,4.760376,2.670376,2.080376,2.140376,2.400376,0.84037596,0.78037596,0.38037598,-0.29962403,-0.64962405,-3.639624,-4.429624,-11.679624,-16.009624,-14.069624,-13.279624,-12.399624,-11.549624,-10.449624,-9.209624,-7.609624,-6.629624,-7.049624,-6.349624,-5.069624,-3.399624,-2.009624,-1.669624
-9.019624,-11.329624,-10.769624,-12.089624,-11.379624,-11.669624,-11.429624,-11.079624,-10.539624,-9.669624,-9.049624,-7.179624,-5.609624,-4.019624,-1.4496241,0.35037598,2.450376,3.790376,5.490376,6.320376,7.2503757,7.970376,8.440376,9.4903755,9.190376,8.700376,8.180376,7.7503757,6.060376,5.520376,5.570376,5.430376,4.370376,3.140376,2.270376,1.280376,0.48037598,0.27037597,-0.83962405,-0.89962405,0.500376,-3.329624,-3.439624,-2.999624,-6.919624,-10.369624,-13.429624,-13.749624,-13.289624,-12.249624,-11.719624,-10.429624,-8.829624,-7.309624,-6.019624,-5.419624,-5.739624,-3.959624,-3.039624,-2.269624
-11.299624,-10.999624,-11.989624,-12.089624,-11.7596245,-11.679624,-11.029624,-10.929624,-10.409624,-10.109624,-9.059624,-7.339624,-5.659624,-3.479624,-0.689624,1.5703759,3.210376,4.970376,6.260376,7.180376,8.290376,9.480376,9.310376,9.380376,9.180376,9.320376,10.140376,9.370376,8.430376,7.290376,6.040376,4.680376,2.770376,1.130376,0.16037598,-0.95962405,-1.739624,-1.879624,-1.869624,-1.969624,-2.239624,-2.299624,-2.979624,-4.829624,-3.239624,-10.359624,-9.939624,-11.219624,-12.389624,-12.389624,-11.669624,-10.679624,-10.059624,-8.179624,-5.579624,-5.609624,-5.109624,-3.699624,-3.239624,-2.969624
-7.9996243,-12.289624,-12.559624,-12.539624,-11.969624,-11.309624,-10.859624,-10.209624,-10.379624,-9.249624,-8.489624,-6.699624,-4.739624,-1.989624,0.85037595,2.520376,4.290376,5.400376,6.270376,8.040376,8.930376,9.580376,9.310376,9.920376,10.790376,10.030376,10.670376,9.960376,9.730376,8.950376,6.070376,5.180376,4.5003757,6.150376,-0.91962403,-1.499624,-2.259624,-3.569624,-2.899624,-3.029624,-0.71962404,-2.569624,-5.879624,-4.539624,-4.849624,-10.689624,-8.799624,-10.369624,-9.789624,-9.129624,-10.529624,-8.999624,-9.609624,-8.309624,-6.389624,-4.909624,-3.429624,-2.429624,-2.439624,-2.159624
-8.169624,-12.319624,-13.319624,-12.949624,-12.579624,-11.809624,-10.889624,-10.039624,-9.279624,-8.349624,-7.299624,-5.179624,-3.099624,-0.70962405,1.250376,3.190376,4.340376,5.890376,6.940376,8.4903755,9.2403755,9.760376,9.830376,10.880376,10.660376,9.920376,10.420376,11.110376,11.350376,10.780376,9.110376,5.610376,5.060376,1.610376,-0.939624,-0.679624,-2.769624,-4.859624,-5.849624,-4.569624,-3.249624,-3.8696241,-4.099624,-4.569624,-8.5096245,-9.199624,-9.319624,-9.809624,-9.389624,-7.379624,-10.119624,-9.879624,-9.069624,-7.789624,-6.219624,-4.569624,-2.259624,2.300376,-6.459624,-7.779624
-8.409624,-12.399624,-13.569624,-13.449624,-12.729624,-11.679624,-10.799624,-9.909624,-9.389624,-7.659624,-5.759624,-4.319624,-2.189624,0.23037598,2.160376,3.940376,5.360376,6.450376,7.980376,9.010376,9.070376,9.570376,10.090376,10.540376,10.940376,10.130376,11.940376,11.940376,12.620376,12.940376,12.430376,8.730376,6.680376,3.330376,1.400376,2.640376,-2.749624,-7.229624,-7.879624,-5.869624,-5.009624,-5.009624,-1.029624,-5.859624,-9.069624,-7.339624,-8.489624,-9.479624,-9.0096245,-7.7496243,-7.729624,-7.779624,-7.419624,-6.819624,-6.189624,-5.059624,-3.019624,-2.659624,-4.689624,-4.639624
-9.579624,-12.089624,-13.279624,-13.709624,-12.879624,-11.899624,-10.419624,-9.639624,-8.589624,-7.399624,-5.419624,-3.439624,-0.999624,1.390376,3.480376,3.760376,5.680376,7.130376,8.470376,8.520376,9.840376,9.610376,9.920376,9.970376,10.510376,11.460376,12.660376,13.470376,14.010376,14.660376,13.960376,10.650376,6.440376,4.940376,0.53037596,-1.6896241,-4.189624,-7.119624,-7.349624,-6.089624,-5.569624,-6.689624,-6.219624,-7.319624,-7.429624,-7.869624,-9.339624,-8.449624,-7.519624,-7.309624,-7.039624,-6.359624,-6.109624,-6.519624,-6.819624,-6.269624,-5.789624,-5.759624,-5.019624,-5.219624
-10.7596245,-12.199624,-13.739624,-13.289624,-12.459624,-11.289624,-10.329624,-9.289624,-7.909624,-6.509624,-4.219624,-1.6996241,0.670376,1.460376,2.820376,4.990376,6.160376,7.770376,8.170376,9.200376,9.500376,9.310376,9.580376,10.160376,10.780376,11.100376,11.940376,13.750376,15.230376,15.830376,14.830376,12.380376,7.760376,2.440376,-1.609624,-3.839624,-5.899624,-6.909624,-5.739624,-5.659624,-5.2496243,-5.329624,-6.089624,-6.629624,-7.679624,-7.829624,-8.109624,-7.939624,-7.609624,-6.939624,-5.569624,-4.389624,-4.009624,-3.739624,-6.7496243,-8.099624,-8.359624,-5.679624,-4.4996243,-9.7596245
-12.0096245,-13.239624,-13.459624,-12.219624,-11.239624,-10.339624,-8.959624,-8.449624,-7.149624,-4.789624,-2.529624,-0.59962404,0.21037598,2.100376,3.850376,5.600376,6.320376,7.290376,8.370376,9.290376,8.630376,9.2403755,9.940376,10.460376,10.210376,10.120376,11.060376,13.410376,14.850376,15.960376,16.250376,14.930376,9.420376,2.890376,-4.369624,-5.539624,-4.779624,-6.609624,-5.839624,-4.939624,-4.449624,-4.949624,-6.009624,-6.919624,-6.989624,-7.379624,-7.539624,-7.449624,-6.759624,-5.319624,-2.499624,-1.3096241,-5.119624,-8.199624,-6.689624,-8.319624,-6.649624,-7.299624,-8.209624,-6.199624
-11.479624,-10.749624,-9.639624,-8.669624,-7.869624,-6.9996243,-7.2496243,-4.609624,-4.649624,-2.919624,-1.6896241,-0.499624,1.240376,3.080376,4.180376,4.810376,6.080376,7.410376,8.540376,8.390376,8.780376,10.290376,11.350376,11.480376,11.400376,10.850376,9.700376,12.220376,13.600376,15.120376,15.400376,13.320376,11.560376,3.6203759,-0.06962402,-1.959624,-3.3796241,-5.589624,-5.589624,-5.389624,-4.519624,-4.909624,-6.539624,-6.539624,-6.599624,-6.849624,-6.829624,-6.349624,-6.279624,-3.549624,-4.409624,-2.589624,0.18037598,-5.639624,-7.679624,-8.269624,-7.629624,-6.789624,-6.859624,-7.919624
-9.2596245,-8.269624,-7.119624,-7.029624,-6.539624,-5.989624,-4.889624,-3.709624,-2.949624,-1.969624,-1.1996241,-0.409624,0.750376,1.870376,2.090376,4.440376,5.350376,6.890376,6.780376,8.160376,10.390376,11.450376,11.690376,12.110376,11.830376,10.660376,9.050376,11.000376,12.260376,13.130376,13.760376,12.250376,9.680376,5.430376,2.600376,0.880376,0.36037597,-2.559624,-4.369624,-4.949624,-4.779624,-4.269624,-4.289624,-5.459624,-5.569624,-5.609624,-5.489624,-6.4996243,-5.759624,-5.289624,-3.249624,-2.679624,0.10037598,-9.319624,-8.0096245,-8.459624,-7.679624,-6.839624,-6.709624,-6.119624
-7.059624,-5.819624,-6.799624,-7.129624,-4.949624,-4.439624,-4.349624,-3.499624,-2.359624,-1.339624,-0.469624,-0.42962402,1.350376,1.790376,2.430376,3.3703759,4.560376,4.050376,5.0003757,5.650376,9.200376,10.420376,10.830376,11.370376,11.570376,9.980376,8.720376,8.580376,9.570376,10.170376,10.380376,11.500376,9.830376,7.720376,5.350376,3.140376,2.410376,1.040376,-1.529624,-3.019624,-3.359624,-3.389624,-3.739624,-4.369624,-4.649624,-5.069624,-4.599624,-4.989624,-4.4996243,-4.129624,-4.209624,-3.229624,-3.359624,-4.199624,-5.489624,-6.309624,-6.379624,-6.039624,-5.319624,-5.199624
-4.909624,-4.839624,-4.909624,-4.809624,-5.9996243,-4.769624,-3.269624,-2.219624,-0.939624,-1.049624,-0.819624,0.78037596,0.66037595,1.210376,1.860376,1.860376,2.490376,3.210376,4.070376,5.150376,5.140376,6.690376,7.280376,8.090376,7.740376,7.870376,7.090376,7.790376,7.580376,7.580376,7.990376,7.910376,6.840376,6.350376,6.620376,5.350376,3.850376,2.800376,1.660376,0.340376,-0.639624,-1.829624,-2.459624,-2.769624,-3.269624,-3.669624,-3.389624,-3.099624,-3.029624,-3.429624,-4.189624,-4.439624,-4.979624,-4.979624,-4.719624,-4.079624,-3.749624,-3.539624,-5.089624,-5.089624
-3.019624,-2.889624,-2.509624,-2.239624,-2.319624,-2.199624,-1.399624,-0.579624,0.07037598,0.33037597,0.90037596,0.950376,1.4403759,1.150376,1.3103759,1.710376,2.390376,2.780376,2.760376,3.290376,4.010376,5.370376,4.610376,5.330376,5.660376,6.100376,6.180376,5.970376,6.770376,4.690376,3.540376,3.820376,4.170376,4.540376,4.560376,3.410376,3.070376,2.6303759,2.210376,1.450376,0.880376,0.35037598,-0.48962402,-0.48962402,-0.70962405,0.13037598,-1.6796241,-1.4396241,-2.259624,-1.9296241,-2.099624,-2.569624,-3.279624,-3.019624,-4.449624,-4.379624,-4.699624,-4.239624,-4.279624,-4.589624
-1.299624,-1.239624,-1.3196241,-1.149624,-0.989624,0.050375976,0.860376,0.44037598,0.670376,0.370376,0.66037595,1.230376,1.340376,1.830376,2.070376,2.570376,3.610376,3.160376,3.430376,4.550376,3.040376,4.340376,4.010376,4.320376,4.670376,5.320376,5.690376,6.400376,6.080376,5.540376,5.790376,5.190376,4.610376,2.090376,1.900376,2.040376,2.330376,2.030376,1.460376,0.890376,0.42037597,0.19037598,0.030375976,-0.15962403,-0.39962402,-0.559624,-0.47962403,-0.869624,-0.819624,-1.9496241,-4.159624,-5.179624,-4.439624,-3.509624,-2.939624,-2.429624,-1.419624,-0.829624,-2.1196241,-2.819624
-1.459624,-0.869624,-0.889624,-0.17962402,0.680376,1.540376,0.700376,0.22037597,0.65037596,0.570376,0.27037597,0.610376,1.020376,1.360376,2.170376,2.640376,2.960376,2.910376,3.540376,3.020376,3.290376,3.100376,4.140376,4.510376,4.2503757,4.810376,5.200376,5.770376,5.610376,5.800376,5.540376,4.690376,4.590376,4.040376,3.650376,4.090376,4.180376,3.850376,3.520376,2.800376,1.9303759,1.420376,1.950376,2.770376,2.150376,0.21037598,1.0503759,2.230376,3.3703759,5.300376,6.260376,1.250376,1.510376,2.040376,2.3703759,2.700376,3.140376,3.800376,2.800376,2.250376
-1.6796241,-0.91962403,-0.28962404,0.810376,1.710376,2.340376,2.140376,1.660376,1.830376,1.710376,1.390376,1.220376,1.120376,1.6903759,1.640376,1.670376,1.740376,2.490376,2.690376,2.450376,2.090376,2.180376,2.6303759,2.910376,3.520376,3.810376,3.320376,3.570376,4.660376,4.360376,4.770376,5.420376,5.700376,5.510376,4.680376,4.290376,3.710376,3.450376,3.160376,3.550376,3.6303759,3.400376,3.060376,3.010376,3.000376,2.230376,1.640376,1.4303759,1.5703759,2.010376,1.970376,1.370376,1.020376,1.4403759,2.010376,3.010376,2.8803759,2.470376,2.420376,2.210376
0.43037596,-0.18962403,0.20037597,0.83037597,1.9403759,2.640376,2.980376,2.8703759,2.480376,2.820376,2.710376,2.300376,1.660376,1.370376,1.160376,1.510376,1.590376,1.740376,1.980376,2.010376,2.310376,2.230376,1.860376,2.450376,2.740376,2.540376,2.860376,3.780376,4.440376,4.070376,4.390376,4.490376,4.580376,4.5003757,4.610376,4.560376,3.610376,2.760376,2.460376,2.230376,2.040376,2.200376,2.230376,1.980376,1.450376,1.130376,1.040376,1.3003759,1.5703759,2.020376,1.130376,-0.26962402,2.340376,4.030376,4.710376,7.150376,6.180376,6.170376,4.340376,3.470376
0.97037596,0.670376,1.140376,1.420376,1.9303759,2.3703759,2.400376,3.160376,3.090376,2.6303759,2.970376,3.390376,3.040376,2.100376,1.540376,1.400376,1.510376,1.780376,1.9303759,1.870376,1.830376,1.960376,2.080376,1.6903759,1.910376,2.520376,2.1203759,1.850376,2.230376,2.280376,2.490376,3.060376,3.750376,4.060376,3.680376,3.030376,2.080376,1.880376,1.280376,0.810376,0.54037595,0.47037598,0.860376,1.620376,1.200376,0.66037595,1.390376,3.140376,1.4403759,0.940376,3.8803759,0.78037596,-1.029624,-2.889624,-2.949624,-1.379624,2.490376,3.210376,3.700376,3.390376
1.420376,1.970376,1.830376,1.8003759,2.1203759,2.550376,3.080376,2.6203759,2.590376,2.570376,2.760376,2.770376,3.060376,3.360376,2.820376,2.240376,2.260376,1.970376,1.900376,2.180376,2.640376,2.270376,2.050376,1.750376,1.110376,1.130376,1.160376,0.950376,0.30037597,-0.379624,-0.10962402,0.880376,2.450376,4.350376,4.700376,4.730376,2.490376,-0.559624,-1.8196241,-0.879624,-0.48962402,3.7597655E-4,1.040376,1.9403759,5.200376,8.920376,10.820376,11.060376,9.220376,2.540376,2.660376,1.850376,4.840376,6.850376,9.620376,6.280376,5.5003757,7.2503757,6.370376,8.810376
2.590376,2.640376,2.790376,2.690376,2.200376,1.9403759,2.800376,3.240376,3.580376,3.760376,3.540376,2.530376,2.770376,2.540376,2.800376,2.710376,2.710376,2.920376,3.140376,3.490376,3.990376,4.200376,3.930376,3.3803759,2.830376,2.110376,1.600376,1.630376,1.980376,0.26037598,-0.52962404,-2.159624,-2.429624,0.27037597,2.190376,4.220376,7.470376,7.810376,2.200376,1.1903759,0.620376,1.660376,3.740376,4.420376,6.390376,7.350376,10.400376,12.340376,13.270376,9.570376,7.320376,4.370376,4.870376,6.0003757,7.830376,8.830376,8.810376,9.930376,11.380376,12.080376
3.420376,2.960376,3.010376,2.240376,2.440376,2.530376,1.670376,2.160376,2.8803759,2.360376,2.910376,2.1203759,2.340376,1.480376,2.270376,1.730376,1.220376,2.070376,1.8203759,1.120376,2.080376,3.330376,5.430376,7.220376,7.330376,7.110376,5.740376,4.190376,3.210376,2.750376,1.990376,1.660376,3.610376,3.030376,4.870376,10.070376,14.680376,17.770376,17.750376,4.720376,3.320376,2.850376,3.840376,3.770376,3.560376,4.290376,5.150376,6.7503757,7.320376,8.100376,8.640376,8.120376,7.520376,7.370376,7.620376,8.7403755,9.680376,10.580376,12.030376,13.370376
3.430376,0.820376,2.190376,3.470376,4.570376,4.690376,4.120376,4.900376,4.340376,3.610376,3.770376,3.260376,4.060376,3.330376,6.980376,4.990376,3.100376,3.160376,6.420376,3.350376,1.480376,0.83037597,-0.30962402,2.460376,7.2503757,11.070376,15.780376,13.580376,11.330376,10.030376,8.220376,8.130376,7.180376,6.480376,6.430376,5.550376,7.520376,9.370376,11.380376,11.650376,10.7403755,8.660376,7.340376,7.0003757,6.440376,5.900376,5.920376,6.260376,6.920376,7.460376,7.870376,8.500376,9.070376,9.040376,9.2403755,9.500376,9.430376,9.360376,9.850376,10.060376
