json/gfs_20240725_12.json
{"header": { "discipline":0, "disciplineName":"Meteorological products", "gribEdition":2, "gribLength":79779, "center":7, "centerName":"US National Weather Service - NCEP(WMC)", "subcenter":0, "refTime":"2024-07-25T12:00:00.000Z", "significanceOfRT":1, "significanceOfRTName":"Start of forecast", "productStatus":0, "productStatusName":"Operational products", "productType":1, "productTypeName":"Forecast products", "productDefinitionTemplate":0, "productDefinitionTemplateName":"Analysis/forecast at horizontal level/layer at a point in time", "parameterCategory":2, "parameterCategoryName":"Momentum", "parameterNumber":2, "parameterNumberName":"U-component_of_wind", "parameterUnit":"m.s-1", "genProcessType":2, "genProcessTypeName":"Forecast", "forecastTime":0, "surface1Type":103, "surface1TypeName":"Specified height level above ground", "surface1Value":10.0, "surface2Type":255, "surface2TypeName":"Missing", "surface2Value":0.0, "gridDefinitionTemplate":0, "gridDefinitionTemplateName":"Latitude_Longitude", "numberPoints":65160, "shape":6, "shapeName":"Earth spherical with radius of 6,371,229.0 m", "gridUnits":"degrees", "resolution":48, "winds":"true", "scanMode":0, "nx":360, "ny":181, "basicAngle":0, "lo1":0.0, "la1":90.0, "lo2":359.0, "la2":-90.0, "dx":1.0, "dy":1.0 }, "data":
[rows 25 to 49 of 181, columns 0 to 56 of 360]
-9.264849,-9.674849,-9.184849,-8.564849,-7.914849,-7.4848485,-6.6948485,-6.164849,-6.2848487,-5.8348484,-4.4248486,-2.0648487,0.055151366,-1.1348486,-1.9748486,-1.7448486,-1.0648487,-1.0948486,-0.40484864,-1.4248487,-2.0448487,-2.3748486,-1.6248486,-0.33484864,-0.07484863,-0.26484862,-2.1748486,0.33515137,-0.94484866,-1.3048487,-2.4048486,-2.6948485,-3.1148486,-3.5048487,-3.1648486,-0.8748486,-2.1348486,-4.9948487,-4.1948485,-2.4848487,1.3451514,-2.7948487,-2.4848487,-2.3048487,-2.0648487,-2.5148487,-1.1248486,-1.7948487,-2.0648487,-2.0348487,-1.7848487,-1.9648486,-1.6348486,-2.0248487,-2.0448487,-1.8148487,-1.2848487
-5.414849,-4.0448484,-3.6348486,-4.374849,-5.954849,-5.6948485,-5.5548487,-4.7148485,-3.7648487,-2.8848486,1.4251513,-0.114848636,0.48515138,-1.4148487,-1.0248486,-1.8148487,-1.2048486,-2.0348487,-1.3348486,-0.09484863,-1.0748487,-0.114848636,-1.0448487,1.6551514,-1.3348486,-1.6548486,-1.9648486,-0.77484864,-1.1948487,-0.43484864,-2.2748487,-2.5448487,-2.3348486,-2.1148486,-1.5548487,-1.9248487,-2.6648486,-1.3348486,-0.024848633,-2.7748487,-2.7248487,-2.7548487,-2.7648487,-4.5148487,-1.5148486,-2.4448485,-1.5548487,-1.6548486,-2.0148487,-1.7948487,0.08515137,-2.0148487,-2.1948485,-2.2048485,-2.0748487,-1.6848487,-1.1148486
-6.104849,-4.6748486,-2.8648486,-1.7848487,-0.52484864,1.1051514,2.7951515,3.7351513,1.7051513,-0.06484863,-3.0248487,-1.2348486,0.60515136,-1.3848486,-1.9048486,-1.1648487,-1.9048486,-1.5248486,-2.0848486,-0.78484863,-0.39484864,0.85515136,-0.23484863,2.5351515,-1.0548487,-1.8948486,-2.1748486,-2.4748487,0.36515138,-0.23484863,-0.17484863,-1.7448486,-2.4248486,-2.0248487,-0.94484866,-1.6648487,-2.0648487,-3.1748486,-3.5448487,-3.0748487,-3.0848486,-3.7448487,-2.9948487,-2.0848486,-2.4848487,-3.8348486,-1.6848487,-2.1448486,-2.0048487,-0.5448486,-1.2648486,-1.5148486,-1.1148486,-0.27484864,-1.9448487,-0.8548486,-1.8248487
-6.5548487,-5.7348485,-4.3148484,-2.8148487,-0.6048486,2.5651515,0.66515136,1.3451514,-0.7248486,-1.6948487,-1.6848487,-0.95484865,-0.25484863,0.8151514,-0.94484866,-1.2748486,-1.9248487,-2.5548487,-0.83484864,0.8851514,2.2551513,1.5151514,1.1851513,-0.77484864,1.3151513,-2.3048487,-2.1148486,-0.95484865,-0.124848634,0.0051513673,1.8851514,-1.4448487,-1.6748487,-1.7548486,-2.4748487,1.8851514,1.2551514,-3.4648485,-2.2448487,-1.0048486,-1.2748486,-4.5248485,-3.3848486,-2.2448487,-3.1948485,-2.5748487,-2.5448487,-3.7648487,-2.6848485,-2.3548486,-1.2448486,-1.0048486,-3.1948485,-2.5948486,-2.7648487,-3.7348487,-3.2548487
-5.7148485,-6.7948484,-6.434849,-4.934849,-2.9048486,1.5451514,1.2651514,1.7651514,0.23515137,1.0851513,-1.0748487,-1.0648487,0.8351514,1.1351514,2.3351514,0.45515138,0.22515136,-0.96484864,-4.164849,-2.1048486,0.15515137,1.5351514,1.7551514,0.08515137,-0.63484865,-1.6848487,-1.5648487,-0.89484864,-0.35484862,-0.8048486,-2.2048485,1.9551513,4.4351516,1.8451514,-1.1748487,-3.5248487,0.60515136,-1.3248487,-2.1548486,-1.3048487,-2.7048485,-0.69484866,-4.2348485,-2.2248487,-2.6048486,-2.8748486,-3.6148486,-2.4248486,-2.2548487,-2.8748486,-2.3048487,-1.7348486,-1.6648487,-2.3748486,-1.6048486,-1.6348486,-2.8948486
-0.27484864,-0.27484864,-1.4948486,-6.1948485,-6.434849,-3.1848485,2.3051515,1.3251513,0.36515138,-1.2748486,-0.20484863,0.86515135,0.84515136,2.2851515,2.7151513,2.8251514,2.8251514,0.8151514,1.3351513,-3.0848486,0.13515137,0.0051513673,1.4951514,3.1651514,0.7651514,-3.6548486,-5.604849,-3.4848487,-1.8248487,-2.6148486,0.5651514,-2.4148486,-0.114848636,2.3851514,-0.09484863,-1.4148487,-2.4848487,-1.8048487,-1.4148487,-0.17484863,-2.4748487,-4.0748487,-2.9348485,-2.1448486,-2.9148486,-1.8648486,-3.1248486,-1.3848486,-1.7748486,-3.2348487,-3.2748487,-3.3148487,-2.2348487,-2.9148486,-2.3948486,-1.2948487,-1.9448487
1.5251514,-0.42484865,-0.6148486,-1.5748487,-5.1148486,-5.8148484,-1.6248486,1.8551514,0.28515136,0.24515137,0.85515136,2.3451514,3.4051514,1.4151514,4.375151,2.8151515,3.4151514,1.8451514,-0.19484863,1.5251514,0.42515138,1.5051514,1.3751514,0.6951514,0.7651514,-1.2148486,-1.0048486,-0.95484865,0.35515136,-0.8748486,-1.4848486,-0.95484865,0.45515138,-1.3248487,0.80515134,0.9551514,-3.0348487,-1.6348486,-3.4548485,-2.9348485,-1.1748487,-4.0948486,-1.6848487,-1.1148486,-2.3248487,-1.5648487,-2.3848486,-2.4948487,-1.3148487,-1.0648487,-3.0248487,-1.0548487,-3.8548486,-2.7148485,-1.5348487,-3.4448485,-1.7448486
1.4451513,0.86515135,0.44515136,-0.32484862,-1.9748486,-4.644849,-4.104849,-0.42484865,4.6551514,6.585151,8.205152,6.6851516,3.6851513,3.5451515,4.1351514,3.3851514,2.5351515,-2.2148485,1.1051514,-1.2348486,0.53515136,1.6851513,2.3351514,4.4351516,2.2151513,0.5251514,0.7051514,-0.70484865,0.61515135,-1.4248487,-1.3048487,-1.3048487,0.73515135,1.1551514,-1.4848486,-2.8948486,-1.9548486,-2.5148487,-1.5548487,-4.6748486,-1.3548486,-2.1548486,-1.5348487,-1.4048486,-1.6248486,-1.6048486,-1.5248486,-2.2948487,-2.0248487,-2.4248486,-4.184849,-3.8348486,-4.0748487,-4.2448487,-3.2848487,-2.9548485,-0.38484862
2.4651513,2.3051515,2.1351514,1.6151514,1.9351513,2.4951513,-0.75484866,-1.4148487,1.7951514,4.2151513,3.8951514,2.7151513,4.4351516,3.3351514,4.6651516,3.2451513,2.7251513,-1.8748486,3.0951514,5.045151,2.8351514,2.8851514,0.34515136,0.42515138,1.7151513,0.14515136,0.06515136,-1.2348486,-1.3748486,-1.0448487,-1.4748486,0.20515136,0.90515137,-2.3748486,-0.90484864,-2.2148485,-2.8848486,-0.82484865,-2.7048485,-2.8148487,-2.9448485,-1.4548486,-1.5948486,-2.3748486,-2.0348487,-2.2748487,-1.4648486,-4.3348484,-4.5748487,-4.8648486,-4.7348485,-3.1948485,-5.0948486,-5.0048485,-5.0248485,-5.4048486,-5.1748486
2.7951515,2.7051513,1.6351514,2.7451513,2.2251513,2.1351514,0.97515136,-0.70484865,0.8851514,-0.13484864,3.7151513,3.4651513,4.0151515,3.6151514,3.8351514,4.645151,7.2751513,5.7651515,5.7151513,5.835151,5.335151,3.6151514,2.0251513,2.3751514,0.8751514,1.7651514,0.24515137,1.8451514,0.73515135,-1.3548486,-1.0548487,-0.51484865,-0.25484863,-0.94484866,-1.2748486,-2.1148486,-2.2248487,-0.53484863,-3.1848485,-1.6548486,-1.8548486,-1.7548486,-2.6548486,-0.9948486,-3.1748486,-2.5048487,-1.4348487,-3.4148486,-3.4948487,-4.7648487,-5.9748487,-3.9948487,-5.9448485,-3.5848486,-5.934849,-6.624849,-6.374849
0.38515136,1.2051513,3.1951513,3.3351514,3.1451514,2.9051514,1.9351513,0.28515136,0.6451514,2.2551513,0.96515137,3.7051513,3.8051515,4.4751515,5.4551516,6.3651514,6.2651515,7.0551515,6.9051514,6.6651516,5.2851515,4.1351514,3.6751513,1.5951514,-1.3948486,1.6651514,1.2051513,-2.1448486,2.3251514,-2.3848486,0.71515137,-0.26484862,-0.32484862,-1.6048486,-1.8648486,0.92515135,-0.13484864,-1.9448487,-0.7348486,-2.2648487,-1.9248487,-1.9648486,-1.4748486,-2.5448487,-2.1248486,-1.7148486,-2.0648487,-0.9348486,-0.83484864,-3.8648486,-2.4248486,-3.5048487,-2.6148486,-1.0148486,-3.1048486,-4.1548486,-5.6748486
2.5251513,1.2751514,2.9151514,2.8751514,3.6051514,4.065151,1.7451514,0.31515136,-0.51484865,1.3451514,2.4051514,1.3751514,2.8151515,3.0851514,1.5951514,3.8151515,3.9651513,3.1351514,2.6551514,2.6451514,2.7251513,1.5551513,2.0051513,0.39515138,0.80515134,0.6951514,-2.8448486,-2.4248486,-1.7748486,-1.7048486,-1.7948487,-2.2648487,-1.3748486,1.1351514,0.6451514,-0.49484864,2.3351514,-2.0248487,-0.07484863,-1.4748486,-0.8748486,-2.2448487,-2.0548487,-2.3748486,-3.3448486,-1.6048486,-1.6448486,-0.9748486,-0.52484864,1.8351513,0.10515137,-0.9348486,-1.8848486,-1.1648487,-2.2248487,-4.9448485,-5.2948484
3.2051513,4.355151,1.6551514,3.3451514,5.045151,3.6251514,1.8351513,1.4551513,1.9151514,1.8851514,1.9351513,1.4151514,2.5551515,2.8351514,2.3451514,3.7651513,2.9351513,3.2551513,4.065151,3.7051513,4.6751513,-0.26484862,1.9951514,-0.22484863,0.45515138,-0.38484862,1.8151513,1.6351514,-1.4048486,-2.4348485,-1.1648487,-1.1348486,-0.33484864,-1.6748487,1.6351514,-0.084848635,0.8251514,1.6551514,1.9951514,-0.51484865,-3.0948486,-1.3748486,0.6451514,-2.8648486,1.4951514,-1.2448486,-1.6548486,-1.3548486,0.6251514,-0.8548486,1.9151514,0.32515135,-0.24484864,-1.4548486,-3.3748486,-5.0748487,-2.6848485
3.2451513,3.6451514,5.1851516,5.315151,4.835151,2.7051513,1.3651514,2.4951513,1.2651514,2.7551513,1.7851514,1.6651514,2.1551514,2.9351513,3.2551513,3.4351513,3.9851513,3.9851513,4.7051516,4.4451513,4.2051516,1.7451514,2.0351515,4.0251513,-0.8648486,-1.0448487,-3.9848487,-3.0948486,2.4151514,-2.3548486,-1.3648486,-1.0248486,-0.14484863,-0.94484866,-1.0848486,-0.9248486,-0.29484862,2.0551515,2.1651514,0.6351514,0.16515137,-3.8548486,0.6351514,-2.1748486,-0.47484863,-3.7748487,1.2751514,2.6451514,-1.6148486,4.0751514,-1.5248486,1.7351514,1.1951513,-0.8548486,-0.58484864,-1.1748487,-0.49484864
3.5351515,4.4751515,4.2651515,2.5051513,3.6951513,1.6551514,0.65515137,1.4251513,1.8751514,1.2251514,1.9051514,2.2151513,2.6451514,3.0351515,2.8051515,2.6051514,3.3351514,2.7951515,2.7451513,2.0751514,1.8251513,3.1951513,3.2251513,2.5051513,2.6251514,1.8551514,-0.6148486,-1.7848487,-0.34484863,-2.7448487,-2.4848487,-2.2448487,-1.9848486,-2.6248486,-1.8148487,0.33515137,-2.3548486,-1.3048487,0.53515136,3.7851515,1.4651513,1.4751514,3.0151513,3.9351513,-2.9048486,0.72515136,-0.014848633,1.4151514,1.0251514,2.0751514,0.32515135,2.1351514,-0.24484864,2.0051513,0.6351514,2.0651515,4.7851515
3.3051515,2.6951513,2.3251514,2.3951514,1.2651514,1.7951514,0.43515137,2.4051514,0.10515137,0.8851514,-0.054848634,1.4951514,2.4751513,2.7951515,1.4451513,2.3451514,2.8251514,2.7051513,0.045151368,2.8751514,2.5451515,1.6351514,2.8451514,2.7651513,2.5951514,4.2251515,1.1651514,-2.9148486,-1.0048486,4.6351514,-2.3648486,-2.6448486,-3.6048486,-3.6348486,-2.6348486,-2.5848486,-2.1148486,1.4351513,0.80515134,0.025151366,2.5651515,2.1851513,3.1151514,2.3451514,1.5551513,4.145151,4.8451514,-3.0648487,1.9651513,-0.16484863,6.355151,5.8851514,2.3351514,4.0151515,6.6751513,3.8451514,7.4851513
2.1851513,2.5451515,2.3951514,0.8851514,0.45515138,0.9451514,0.14515136,0.29515135,-0.6248486,-0.8048486,-1.3148487,1.2551514,0.35515136,2.7851515,-0.6748486,1.6351514,1.5751513,0.20515136,0.92515135,0.48515138,1.4051514,1.5151514,1.6651514,1.3151513,2.9651513,3.0551515,2.7851515,3.0851514,-1.4548486,-4.2348485,1.5651513,-1.2748486,-1.8548486,-0.84484863,-1.4048486,-2.2948487,-2.8648486,-1.5048486,-1.8748486,-0.42484865,0.28515136,0.6451514,0.5651514,2.6851513,3.6551514,2.3251514,1.5151514,8.145151,0.6251514,4.0751514,1.8151513,5.9651513,5.2851515,4.7651515,7.7251515,8.125152,7.875151
2.4351513,2.2651513,2.3951514,0.035151366,0.39515138,0.53515136,0.54515135,-0.6848486,1.4951514,-1.9248487,-1.8348486,-0.52484864,-0.59484863,1.0851513,1.8051513,3.4551513,1.3951514,2.7851515,2.8551514,2.3751514,-2.8148487,-0.64484864,0.045151368,0.7751514,0.7651514,-0.50484866,3.0851514,3.6651514,3.5351515,0.99515134,-2.2148485,1.6451514,-2.5448487,-2.0548487,-1.5048486,-2.6048486,-2.1948485,-2.8048487,-0.30484864,-1.7448486,-0.24484864,0.06515136,1.2751514,1.7051513,2.4351513,1.7451514,2.2751513,3.5651515,3.1251514,4.2751513,4.4851513,3.0051513,4.895151,6.815151,7.2351513,8.855151,12.445151
1.9051514,1.1451514,-0.65484864,0.80515134,0.91515136,-1.4548486,1.8851514,-1.1448486,-1.7448486,0.5151514,1.8051513,1.5151514,0.35515136,-0.25484863,0.095151365,-1.9348487,-2.7248487,1.4151514,1.5251514,2.4751513,-0.19484863,-0.47484863,2.1651514,3.5651515,3.0751514,4.375151,-1.4048486,-0.054848634,4.0351515,-2.9148486,-2.6648486,1.5151514,-0.07484863,-2.6648486,0.78515136,1.7051513,-1.5948486,-2.8448486,-0.18484864,0.44515136,-1.3348486,-0.5448486,-0.56484866,0.80515134,0.36515138,0.25515136,2.7851515,3.5551515,4.4351516,3.5751514,3.9351513,6.0351515,4.4651513,5.8851514,6.3451514,8.415152,10.105151
1.4551513,0.84515136,-0.71484864,-2.1948485,-1.2348486,0.80515134,-1.3348486,1.2051513,-2.5448487,1.5051514,1.0951514,0.6351514,-1.0148486,-1.0948486,-2.4548485,-1.8848486,0.46515137,-0.24484864,2.3651514,1.9451513,1.5051514,3.9351513,1.4051514,4.7151513,0.68515134,5.4651513,3.6851513,1.8751514,0.19515137,-0.43484864,-2.4548485,-0.17484863,0.73515135,-3.5848486,-3.9148486,-4.1548486,-3.7148485,-3.0148487,-0.014848633,0.10515137,-1.8848486,0.65515137,1.3151513,0.31515136,3.3951514,3.2051513,4.1851516,3.8151515,3.4551513,2.9251513,7.0151515,6.9851513,8.205152,9.865151,9.875152,10.225151,10.865151
1.7651514,1.7351514,2.0551515,0.24515137,-0.16484863,-0.46484864,2.7751513,-3.6648486,-2.1748486,-2.1148486,-2.9148486,-4.1948485,-4.8448486,0.6251514,-3.1048486,-2.9848487,-1.9048486,-0.51484865,0.41515136,2.0351515,1.5251514,3.8351514,2.2351513,-1.3448486,1.2151513,-0.9948486,0.33515137,-0.37484863,-0.084848635,2.8851514,-1.2848487,-0.29484862,0.35515136,6.2451515,-4.9248486,-2.2648487,-3.2148485,0.045151368,-3.5348487,0.5051514,-0.17484863,1.5351514,1.0251514,2.8051515,2.5051513,2.9351513,2.7751513,4.645151,3.7651513,7.7751513,8.155151,7.7851515,7.3651514,7.5351515,8.105151,9.115151,8.935151
0.90515137,2.1951513,2.5951514,2.8551514,-2.1548486,3.1451514,3.2751513,-1.2548486,-2.2448487,1.8751514,3.5651515,-1.6448486,-4.4748487,-6.0748487,-1.1848487,3.3651514,-3.6048486,-1.9948486,-1.3248487,-0.35484862,1.7051513,3.9051514,4.0351515,6.9951515,7.6651516,-0.51484865,-2.3648486,-1.4148487,-1.3048487,3.8251514,0.71515137,0.25515136,0.22515136,-0.7448486,0.16515137,-1.8048487,-2.2448487,-0.034848634,2.9051514,2.8651514,0.48515138,1.3051513,-1.7348486,-2.1248486,-0.48484862,0.08515137,0.43515137,2.4151514,-0.45484865,2.4651513,4.1651516,9.065151,5.085151,6.8251514,8.615151,8.445151,7.6651516
-0.49484864,-0.23484863,2.2351513,4.9151516,0.72515136,6.625151,1.5751513,-1.4848486,-0.024848633,-0.83484864,0.7651514,2.9651513,-0.18484864,-1.7648486,-2.9748487,-1.5948486,5.315151,3.3051515,-3.5048487,-2.3248487,-0.40484864,0.67515135,2.9251513,5.565151,3.2151513,5.4951515,-2.2748487,1.3551514,0.31515136,-0.53484863,-1.4048486,-2.8148487,-5.144849,-5.0648484,-4.9248486,-4.7548485,-3.4048486,-2.4048486,-0.20484863,3.0651515,0.80515134,2.6251514,1.8551514,1.8251513,-1.0848486,-1.2448486,-1.1648487,0.7051514,-3.0748487,0.37515137,3.2651513,4.1151514,7.0751514,6.875151,5.895151,7.2451515,7.2251515
2.5851514,0.45515138,1.7151513,-3.1548486,0.7651514,3.9651513,3.9251513,-1.7748486,-1.0748487,3.4751513,-0.69484866,0.30515137,2.3451514,3.6751513,-0.7248486,-2.4648485,2.4451513,2.6851513,3.8151515,7.7551513,-4.644849,1.9051514,1.8051513,0.86515135,-1.4748486,2.0651515,-1.6448486,0.60515136,0.6251514,-1.4248487,-3.3748486,-3.4148486,-4.1948485,-5.874849,-4.664849,-5.644849,-3.4248486,-2.5048487,-0.96484864,0.67515135,1.4251513,2.0151513,4.1751513,2.2351513,3.9951513,-2.9148486,1.2051513,1.7151513,-4.7548485,-0.96484864,-0.15484864,2.0251513,2.9751513,5.5951514,5.295151,5.6551514,5.0351515
2.0551515,-0.7248486,1.6351514,-0.53484863,-0.6748486,3.0851514,4.1751513,4.585151,1.4351513,1.4851514,-1.4148487,2.6851513,2.7851515,3.0751514,5.2851515,-2.0648487,-1.1648487,0.30515137,2.9951513,6.585151,4.085151,-1.6048486,0.20515136,0.27515137,0.59515136,-3.8048487,-0.84484863,0.30515137,-5.374849,-2.5648487,-1.8848486,-1.1948487,-0.10484863,1.7251514,-1.3748486,-0.94484866,-6.1948485,-2.1748486,-2.0548487,-0.18484864,-0.37484863,0.73515135,1.3751514,1.0251514,-2.9248486,-1.3448486,-7.4248486,-2.8748486,0.99515134,-1.2848487,-1.9648486,-1.2048486,0.6451514,6.2251515,4.2451515,3.1351514,5.4151516
