json/gfs_20240719_12.json
{"header": { "discipline":0, "disciplineName":"Meteorological products", "gribEdition":2, "gribLength":79871, "center":7, "centerName":"US National Weather Service - NCEP(WMC)", "subcenter":0, "refTime":"2024-07-19T12:00:00.000Z", "significanceOfRT":1, "significanceOfRTName":"Start of forecast", "productStatus":0, "productStatusName":"Operational products", "productType":1, "productTypeName":"Forecast products", "productDefinitionTemplate":0, "productDefinitionTemplateName":"Analysis/forecast at horizontal level/layer at a point in time", "parameterCategory":2, "parameterCategoryName":"Momentum", "parameterNumber":3, "parameterNumberName":"V-component_of_wind", "parameterUnit":"m.s-1", "genProcessType":2, "genProcessTypeName":"Forecast", "forecastTime":0, "surface1Type":103, "surface1TypeName":"Specified height level above ground", "surface1Value":10.0, "surface2Type":255, "surface2TypeName":"Missing", "surface2Value":0.0, "gridDefinitionTemplate":0, "gridDefinitionTemplateName":"Latitude_Longitude", "numberPoints":65160, "shape":6, "shapeName":"Earth spherical with radius of 6,371,229.0 m", "gridUnits":"degrees", "resolution":48, "winds":"true", "scanMode":0, "nx":360, "ny":181, "basicAngle":0, "lo1":0.0, "la1":90.0, "lo2":359.0, "la2":-90.0, "dx":1.0, "dy":1.0 }, "data":
[rows 104 to 129 of 181, columns 59 to 117 of 360]
5.2919874,5.0219874,4.1219873,3.1119874,2.8719873,2.7219872,2.7819872,3.1119874,2.8119874,2.8019874,2.5619874,2.5719874,2.3619874,3.6319873,3.5119872,4.2919874,4.091987,4.4219875,4.7919874,4.9619875,3.7819872,4.131987,4.761987,5.281987,5.4119873,5.4619875,5.3919873,6.1819873,6.7119875,6.091987,6.0419874,5.1419873,4.8119874,4.401987,2.9219873,3.3619874,3.6619873,4.631987,4.9419875,5.0419874,4.4219875,2.3719873,2.5219872,2.4119873,2.6219873,2.5619874,3.4819872,3.2119873,2.8919873,2.0819874,1.9819874,2.2319872,2.1819873,1.9919873,1.9019873,2.4919872,2.8219874,3.0019872,2.8419874
5.051987,5.011987,3.9119873,2.0519874,1.8819873,2.1819873,2.6719873,1.1819873,1.3419873,1.7719873,2.3819873,3.2019873,2.6819873,3.6919873,3.3519874,2.8619874,3.0619874,3.4419873,3.8419874,3.9219873,4.261987,4.281987,3.9219873,4.491987,4.2919874,5.1219873,5.0819874,5.651987,6.1719875,6.4619875,5.6619873,5.7219872,5.9819875,5.611987,5.0019875,3.0119872,3.1119874,3.9119873,4.9319873,5.401987,5.9419875,5.7319875,3.8719873,2.1019874,1.9519873,2.5719874,3.3419874,3.1719873,3.0519874,2.4519873,2.7119873,3.1819873,2.8419874,1.9719872,1.2919873,1.8819873,2.0719874,2.2719872,1.1919873
5.1019874,4.9719872,3.8719873,1.3719873,0.9319873,0.8319873,1.2019873,2.5719874,1.8519874,1.3519874,1.1219873,2.9619873,2.7319872,3.0219872,2.8919873,2.8619874,2.5819874,2.7719872,3.1419873,3.2119873,3.3219874,4.7019873,4.531987,4.4819875,3.9119873,3.9719872,3.7419872,4.651987,4.9719872,6.071987,6.091987,5.901987,6.071987,6.051987,5.861987,4.7219872,3.7719872,3.2819872,4.071987,5.0819874,5.0819874,6.091987,6.4619875,5.1219873,2.6919873,2.4019873,2.4919872,3.2119873,3.5419874,4.0019875,3.1919873,2.4919872,3.8519874,3.5119872,1.0919873,1.1719873,1.3019873,1.9919873,1.4619873
4.6219873,4.9719872,2.9319873,0.4019873,0.3319873,1.1019874,1.4619873,0.8019873,1.2019873,1.4019873,1.4219873,1.1719873,1.8419873,2.6919873,2.5019872,2.2219872,2.3519874,2.2819872,2.8519874,2.1819873,2.1519873,3.0719874,3.5019872,4.111987,3.7819872,3.2919874,3.6719873,3.6919873,4.551987,4.4519873,4.8319874,4.8319874,6.051987,6.2519875,6.1819873,5.301987,5.3519874,4.301987,4.6719875,5.3519874,5.761987,5.9719872,5.9519873,6.7019873,5.281987,4.821987,4.801987,4.1919875,3.8419874,4.131987,4.6819873,5.011987,4.3719873,4.3119874,3.9419873,1.0619873,1.3319873,1.4419873,2.1219873
4.051987,4.9819875,0.9219873,0.46198732,0.1819873,0.4419873,1.0419873,0.6419873,0.121987306,0.6719873,0.5119873,0.6719873,0.3619873,1.0719873,0.4019873,0.1319873,0.49198732,0.2619873,1.2019873,0.6519873,1.2919873,1.0519873,1.3419873,2.4419873,2.9319873,2.3919873,2.0719874,3.3119874,3.4819872,3.8419874,4.7019873,5.6019874,4.901987,5.3719873,7.2219872,5.7319875,4.9419875,5.1619873,4.4319873,5.781987,5.8919873,6.341987,7.071987,7.0019875,6.631987,7.3519874,7.341987,7.1719875,4.2919874,5.611987,7.6019874,8.131988,7.4119873,6.3519874,5.4619875,3.7019873,1.1519873,1.0619873,0.4119873
3.3319874,3.7319872,2.5319872,1.1919873,0.63198733,0.3819873,1.1319873,0.20198731,1.1519873,1.0819873,-0.2080127,-0.3580127,-0.2980127,-0.5580127,-0.048012696,0.8619873,0.9919873,0.5519873,-0.1680127,-0.09801269,-0.4180127,0.0719873,0.7019873,0.7519873,0.7419873,0.8919873,1.5819873,1.5219873,4.1919875,2.9119873,3.4319873,4.1919875,3.4019873,5.381987,5.151987,5.6419873,5.3119874,5.0819874,4.901987,5.241987,5.741987,6.4319873,6.7119875,6.8919873,7.0219874,7.1019874,7.031987,7.9719872,5.9619875,5.8319874,6.2919874,6.8319874,7.091987,7.4419875,6.9419875,4.1919875,2.7919874,0.6019873,-0.028012695
3.0019872,2.3619874,2.3019874,0.43198732,-0.2380127,-0.18801269,-0.86801267,-0.9180127,-0.3680127,-0.24801269,-0.5880127,-1.1680127,-0.6580127,-0.2780127,-0.5680127,0.051987305,0.051987305,-0.8580127,0.0719873,-0.7380127,-0.13801269,-0.008012695,1.4619873,0.5119873,0.6919873,-0.09801269,0.8719873,0.8019873,1.3319873,1.3819873,1.6019874,2.3819873,3.3319874,3.5919874,4.2519875,4.4519873,4.7019873,4.761987,5.151987,5.241987,5.631987,5.2919874,6.4119873,6.7319875,6.2719874,5.801987,5.801987,6.341987,6.5219874,5.5819874,5.2719874,6.7319875,7.4719872,7.031987,6.5019875,4.631987,3.3519874,0.7619873,0.1819873
1.4419873,1.8019873,2.0419874,-0.21801269,-0.9680127,-1.4280127,-0.3480127,-0.92801267,-1.2980127,-1.4780127,0.041987304,-0.8980127,0.1619873,0.091987304,-0.31801268,-0.5880127,-1.0280128,-1.4280127,-1.4380127,-0.24801269,-1.2280127,-0.3880127,-0.7480127,-1.7780128,-0.3780127,0.08198731,-0.048012696,0.8619873,0.46198732,0.8119873,0.49198732,0.27198732,0.7419873,3.0419874,3.0819874,2.2919874,3.3819873,4.0219874,4.1219873,3.2619872,4.8919873,4.6919875,5.4419875,5.4119873,4.7919874,4.8119874,5.261987,5.091987,6.1419873,5.1719875,5.5819874,6.1419873,8.021987,7.571987,6.551987,6.9719872,6.281987,-0.4080127,1.9719872
2.5319872,1.6519873,1.6019874,-0.028012695,-0.9180127,-2.0080128,-0.6480127,-0.9980127,-2.6980126,-2.2780128,-2.1980126,-0.7280127,0.2119873,0.3419873,-0.25801268,-1.2080127,-0.31801268,-2.6180127,-1.8980126,-1.9980127,-2.4880128,-2.5280128,-1.5980127,-0.31801268,-0.7180127,-0.67801267,1.1119874,-0.5980127,0.6119873,0.4819873,0.7019873,0.17198731,0.3419873,0.1819873,-0.1080127,1.2319874,2.5219872,3.6719873,3.4619873,4.591987,3.6119874,4.5619874,4.091987,4.5019875,5.0819874,4.861987,5.5419874,4.651987,4.4819875,4.9219875,3.9919872,5.531987,7.781987,7.8119874,7.2319875,5.4119873,4.6819873,7.071987,0.7619873
2.6819873,2.1319873,1.1219873,0.9519873,-1.5280128,-1.7680126,-0.67801267,-1.5980127,-3.2480128,-1.6780127,-2.5280128,-3.2380128,-1.3880126,-1.1880127,0.11198731,-0.6880127,-1.7280127,-1.7580127,-3.7480128,-2.9480126,-3.8380127,-2.3080127,-2.5280128,-1.1980127,-1.2780128,-2.3480127,-2.5780127,-1.6980127,-0.8580127,-0.8280127,0.7819873,-1.0080127,0.27198732,1.5719873,0.3019873,-0.1280127,0.5219873,1.2919873,2.1219873,2.9719872,2.3719873,2.5519874,2.9219873,3.6119874,3.8919873,4.241987,4.0419874,4.4719872,4.491987,3.7619872,4.341987,5.341987,6.3119874,7.7719874,7.1019874,4.7119875,4.651987,2.2019873,4.0419874
1.6519873,2.6319873,0.9219873,-0.1080127,-0.2380127,-2.2680128,-1.5980127,-2.3080127,-2.4280126,-4.508013,-4.118013,-3.9680128,-3.8180127,-3.9780128,-2.0380127,0.2419873,-2.1080127,-0.7480127,-2.0080128,-2.0280128,-3.1180127,-2.2080126,-2.8780127,-3.2880127,-1.6180127,-0.3980127,-0.8080127,-2.2480128,-2.1780126,-0.5280127,-0.3080127,-0.18801269,0.5419873,1.9719872,1.3619874,1.0719873,0.7219873,0.9319873,1.5519873,2.1119874,1.5219873,2.1819873,2.4119873,2.9119873,2.7319872,3.2019873,2.8719873,2.1019874,2.9819872,3.2719872,3.4319873,4.2219872,5.1419873,6.7519875,7.0019875,5.7019873,5.2119875,4.8919873,4.3319874
4.6219873,1.8919873,0.9919873,1.4419873,-0.6080127,-1.8480127,-2.7780128,-3.6280127,-4.2980127,-4.3380127,-5.5480127,-4.8780127,-4.928013,-4.888013,-4.5280128,-2.4080126,-2.2980127,-2.9380126,-2.3880126,-2.6280127,-3.3380127,-2.3080127,-3.0780127,-2.0280128,-3.5480127,-2.3780127,-1.1680127,-0.7380127,-2.1680126,-0.8980127,-1.6080127,0.6819873,2.1119874,1.8319873,1.6319873,1.0619873,1.3819873,0.6119873,0.6019873,0.6019873,0.9519873,0.9119873,1.2319874,1.9519873,1.6519873,1.0819873,1.6919873,3.1719873,2.8819873,3.2019873,4.301987,4.7519875,5.9319873,5.5019875,6.6619873,4.3919873,3.7019873,3.7919874,3.8419874
4.9619875,5.151987,4.4219875,2.3019874,1.1119874,-0.8080127,-2.5280128,-3.6080127,-4.4980125,-5.118013,-3.6080127,-3.9980128,-5.0780125,-6.908013,-8.588013,-6.598013,-5.3380127,-4.598013,-4.218013,-4.3980126,-3.7880127,-3.7680128,-3.4880128,-1.7180127,-3.0380127,-4.118013,-2.6280127,-2.7680128,-2.1480126,-2.8580127,-2.3580127,-2.1980126,-1.2080127,0.0719873,0.121987306,1.6019874,0.4119873,-0.058012694,0.3619873,0.7419873,0.9919873,0.051987305,0.7219873,0.8919873,1.3119873,0.9119873,0.2819873,1.0119873,2.1019874,2.8319874,2.5219872,4.2919874,6.131987,5.3119874,6.011987,5.091987,3.3919873,3.7019873,3.3419874
4.3319874,4.5819874,4.4419875,4.3919873,4.0819874,2.7219872,-0.25801268,-3.0580127,-4.1080127,-5.3280125,-4.7480125,-4.7080126,-4.9980125,-6.6680126,-5.4780126,-5.3180127,-6.3280125,-6.9380126,-6.388013,-6.2480125,-5.5380125,-5.348013,-4.6480126,-3.9880128,-4.158013,-4.3980126,-3.0680127,-1.0280128,-0.5580127,-3.4180126,-1.1780127,-1.1480126,-1.2880127,-1.0980127,1.0519873,0.9419873,1.8019873,-0.3480127,-0.008012695,-1.2180127,-0.5380127,-0.2980127,-0.3980127,-0.1180127,-0.3380127,0.5119873,0.2619873,0.8919873,1.5719873,1.5819873,1.8919873,2.7519872,3.1819873,5.151987,4.6719875,3.1219873,1.6519873,3.0019872,2.8519874
3.3919873,3.7219872,3.9419873,4.091987,4.321987,3.8919873,3.9619873,-2.5380127,-4.5880127,-4.5780125,-4.6480126,-4.9380126,-6.158013,-7.1080127,-6.428013,-6.678013,-6.4380126,-6.4380126,-6.5380125,-8.888013,-8.658012,-6.8080125,-5.6880126,-5.388013,-3.2980127,-3.6780126,-3.6780126,-2.2780128,-2.7780128,-0.5380127,-0.7580127,-0.8080127,-1.3680127,-0.6380127,-0.3480127,0.7619873,2.1419873,0.9619873,-0.2680127,-0.3680127,-0.09801269,-0.28801268,-0.4480127,-1.3180127,-1.6080127,-0.6880127,-0.9780127,-1.1680127,0.7319873,0.6019873,0.6619873,2.3919873,3.1919873,3.7919874,4.0019875,2.2419872,3.5619874,1.9819874,1.3919873
4.381987,2.6219873,2.2019873,2.8919873,3.3819873,3.3919873,3.6719873,4.491987,-1.3180127,-3.3580127,-2.5980127,-5.158013,-6.2780128,-6.738013,-7.008013,-7.118013,-6.8780127,-7.0280128,-6.8780127,-8.078012,-8.218013,-8.088013,-7.1680126,-6.908013,-5.7980127,-5.4780126,-4.448013,-4.5280128,-4.2080126,-4.238013,-1.9580127,-2.8980126,-1.8480127,-1.0380127,-1.3580127,-1.5180126,-0.7380127,1.3419873,0.8519873,-0.5780127,-1.0380127,-0.86801267,0.5919873,-0.4980127,-0.5880127,-1.2780128,-0.24801269,-0.7580127,-0.3980127,0.3719873,1.0919873,0.8119873,1.7219872,2.5519874,2.4819872,2.4419873,0.6919873,1.5019873,-0.5680127
4.8919873,4.4819875,2.7319872,1.5819873,1.9519873,1.9919873,1.7919873,2.0919874,2.6919873,1.8819873,-2.7980127,-3.7680128,-5.7080126,-5.8580127,-6.7980127,-7.7980127,-7.1280127,-6.718013,-7.6280127,-8.218013,-8.268013,-8.688013,-10.228013,-8.588013,-6.618013,-6.008013,-4.868013,-4.1680126,-4.3780127,-4.118013,-4.008013,-3.5980127,-3.4580126,-2.7480128,-2.2280128,-1.0280128,-0.9680127,-1.4480127,-0.5880127,-0.5280127,-0.4980127,-0.9580127,-1.4480127,-2.1380126,-1.8580127,-1.5580127,-1.2580127,-0.7380127,-0.7780127,-0.7380127,0.011987304,0.3719873,0.2519873,-0.1980127,1.0519873,1.2519873,0.5019873,2.5819874,2.2419872
4.241987,4.381987,4.4119873,4.8319874,2.0719874,1.0819873,1.2519873,1.3019873,0.8319873,1.0219873,0.57198733,-1.2680126,-2.6180127,-5.1480126,-6.6080127,-7.738013,-7.868013,-7.6080127,-8.408012,-9.188013,-9.128013,-9.258013,-9.208013,-9.358013,-7.7480125,-6.258013,-6.2280126,-4.218013,-4.4980125,-4.3780127,-4.3780127,-3.8180127,-3.4180126,-2.9380126,-1.8880126,-0.92801267,-1.0880127,-1.5280128,-1.4480127,-0.9480127,-1.4580127,-0.5580127,-0.3880127,-0.6480127,-1.0580127,-1.0480127,-1.4280127,-0.7380127,-1.1980127,-2.0480127,-0.8880127,-0.3980127,-0.9380127,-0.5680127,0.2619873,0.6919873,0.3819873,-0.5780127,-0.7180127
6.051987,2.9819872,3.1119874,3.8119874,3.1519873,2.5119872,1.4919873,0.6819873,-0.1780127,-0.2380127,-0.1780127,-0.3980127,-0.9880127,-2.6080127,-4.1480126,-6.7280126,-8.008013,-8.558013,-8.798013,-9.098013,-9.818012,-10.028012,-10.368012,-9.388013,-9.768013,-6.598013,-6.8280125,-6.3280125,-6.2080126,-4.138013,-3.0780127,-3.2780128,-2.7580128,-2.4180126,-1.8080127,-1.3080127,-2.1180127,-1.8880126,-1.9380127,-0.3380127,-3.2480128,-0.8580127,-0.8480127,-0.6480127,-1.3480127,-1.3480127,-1.2980127,-2.2280128,-1.0580127,-1.4180127,-0.15801269,-0.5980127,-0.9580127,-0.018012695,0.121987306,0.4119873,0.4119873,-0.9980127,-0.8780127
5.1719875,4.5219874,3.9419873,3.2619872,3.2719872,3.0119872,2.2519872,1.2919873,-1.2580127,-1.9980127,-2.1880126,-1.7680126,-1.3780127,-1.3380127,-2.8180127,-4.3780127,-5.5180125,-7.9980125,-9.078012,-9.618012,-9.208013,-10.298013,-9.838013,-9.718013,-8.978013,-9.438013,-7.2880125,-6.508013,-7.0780125,-6.218013,-4.6480126,-3.0380127,-3.2080126,-2.0080128,-2.6280127,-2.2680128,-1.7080127,-2.0580127,-2.0980127,-3.2680128,-1.9480127,-1.5180126,-1.9680127,-0.8980127,-2.9780128,-0.21801269,-2.1480126,-1.0780127,-2.3080127,-1.1280127,-1.0880127,-1.1580127,-1.2680126,-0.5380127,-0.7680127,-1.0780127,-0.7580127,-1.2380127,-2.7580128
5.071987,4.9819875,3.9719872,2.9319873,2.5719874,1.5819873,2.0719874,1.9119873,0.5019873,-2.0180128,-3.1380126,-3.0780127,-2.5780127,-1.8480127,-2.5780127,-3.6080127,-3.8380127,-4.848013,-6.968013,-9.358013,-9.578012,-10.028012,-9.148013,-9.968013,-9.978013,-9.5380125,-10.198012,-9.298013,-7.1080127,-5.8280125,-5.4180126,-5.1680126,-3.2980127,-1.9280127,-1.7980127,-1.4880127,-1.3880126,-1.1480126,-1.3180127,-1.8280127,-0.4180127,-3.5980127,-2.8580127,-1.8880126,-0.5980127,-1.9980127,-2.5580127,-3.2080126,-2.0380127,-3.5980127,-2.0880127,-2.4180126,-2.6780126,-0.6380127,-1.7180127,-1.4480127,-1.5180126,-1.1180127,-2.4880128
5.8519874,5.7919874,6.0219874,5.6819873,4.361987,2.5019872,1.0619873,1.1719873,0.8419873,-0.5780127,-2.5580127,-4.0280128,-3.6180127,-2.7780128,-2.9880128,-3.5980127,-3.6480126,-3.4380126,-3.4580126,-6.3180127,-7.6080127,-10.608013,-8.948012,-9.128013,-10.688013,-10.778012,-9.818012,-9.088013,-8.518013,-7.8980126,-8.498013,-5.9980125,-5.7980127,-5.2480125,-3.8180127,-3.9180126,-3.1480126,-2.3480127,-1.4080127,-2.0080128,-1.8280127,-1.4080127,-1.1080127,-2.4180126,-2.3880126,-3.9280126,-2.2880127,-2.5080128,-3.9080126,-1.9780127,-3.7880127,-3.2480128,-2.3180127,-2.2180128,-2.2780128,-1.8180127,-0.5080127,-1.5880127,-2.8480127
6.3519874,6.0019875,5.341987,5.6819873,5.9419875,5.3119874,4.6019874,2.6519873,0.6819873,0.82198733,-1.1980127,-2.9480126,-3.9880128,-4.2980127,-3.6480126,-3.6480126,-3.2780128,-3.5780127,-2.9680128,-2.2980127,-6.098013,-8.018013,-9.828012,-9.578012,-9.418013,-10.168013,-10.118012,-10.138013,-9.138013,-8.598013,-7.8380127,-7.5580125,-7.3380127,-6.4980125,-5.008013,-4.7880125,-5.598013,-5.258013,-4.2980127,-4.658013,-3.4580126,-3.3980126,-2.6280127,-2.2780128,-1.5880127,-2.5680127,-2.7880127,-2.2780128,-3.0780127,-2.9780128,-3.1880126,-3.1180127,-3.5080128,-3.9480126,-3.7480128,-3.1880126,-2.6280127,-2.2580128,-1.5280128
6.3519874,6.761987,6.4219875,5.6019874,4.991987,3.8719873,3.5219872,3.3419874,3.0919874,0.2119873,-0.3480127,-1.6380126,-3.2380128,-4.348013,-4.6480126,-4.5580125,-4.6080127,-4.3980126,-3.8480127,-3.5080128,-3.3480127,-3.5480127,-4.908013,-6.758013,-8.818012,-10.498013,-11.658012,-10.318012,-9.078012,-8.828012,-8.248013,-7.428013,-6.888013,-6.8080125,-6.7080126,-5.8180127,-5.368013,-5.3980126,-3.7280128,-4.6280127,-4.9780126,-5.7980127,-5.138013,-3.6380126,-3.2880127,-3.0180128,-2.7080126,-4.658013,-2.8180127,-3.7780128,-2.0480127,-3.2080126,-2.8480127,-3.6080127,-3.5580127,-3.2480128,-3.4080126,-3.0280128,-1.8980126
5.131987,5.1719875,5.591987,5.8519874,5.1019874,4.841987,2.9019873,2.1519873,2.1219873,2.0019872,-0.5980127,-1.3280127,-1.7480127,-2.6180127,-4.508013,-5.388013,-5.098013,-5.0380125,-4.5480127,-3.8680127,-3.5380127,-3.0380127,-3.0280128,-3.4980128,-3.0280128,-7.098013,-10.458013,-11.0380125,-9.278012,-9.698012,-9.368012,-7.5480127,-7.1880126,-7.0180125,-6.698013,-6.738013,-6.7980127,-5.7780128,-4.948013,-4.4380126,-5.008013,-5.0580125,-5.0480127,-5.218013,-5.3380127,-3.6680126,-3.1280127,-2.9580126,-2.9780128,-4.238013,-3.5180128,-1.4680127,-3.0880127,-3.9080126,-2.7080126,-2.7880127,-2.5880127,-2.7680128,-2.4880128
7.1819873,7.361987,7.241987,6.8119874,6.3719873,6.1919875,5.4719872,3.3319874,0.5519873,-0.0780127,1.4119873,-1.6080127,-1.6880127,-1.7680126,-2.4680128,-3.9380126,-4.928013,-4.9380126,-4.508013,-3.8980126,-4.178013,-2.7280128,-2.9580126,-2.8580127,-2.6580126,-3.2480128,-6.5880127,-7.5580125,-9.598013,-10.468013,-8.588013,-8.138013,-6.9980125,-6.658013,-7.3280125,-7.0280128,-7.3580127,-7.0580125,-7.198013,-6.5280128,-6.5480127,-5.8580127,-5.158013,-5.4380126,-5.988013,-5.7880125,-5.118013,-5.0280128,-4.5180125,-3.8980126,-3.4180126,-3.8180127,-3.7780128,-3.7580128,-2.5980127,-3.0880127,-2.4780128,-1.9680127,-3.0680127
