json/gfs_20240722_18.json
{"header": { "discipline":0, "disciplineName":"Meteorological products", "gribEdition":2, "gribLength":79621, "center":7, "centerName":"US National Weather Service - NCEP(WMC)", "subcenter":0, "refTime":"2024-07-22T18:00:00.000Z", "significanceOfRT":1, "significanceOfRTName":"Start of forecast", "productStatus":0, "productStatusName":"Operational products", "productType":1, "productTypeName":"Forecast products", "productDefinitionTemplate":0, "productDefinitionTemplateName":"Analysis/forecast at horizontal level/layer at a point in time", "parameterCategory":2, "parameterCategoryName":"Momentum", "parameterNumber":3, "parameterNumberName":"V-component_of_wind", "parameterUnit":"m.s-1", "genProcessType":2, "genProcessTypeName":"Forecast", "forecastTime":0, "surface1Type":103, "surface1TypeName":"Specified height level above ground", "surface1Value":10.0, "surface2Type":255, "surface2TypeName":"Missing", "surface2Value":0.0, "gridDefinitionTemplate":0, "gridDefinitionTemplateName":"Latitude_Longitude", "numberPoints":65160, "shape":6, "shapeName":"Earth spherical with radius of 6,371,229.0 m", "gridUnits":"degrees", "resolution":48, "winds":"true", "scanMode":0, "nx":360, "ny":181, "basicAngle":0, "lo1":0.0, "la1":90.0, "lo2":359.0, "la2":-90.0, "dx":1.0, "dy":1.0 }, "data":
[rows 78 to 103 of 181, columns 236 to 294 of 360]
-3.6575365,-3.2175367,-3.2775366,-3.4275367,-3.0375366,-3.5375366,-3.5675366,-1.7275367,-0.28753662,-0.5475366,3.5524633,4.7324634,5.6724634,2.6824634,0.14246339,-1.2875366,-0.77753663,-0.05753662,-0.017536622,-1.4875367,-1.1775366,-0.2675366,0.6824634,5.4724636,5.4224634,3.3524635,2.1224635,0.43246338,0.5024634,1.0824634,1.4524634,1.1324633,0.49246338,-0.47753662,-0.0075366213,-0.7375366,-1.1575366,-2.1675367,-1.1575366,-2.5375366,-0.57753664,-2.8975365,-2.6775367,-3.3875365,-3.9075365,-3.0975366,-3.7675366,-3.3975365,-3.2875366,-4.127537,-5.3675365,-7.2075367,-0.16753662,-6.1675367,-1.9375366,2.3224633,0.9524634,0.34246337,1.5824634
-3.3475366,-2.8575366,-3.1875367,-2.6375365,-2.1075366,-2.0275366,1.7424634,4.0224633,5.4224634,4.952463,7.2724633,9.642464,6.2424636,3.4924634,3.2724633,2.1824634,3.0224633,1.4924634,0.6324634,0.46246338,-0.05753662,-0.9775366,0.37246338,3.7524633,5.5224633,3.7224634,2.2224634,0.6324634,-0.11753662,-0.047536623,0.99246335,1.2424634,-0.027536621,0.09246338,-0.6575366,-1.2475367,-1.1975366,-2.5375366,-6.0175366,0.24246338,-0.7875366,0.38246337,-2.6475365,-4.317537,-4.7075367,-4.2175364,-3.6175365,-3.3675365,-4.4975367,-7.1375365,-0.77753663,-3.2775366,-1.9975367,-8.937536,1.6324633,0.5624634,-2.2075367,-2.4675367,-1.3575367
-1.8875366,-2.4175367,-2.4375367,-2.5575366,0.30246338,0.3224634,3.1924634,3.9724634,3.8924634,4.932463,7.2124634,9.322463,6.1924634,5.9624634,5.5124636,3.0124633,3.2224634,3.1224635,3.7624633,4.5224633,4.0824633,5.182463,6.1724634,5.642463,5.392463,4.1124635,2.3224633,0.17246337,-0.7175366,-1.2375367,-1.3175366,0.7624634,-0.2675366,-2.3575366,0.27246338,-0.9375366,-1.0875366,0.47246337,2.7924633,1.1024634,-1.7275367,-1.0875366,-1.5675366,-2.2375367,-2.4575367,-2.0975366,-3.1575365,1.3324634,2.9324634,1.3624634,1.0824634,1.3824633,-1.4575366,1.2224634,3.2224634,4.2524633,1.8024634,2.0324633,3.4324634
-0.05753662,0.61246336,0.3224634,1.0724634,5.2924633,4.6724634,6.1524634,7.5624633,7.8324633,8.142464,8.962463,7.7924633,7.642463,7.6024632,6.892463,5.3124633,5.8624635,6.3624635,5.892463,5.9024634,6.9924636,6.432463,5.7124634,5.3624635,5.0024633,4.1524634,3.7124634,1.5924634,-0.047536623,0.14246339,-0.30753663,-0.47753662,-0.0075366213,0.7524634,3.0924635,2.2824633,2.5724633,2.4324634,2.4224634,2.3124633,3.0224633,1.6024634,-0.70753664,0.17246337,0.49246338,5.1024632,0.5824634,3.6224635,1.5324634,-1.4975367,-0.70753664,-0.09753662,-0.38753662,-1.7075366,1.4324634,1.4424634,0.38246337,1.2424634,0.7824634
2.6524634,3.8224633,3.4424634,4.642463,6.5324636,7.2124634,8.272464,8.252463,9.202463,9.262464,9.002463,7.662463,7.392463,8.062464,7.912463,8.102464,8.062464,8.862463,8.152463,7.4824634,7.1924634,6.8024635,6.6524634,6.6024632,5.6924634,4.9424634,4.2724633,3.0824633,2.2324634,1.0524634,0.09246338,2.0324633,3.5624633,4.0524635,4.8524632,4.2624636,4.0224633,3.6524634,2.8024633,3.8424635,4.182463,2.6124635,2.6124635,1.6324633,4.452463,6.432463,-0.11753662,1.8324634,-1.1875366,-0.58753663,0.25246337,-0.43753663,2.0124633,1.1024634,0.5624634,1.2424634,0.66246337,0.37246338,-0.77753663
5.0924635,5.182463,5.0324636,6.8624635,7.6924634,8.322463,8.552464,9.232464,8.752463,8.632463,6.8324633,6.8824635,6.8424635,7.4424634,7.4824634,8.072463,8.072463,7.5524635,7.4924636,7.3424635,7.8524632,7.392463,7.5224633,6.9624634,6.7924633,6.0324636,5.202463,4.2524633,3.2324634,2.5624633,3.3624635,4.7324634,5.3424635,6.1124635,6.662463,6.3324633,6.5224633,5.9424634,6.6924634,5.5524635,5.182463,5.4024634,2.6524634,3.6424634,5.6524634,5.5624633,4.932463,1.6824634,0.25246337,1.3924633,0.40246338,0.09246338,-0.14753662,1.7224634,3.2224634,3.5324633,3.5824633,1.0224633,-1.1875366
5.7724633,5.2324634,5.3024635,7.6024632,8.142464,8.352464,8.192463,8.152463,7.932463,7.4424634,6.4824634,5.7824636,6.3324633,6.4824634,7.3524632,7.892463,7.3124633,7.3324633,7.6124635,7.392463,6.4224634,6.6124635,7.3524632,7.5124636,7.4724636,6.7624636,6.702463,6.392463,5.952463,5.4824634,6.2424636,7.122463,7.2124634,7.5024633,7.4224634,7.7924633,7.9024634,8.082463,7.7824636,7.2924633,7.142463,6.932463,6.5124636,6.0424633,5.662463,5.2224636,4.7724633,1.5524634,0.5324634,1.5324634,-1.0075366,1.8724633,1.9324634,3.4724634,4.182463,2.7824633,3.9224634,0.72246337,0.25246337
4.952463,4.412463,6.642463,6.7224636,7.2424636,6.9224634,7.452463,7.202463,6.9424634,6.932463,4.872463,5.1924634,5.952463,6.7624636,7.3324633,7.6324635,7.372463,6.662463,6.202463,5.7924633,5.9224634,6.412463,7.182463,7.5424633,6.9824634,7.642463,8.122463,6.8224635,7.4824634,8.102464,8.232464,8.182464,6.912463,7.4924636,7.392463,8.062464,8.0924635,8.032463,7.4624634,7.2324634,6.892463,6.1124635,6.142463,6.0424633,5.432463,4.202463,3.6424634,0.8824634,1.4524634,2.1424634,1.0024633,1.4624634,0.9424634,2.5524633,2.2724633,1.9424634,2.1624634,0.72246337,-0.50753665
4.9724636,5.9924636,6.4724636,7.2124634,6.3124633,6.3024635,5.8224635,5.8024635,6.0824633,4.8524632,6.3624635,6.2724633,6.6924634,6.4824634,6.5124636,5.182463,5.2424636,5.702463,5.5224633,5.202463,5.7424636,6.5824633,6.8524632,7.2524633,7.8224635,7.8624635,8.002463,8.292463,8.472464,7.7424636,7.8824635,7.6324635,7.0524635,8.272464,8.802464,8.112463,7.7124634,7.4624634,7.432463,7.5524635,7.5624633,6.8524632,6.202463,6.1524634,5.0524635,4.0224633,2.8124633,0.8924634,-1.1775366,4.4224634,1.1724634,3.0524633,3.1024635,1.6624634,0.9624634,1.5924634,1.6424633,-0.017536622,-0.15753663
6.3624635,6.6124635,7.1024632,5.5124636,4.9724636,4.9424634,4.7124634,4.7124634,4.8424635,5.1524634,4.5624633,5.7824636,5.182463,4.9824634,4.7924633,5.0224633,5.662463,5.5724635,5.682463,6.2724633,6.5024633,6.1724634,7.2724633,7.4624634,6.9724636,7.202463,7.6724634,8.312464,8.322463,8.512464,8.142464,7.9824634,6.642463,6.6724634,8.022464,8.272464,8.512464,8.032463,7.8424635,7.1924634,7.0924635,7.1524634,6.5924635,5.5424633,5.392463,4.2524633,1.1624634,-0.52753663,1.0724634,1.9224634,0.4524634,2.9724634,1.0224633,1.7724633,0.98246336,1.5624634,0.4824634,-0.63753664,0.7824634
6.202463,6.5524635,4.3624635,3.9924634,4.4024634,4.392463,4.2324634,3.6124635,4.7124634,4.892463,5.2524633,4.6524634,4.4624634,4.892463,5.3224635,5.7324634,5.2524633,4.952463,5.7124634,5.9924636,6.0524635,6.0024633,6.4924636,7.0324636,6.5124636,6.7124634,6.6924634,6.9624634,7.7924633,8.792463,8.622463,8.552464,6.1324635,5.8824635,7.2324634,7.3224635,7.2424636,7.7524633,7.642463,7.6724634,7.3024635,6.4724636,5.9924636,5.4924636,4.9724636,3.2824633,-0.44753662,1.1724634,0.8324634,0.47246337,-0.22753662,0.17246337,0.92246336,0.37246338,1.1824634,-0.2975366,0.16246338,-0.38753662,0.17246337
4.4724636,3.8524635,3.5324633,3.2124634,2.9924634,3.6924634,2.0224633,2.0724633,1.9424634,2.9224634,3.6424634,4.5224633,4.9224634,5.4424634,4.9224634,4.4724636,4.2524633,4.1924634,4.6024632,5.2224636,5.2124634,5.3424635,4.392463,4.4724636,4.9024634,5.3024635,5.4624634,5.6324635,5.452463,5.932463,6.872463,7.6324635,5.1124635,6.3824635,7.6724634,7.702463,7.3824635,7.6724634,7.7824636,7.1724634,7.2824636,6.8524632,6.2624636,5.7124634,4.8424635,-1.8575367,-1.5375366,1.3724633,-0.18753663,0.02246338,-0.9675366,-0.64753664,1.0624634,0.6324634,0.41246337,-0.41753662,0.24246338,0.23246337,-0.34753662
2.3624635,2.1924634,1.8124634,2.6924634,2.3824635,1.7024634,3.3124633,2.3524635,2.7324634,3.8324633,4.372463,4.0124636,3.8124633,4.3324633,3.8424635,3.8424635,3.5524633,3.4324634,3.7024634,4.0024633,3.8024633,3.8624635,3.8024633,3.8624635,3.5624633,4.122463,4.5724635,4.5724635,4.912463,4.9624634,5.3524632,6.2424636,6.6124635,6.7924633,8.412463,7.6924634,7.5424633,7.3824635,7.5224633,7.6724634,7.7824636,7.0224633,6.0024633,4.8224635,-0.5975366,-0.6775366,1.7924634,0.3924634,0.24246338,-0.47753662,-0.11753662,0.13246338,0.5924634,1.0324634,1.1224633,0.15246338,2.1124635,1.6024634,1.1224633
1.2024634,2.2124634,2.0524633,2.7624633,2.1424634,1.7524633,1.8824633,2.0624633,3.2524633,1.8724633,2.3924634,3.2224634,3.2324634,3.0124633,4.0424633,3.7924633,3.9424634,4.3024635,3.4924634,2.9824634,3.0924635,3.2424634,3.5424633,3.3424635,4.1124635,4.0124636,4.6024632,4.3024635,4.5224633,4.8124633,4.912463,4.5524635,4.7724633,4.1124635,5.8824635,6.6124635,6.9424634,6.6924634,6.9224634,7.5524635,7.5224633,7.682463,6.162463,4.642463,-0.027536621,0.27246338,0.3224634,-0.46753663,0.91246337,1.3624634,0.18246338,0.72246337,0.61246336,1.2224634,1.7924634,-1.0475366,1.0024633,-1.3775367,1.3324634
-0.7175366,-0.05753662,2.3724635,2.9324634,2.5824633,1.7224634,1.7824634,2.8924634,1.9324634,4.202463,3.1824634,3.3724635,3.5524633,3.3724635,3.2824633,3.7124634,4.2824636,3.3324633,3.7124634,3.5224633,3.4524634,3.2924633,3.1424634,3.0824633,3.2124634,3.6424634,3.8524635,3.8224633,4.6324635,4.3124633,4.3024635,3.9824634,4.1924634,5.0324636,5.7624636,6.182463,6.0924635,6.5824633,6.7224636,6.8124633,7.702463,7.8024635,6.0224633,1.5724634,-0.24753661,1.9624634,0.13246338,-0.2675366,-0.27753663,-0.15753663,0.54246336,1.2124634,1.3824633,0.7524634,0.5024634,2.1024635,1.3124634,-0.52753663,1.4424634
0.13246338,1.4724634,1.1324633,0.9324634,1.5124633,3.8924634,2.8024633,2.9924634,4.4924636,4.3124633,4.892463,3.7624633,3.3924634,3.7624633,2.8024633,2.6824634,2.1024635,2.6224635,2.0524633,3.2524633,3.6424634,3.1524634,3.4724634,3.0024633,3.3624635,3.8524635,3.8324633,3.6824634,4.0824633,4.7924633,5.4224634,5.9824634,5.1524634,5.682463,5.662463,5.8424635,6.0224633,6.4424634,7.0724635,7.0424633,7.5224633,8.542463,8.412463,2.0424633,2.1124635,0.61246336,0.15246338,0.43246338,0.042463377,1.1224633,1.2024634,0.9024634,-0.4875366,-1.1275367,1.4724634,0.6224634,2.2424634,-0.52753663,0.73246336
0.03246338,-0.12753662,1.3724633,1.3524634,3.4424634,3.9724634,4.122463,3.9924634,3.2024634,3.8924634,5.182463,4.432463,3.7924633,4.7924633,5.2424636,4.122463,3.1424634,2.3524635,2.5124633,2.7024634,3.2024634,2.9524634,3.6124635,3.1024635,3.3824635,3.1324635,3.4624634,3.4524634,3.1124635,4.0124636,4.4424634,5.202463,6.1124635,6.2824636,6.0224633,6.2224636,6.4224634,6.682463,6.7924633,6.8124633,7.5324636,8.102464,9.792463,-1.3575367,-0.9075366,-0.6875366,0.4824634,0.4824634,1.2624633,0.10246338,1.3724633,1.2124634,0.9024634,1.8124634,2.1124635,-0.51753664,0.7024634,1.7924634,1.5824634
2.4124634,2.5624633,3.1424634,3.5524633,3.5024633,3.7324634,3.2124634,3.3724635,3.9624634,3.0224633,4.372463,3.1524634,2.8924634,2.1324635,4.0224633,3.7024634,3.4324634,3.6424634,3.6724634,3.9124634,2.3024633,2.5224633,3.7224634,3.1624634,2.9324634,3.3224633,3.2224634,2.6524634,2.8524635,3.3024633,4.1024632,4.5424633,4.952463,5.8624635,6.1524634,5.8224635,6.0624633,6.3424635,6.5624633,6.9424634,6.7324634,7.4724636,8.042463,5.5624633,2.1024635,0.37246338,-1.8675367,-0.44753662,0.05246338,0.99246335,0.22246338,0.11246338,0.002463379,1.6824634,1.5824634,1.3024634,1.4924634,-0.6875366,1.0624634
3.5224633,3.5524633,4.1724634,3.0424633,3.7024634,3.4424634,4.2424636,3.1824634,4.2624636,4.142463,3.0524633,2.7724633,2.8724635,2.1324635,2.7124634,3.4524634,4.2624636,3.1724634,3.0724633,3.7024634,3.5424633,3.1024635,2.8624635,3.7624633,3.6024635,4.0124636,4.202463,3.7524633,4.1024632,4.162463,4.2324634,3.8824635,4.9024634,4.872463,5.182463,5.372463,6.1024632,5.7724633,6.2824636,6.6024632,6.8524632,7.2524633,6.912463,6.8524632,5.3424635,-1.4775367,-0.9875366,0.09246338,-0.16753662,0.28246337,-0.39753664,0.66246337,0.8224634,1.6724634,1.2624633,1.4624634,1.5324634,0.8924634,0.92246336
1.5124633,2.9224634,3.9224634,3.0724633,3.3024633,3.3324633,3.5724633,3.3824635,1.4824634,1.6524634,1.1724634,2.5624633,4.2824636,3.7224634,3.4724634,4.3524632,3.2024634,2.4724634,2.2124634,1.2124634,2.5824633,2.4324634,4.0724635,3.8324633,3.8624635,3.8324633,4.4024634,4.3524632,4.372463,4.1124635,3.8924634,3.7324634,4.3124633,4.5124636,4.9724636,5.412463,5.6124635,6.2724633,5.9424634,6.642463,7.0024633,7.202463,6.2624636,6.4024634,7.0224633,1.2024634,-2.4175367,0.73246336,0.8324634,0.16246338,0.8724634,1.0024633,0.9324634,0.49246338,0.97246337,1.6324633,0.31246337,0.30246338,1.0224633
-0.6275366,-0.13753662,1.1224633,2.1724634,1.0124633,1.7824634,2.6324635,1.2724633,1.9824634,1.0624634,2.0924635,4.8324633,4.9624634,4.2624636,4.2224636,2.9224634,3.5224633,2.3024633,2.5024633,2.1824634,3.0924635,2.4424634,3.0924635,3.7424634,4.2224636,3.6324635,4.3824635,4.6924634,3.7524633,4.3024635,3.3424635,4.622463,3.7624633,5.0624633,5.0124636,5.4224634,5.5524635,5.7324634,6.142463,6.0724635,6.8124633,6.6324635,6.5724635,6.702463,6.5124636,4.0024633,-2.2675366,-0.8775366,0.30246338,-0.50753665,0.8324634,0.31246337,0.67246336,0.7124634,0.97246337,0.8724634,0.02246338,0.8424634,0.6924634
-2.5775366,-0.3575366,0.4524634,0.9624634,1.6124634,1.3924633,1.0424634,2.2324634,3.2824633,3.4224634,3.6524634,2.8424635,2.4324634,2.9024634,2.5224633,2.2824633,1.8524634,2.0024633,1.7924634,2.3324633,2.3724635,2.6324635,2.7024634,3.1124635,2.4824634,4.0724635,2.6024635,4.6724634,4.8424635,4.122463,4.0224633,4.3224635,3.7024634,4.3124633,4.8024635,4.7524633,5.1924634,5.8524632,5.6724634,5.4724636,6.0524635,6.2924633,6.872463,6.8424635,6.452463,5.3124633,1.2724633,-1.8375366,-1.0875366,-0.16753662,0.13246338,0.54246336,0.60246336,0.97246337,0.80246335,0.6324634,0.79246336,0.99246335,0.9524634
-0.8575366,-0.28753662,0.67246336,1.5124633,1.6524634,2.2224634,1.8224634,0.6824634,1.5424634,2.9024634,2.6924634,2.3724635,1.7124634,1.1624634,1.3524634,1.4524634,3.8724635,4.0224633,3.6924634,3.5024633,2.5624633,3.5324633,2.5624633,2.4224634,2.8524635,4.3324633,4.2424636,2.4524634,4.9924636,3.9224634,4.5124636,5.122463,5.6324635,5.5124636,5.4424634,5.2124634,4.932463,3.9424634,4.8124633,5.432463,5.7324634,6.3224635,6.662463,6.8024635,7.0724635,7.0824633,1.8024634,-2.4075365,-2.9575367,-0.58753663,-0.38753662,-0.0075366213,0.28246337,0.4224634,0.27246338,0.37246338,1.2524633,0.7724634,0.72246337
-0.3275366,0.16246338,0.36246338,0.6424634,1.1124634,1.5424634,2.0024633,2.3224633,3.6224635,3.4124634,2.9924634,1.4924634,0.61246336,1.8824633,4.5924635,2.5924635,0.37246338,2.0824633,2.8624635,4.182463,3.5524633,4.3324633,3.8524635,3.0624633,4.412463,2.4224634,3.8024633,3.5824633,1.9324634,4.2624636,4.872463,4.8624635,4.1324635,3.9524634,5.0624633,5.2424636,5.392463,5.4924636,5.4224634,5.0724635,5.5424633,5.142463,5.9224634,6.7224636,7.3024635,7.5124636,5.932463,3.6724634,-3.5575366,-1.3475366,-0.41753662,-0.3575366,-0.7975366,0.34246337,-0.06753662,0.4824634,0.33246338,0.54246336,0.5624634
0.02246338,-0.4875366,-0.15753663,-0.8475366,-0.5575366,0.042463377,1.3424634,2.0224633,2.2724633,2.4324634,0.80246335,1.6324633,2.7024634,2.5124633,1.4324634,0.2624634,2.0124633,2.3624635,2.9024634,-0.3275366,0.80246335,2.7924633,2.7924633,4.0224633,3.2924633,4.1724634,3.7124634,4.2424636,4.5224633,4.0824633,4.5824633,4.5124636,4.7724633,5.7924633,4.2824636,4.0824633,4.3524632,4.8524632,4.8324633,5.5624633,5.8124633,6.7324634,6.2924633,6.6924634,7.6924634,7.5324636,6.952463,2.5724633,-4.6675367,-0.6075366,-1.1275367,-1.8875366,-1.8475366,0.4224634,0.6824634,0.02246338,0.20246337,0.5924634,0.47246337
-0.82753664,-0.77753663,-0.25753662,0.16246338,-0.06753662,0.25246337,0.5024634,0.85246336,0.86246336,0.41246337,1.1124634,1.0924634,1.8424634,-0.23753662,1.2624633,1.4224634,1.3724633,0.3224634,1.1624634,-0.2975366,0.9524634,1.1724634,0.8224634,4.7424636,2.4124634,3.3124633,3.7524633,3.6524634,4.682463,4.2624636,4.182463,4.702463,4.7824636,4.5824633,5.2524633,5.2224636,4.9824634,5.3224635,6.1124635,4.7324634,6.1524634,5.6024632,6.0924635,6.4724636,7.5324636,8.262464,7.9424634,7.3824635,0.9024634,-4.587537,-3.3475366,-3.5375366,-4.0575366,-1.6775366,-0.9175366,-0.28753662,-0.30753663,0.22246338,-0.17753662
