json/gfs_20240718_18.json
{"header": { "discipline":0, "disciplineName":"Meteorological products", "gribEdition":2, "gribLength":79770, "center":7, "centerName":"US National Weather Service - NCEP(WMC)", "subcenter":0, "refTime":"2024-07-18T18:00:00.000Z", "significanceOfRT":1, "significanceOfRTName":"Start of forecast", "productStatus":0, "productStatusName":"Operational products", "productType":1, "productTypeName":"Forecast products", "productDefinitionTemplate":0, "productDefinitionTemplateName":"Analysis/forecast at horizontal level/layer at a point in time", "parameterCategory":2, "parameterCategoryName":"Momentum", "parameterNumber":2, "parameterNumberName":"U-component_of_wind", "parameterUnit":"m.s-1", "genProcessType":2, "genProcessTypeName":"Forecast", "forecastTime":0, "surface1Type":103, "surface1TypeName":"Specified height level above ground", "surface1Value":10.0, "surface2Type":255, "surface2TypeName":"Missing", "surface2Value":0.0, "gridDefinitionTemplate":0, "gridDefinitionTemplateName":"Latitude_Longitude", "numberPoints":65160, "shape":6, "shapeName":"Earth spherical with radius of 6,371,229.0 m", "gridUnits":"degrees", "resolution":48, "winds":"true", "scanMode":0, "nx":360, "ny":181, "basicAngle":0, "lo1":0.0, "la1":90.0, "lo2":359.0, "la2":-90.0, "dx":1.0, "dy":1.0 }, "data":
[rows 100 to 124 of 181, columns 228 to 284 of 360]
-9.077192,-8.657192,-8.367192,-7.8871922,-7.947192,-9.227192,-8.907192,-7.7271924,-8.167192,-8.757193,-9.697192,-9.337193,-9.647192,-8.857192,-8.287192,-9.137193,-9.067192,-8.487192,-8.887193,-9.367192,-9.327192,-8.867192,-8.807193,-9.467193,-9.407192,-9.247192,-9.097193,-8.947192,-9.1271925,-8.347193,-7.8471923,-7.947192,-7.7771926,-7.407192,-7.427192,-6.8871922,-6.4971924,-6.2671924,-6.2771926,-6.217192,-5.8771925,-5.5971923,-5.8171926,-5.9371924,-5.3671923,-5.3971925,-5.2871923,-5.2671924,-4.8571925,-4.427192,-3.7771924,-2.9471924,-2.4071925,-1.7771924,2.8728075,-3.7871923,-2.0471923
-9.147192,-8.857192,-7.6471925,-6.9771924,-7.3571925,-8.557193,-8.547193,-7.4571924,-8.527192,-9.987192,-9.577192,-8.247192,-8.907192,-9.057193,-8.657192,-8.947192,-8.8771925,-9.767193,-8.867192,-9.147192,-9.637193,-9.6271925,-9.267193,-9.197192,-9.667192,-9.777192,-9.517193,-9.3771925,-8.747192,-8.947192,-9.017193,-8.827192,-8.187192,-7.7671924,-7.8271923,-7.4371924,-7.0371923,-6.5671926,-6.0671926,-6.4371924,-6.2471924,-6.2571926,-6.0071926,-5.9571924,-5.427192,-5.2971926,-5.2571926,-5.1271925,-5.2071924,-4.7871923,-4.2871923,-3.7571924,-3.2671924,-2.9771924,-2.2771924,4.0628076,-3.8771925
-10.257193,-8.227192,-7.8971925,-7.0671926,-8.477192,-9.327192,-7.697192,-7.467192,-8.797193,-9.347193,-8.117192,-8.387193,-9.357192,-9.767193,-9.077192,-9.667192,-9.757193,-9.977192,-9.337193,-9.537192,-9.667192,-10.067192,-9.757193,-10.257193,-9.837193,-9.457192,-9.757193,-10.227192,-9.667192,-9.027192,-9.107192,-9.107192,-8.817192,-8.437192,-7.9171925,-7.8971925,-7.7671924,-7.1471925,-7.3071923,-7.1071925,-6.447192,-6.6071925,-6.5971923,-5.9571924,-6.1171923,-5.3771925,-5.1671925,-5.4171925,-4.8071923,-5.0271926,-4.5471926,-4.157192,-3.4971924,-3.1171923,-3.1071923,2.0828075,-2.4671924
-9.347193,-7.8271923,-7.3071923,-7.5371923,-9.267193,-9.957192,-8.417192,-8.447192,-9.257193,-8.487192,-8.387193,-8.997192,-9.417192,-10.157192,-9.887193,-9.797193,-10.067192,-10.037192,-10.247192,-9.937192,-9.967193,-9.897192,-10.277192,-10.337193,-10.477192,-9.977192,-9.957192,-9.937192,-10.077192,-9.527192,-9.507193,-9.157192,-9.337193,-8.757193,-9.007193,-8.057193,-8.307193,-8.497192,-7.677192,-7.6071925,-6.967192,-7.0171924,-6.6671925,-6.3771925,-5.8971925,-5.677192,-5.3371925,-5.0171924,-4.907192,-4.5071926,-4.0771923,-3.9071925,-3.8271923,-3.1371925,-2.9471924,-1.5571923,4.1428075
-8.587193,-6.2671924,-7.7971926,-9.277192,-9.527192,-9.167192,-9.167192,-9.287192,-8.487192,-8.167192,-8.947192,-9.067192,-8.457192,-9.657192,-9.947192,-9.737192,-10.117192,-10.287192,-10.297193,-9.927193,-10.007193,-10.397192,-10.527192,-10.097193,-10.457192,-10.747192,-10.517193,-9.957192,-10.487192,-9.847193,-10.097193,-9.687192,-9.357192,-9.687192,-9.177193,-8.847193,-8.797193,-8.057193,-7.9571924,-7.5471926,-7.6871924,-7.0971923,-7.0471926,-6.2071924,-6.0271926,-5.8671923,-5.3471923,-5.157192,-4.717192,-3.8171923,-3.5371923,-3.8471923,-3.7071924,-3.5871923,-2.7871923,-2.3871925,3.6328077
-7.4371924,-6.8571925,-6.0271926,-8.807193,-8.977192,-8.557193,-8.137193,-8.417192,-7.467192,-9.467193,-9.517193,-8.587193,-9.037192,-9.557193,-10.137193,-9.787192,-10.177193,-9.907192,-10.6271925,-11.027192,-11.027192,-10.397192,-10.717193,-10.417192,-10.497192,-10.317192,-10.087193,-10.887193,-10.027192,-10.657192,-10.657192,-10.357192,-10.087193,-9.657192,-9.867192,-8.917192,-8.957192,-8.467193,-8.247192,-8.147192,-7.8071923,-7.3271923,-7.0071926,-6.8871922,-6.4171925,-5.6371922,-5.5671926,-5.1271925,-4.6071925,-3.7471924,-3.6471925,-3.5871923,-3.7471924,-3.3371923,-3.2671924,-2.5271924,-2.7471924
-6.907192,-7.197192,-6.3871922,-8.1271925,-8.837193,-8.367192,-7.8171926,-7.6171923,-8.667192,-8.737192,-9.727192,-8.387193,-9.677193,-10.187192,-9.617192,-9.067192,-9.937192,-10.357192,-10.257193,-10.587193,-10.887193,-10.267193,-10.597193,-10.107192,-10.667192,-10.327192,-10.147192,-10.167192,-10.287192,-10.657192,-10.677193,-10.797193,-10.3771925,-9.867192,-10.087193,-9.617192,-9.047193,-8.807193,-8.317192,-7.7471924,-8.097193,-7.1471925,-6.4971924,-6.697192,-6.907192,-5.2671924,-5.7471924,-5.5371923,-5.2771926,-4.5771923,-4.1271925,-3.3371923,-3.6071923,-3.7071924,-3.2671924,-2.9471924,-2.5971923
-5.8171926,-4.3471923,-5.7571926,-8.107192,-8.087193,-8.847193,-8.467193,-9.147192,-8.977192,-9.357192,-9.987192,-8.357192,-9.667192,-9.757193,-10.317192,-10.237192,-9.727192,-9.687192,-10.1271925,-10.337193,-10.487192,-10.107192,-10.657192,-9.527192,-10.177193,-10.787192,-10.457192,-11.287192,-10.657192,-11.017193,-11.157192,-10.677193,-10.667192,-10.247192,-10.237192,-9.677193,-9.597193,-9.277192,-8.437192,-8.087193,-8.217193,-7.0671926,-6.3671923,-6.8571925,-6.5571923,-6.7971926,-5.717192,-5.237192,-5.0171924,-4.6271925,-3.9571924,-3.6771924,-3.6071923,-3.3871925,-3.1271925,-2.5271924,-2.4271924
-4.6271925,-4.0171924,-6.4571924,-7.5271926,-8.077192,-8.517193,-9.107192,-8.747192,-8.927193,-9.607192,-9.517193,-8.727192,-9.007193,-10.047193,-9.757193,-10.357192,-9.3771925,-9.117192,-9.617192,-10.507193,-10.397192,-10.567192,-10.637193,-10.317192,-9.927193,-10.1271925,-10.067192,-10.507193,-11.467193,-11.397192,-11.157192,-10.597193,-10.157192,-10.787192,-10.827192,-10.387193,-10.027192,-9.327192,-9.077192,-7.717192,-7.987192,-7.8571925,-6.9571924,-6.7571926,-6.8071923,-6.2671924,-6.7271924,-5.5571923,-4.9571924,-4.657192,-4.177192,-3.2871923,-3.2671924,-3.1371925,-3.1771924,-2.5271924,-2.4671924
-3.8771925,-2.8171923,-3.0571923,-5.7871923,-8.137193,-8.507193,-8.587193,-8.437192,-8.8771925,-8.547193,-8.277192,-8.897192,-9.267193,-8.257193,-8.567192,-9.437192,-10.547193,-9.907192,-9.757193,-10.097193,-10.467193,-10.807193,-10.687192,-10.757193,-10.577192,-10.587193,-10.537192,-10.997192,-11.3771925,-9.817192,-10.507193,-10.117192,-9.917192,-9.447192,-10.097193,-9.277192,-9.837193,-9.137193,-8.177193,-7.4371924,-7.5371923,-8.287192,-7.7971926,-7.2071924,-6.2071924,-6.2671924,-6.6171923,-6.0471926,-6.1871924,-4.5771923,-4.427192,-3.8471923,-2.6071923,-2.6271925,-2.3771925,-3.1171923,-2.1071923
-2.5271924,-2.2971923,-1.5571923,-2.7071924,-7.177192,-7.8771925,-7.8471923,-6.8971925,-7.197192,-7.5971923,-7.967192,-7.9571924,-7.7271924,-7.927192,-8.267193,-8.497192,-10.017193,-9.157192,-9.797193,-9.957192,-10.607192,-10.347193,-10.767193,-10.757193,-10.947192,-11.227192,-10.617192,-11.147192,-12.077192,-10.887193,-11.347193,-10.187192,-10.447192,-11.107192,-11.157192,-10.547193,-9.687192,-9.317192,-8.817192,-7.5271926,-7.8871922,-7.0171924,-7.9971924,-7.4171925,-6.3471923,-5.2871923,-6.237192,-5.8071923,-6.2471924,-5.677192,-4.5871925,-4.3171926,-3.7571924,-3.3571923,-2.4971924,-2.0171924,-2.7671924
-1.7571924,-2.0171924,-1.4571924,-3.8171923,-7.2071924,-7.3471923,-7.1471925,-6.8471923,-6.2271924,-6.8171926,-5.5271926,-5.0771923,-7.8771925,-7.487192,-7.7071924,-9.077192,-9.177193,-9.767193,-9.117192,-9.557193,-9.387193,-9.497192,-9.537192,-10.507193,-10.857192,-11.317192,-11.027192,-11.317192,-11.487192,-11.507193,-11.067192,-10.657192,-10.767193,-10.737192,-11.247192,-10.197192,-9.817192,-9.927193,-9.267193,-8.457192,-7.967192,-6.9571924,-7.3371925,-7.5271926,-6.2271924,-6.0271926,-6.0071926,-5.3771925,-5.2871923,-5.6271925,-5.0571923,-4.4771924,-4.5371923,-4.0371923,-3.6771924,-2.9071925,-2.6171923
0.012807617,-1.5571923,-2.3571923,-2.5771923,-4.967192,-6.5371923,-5.9771924,-5.677192,-5.3971925,-5.737192,-4.947192,-6.3371925,-7.0271926,-7.6471925,-8.187192,-7.9571924,-8.167192,-7.0471926,-9.057193,-10.197192,-11.157192,-11.047193,-11.747192,-12.237192,-12.337193,-12.527192,-12.507193,-11.597193,-11.787192,-11.977192,-11.157192,-10.817192,-10.967193,-11.3771925,-11.297193,-11.707192,-11.217193,-10.157192,-10.1271925,-8.897192,-7.3271923,-6.927192,-6.7671924,-6.7671924,-5.5971923,-5.3371925,-4.1271925,-6.1671925,-5.157192,-5.1271925,-5.3671923,-5.8571925,-5.8371925,-4.7071924,-4.177192,-3.1371925,-2.6871924
0.34280762,-0.14719239,-1.4071923,-2.3171923,-3.2671924,-4.6071925,-4.947192,-6.0471926,-4.427192,-4.0171924,-3.3971925,-5.8471923,-6.447192,-6.7871923,-6.8571925,-8.497192,-9.117192,-9.307193,-9.857192,-9.577192,-10.107192,-10.667192,-10.977192,-10.857192,-11.957192,-11.497192,-11.357192,-11.247192,-11.067192,-10.567192,-10.6271925,-10.697192,-10.037192,-10.297193,-10.027192,-10.467193,-10.207192,-9.857192,-9.827192,-9.247192,-9.547193,-7.677192,-6.6871924,-5.4971924,-5.237192,-4.6471925,-4.737192,-4.9171925,-4.2271924,-5.0971923,-6.3971925,-6.3571925,-6.0071926,-4.7771926,-4.407192,-4.0971923,-2.9171925
1.1128076,1.5328076,0.86280763,-1.1971924,-2.3871925,-2.9771924,-3.4771924,-3.5971923,-3.3071923,-2.3871925,-1.6071924,-4.0171924,-4.1271925,-5.7271924,-7.2971926,-9.067192,-8.837193,-8.487192,-8.087193,-9.527192,-9.227192,-8.727192,-9.177193,-10.117192,-9.987192,-10.507193,-10.727192,-10.837193,-10.467193,-11.207192,-11.497192,-11.307193,-11.097193,-11.317192,-11.067192,-10.847193,-10.067192,-9.467193,-9.017193,-8.737192,-8.797193,-8.577192,-7.9371924,-7.6871924,-6.2971926,-6.0571923,-4.5671926,-4.9371924,-4.427192,-5.8871922,-4.6071925,-6.3271923,-5.5271926,-6.2471924,-5.1371922,-4.217192,-3.3671923
2.6828077,2.1528077,1.2228076,-0.41719237,-0.9671924,-2.6871924,-2.1771924,-3.3971925,-3.8471923,-0.5971924,-0.5571924,-3.7371924,-5.7671924,-6.407192,-7.2471924,-7.487192,-7.3571925,-6.217192,-7.9371924,-8.997192,-8.487192,-9.777192,-9.747192,-9.947192,-10.077192,-9.867192,-11.017193,-11.567192,-11.497192,-11.307193,-10.947192,-10.917192,-11.227192,-11.097193,-10.997192,-10.357192,-9.927193,-9.8771925,-9.547193,-8.767193,-8.137193,-7.8271923,-8.097193,-6.8571925,-7.4771924,-6.9571924,-6.8671923,-6.8271923,-7.0571923,-6.3071923,-6.2771926,-5.6671925,-5.7771926,-4.3071923,-4.6871924,-4.6071925,-3.3371923
4.4428077,2.9428077,2.3128076,0.8228076,-0.06719238,-1.2471924,-1.0971924,-2.8971925,-4.7571926,0.022807617,-0.6271924,-3.8071923,-4.8571925,-5.927192,-6.5471926,-6.6471925,-6.927192,-8.257193,-7.9571924,-7.697192,-8.557193,-9.097193,-9.167192,-10.067192,-10.077192,-10.137193,-10.567192,-11.847193,-11.727192,-11.317192,-11.017193,-10.927193,-10.887193,-10.797193,-11.147192,-11.237192,-10.867192,-10.237192,-9.917192,-9.217193,-7.217192,-6.967192,-7.5171924,-7.907192,-7.177192,-6.657192,-6.0771923,-6.9371924,-6.0171924,-6.5071926,-6.447192,-5.447192,-4.717192,-4.4571924,-4.2971926,-3.1771924,-3.8471923
4.3628078,4.8828077,5.1528077,2.9328077,0.91280764,0.8128076,-1.2471924,-2.1271925,-2.9571924,1.5228076,-0.40719238,-3.3671923,-4.9571924,-5.8771925,-5.5171924,-5.7471924,-5.9971924,-7.3771925,-7.5971923,-6.9571924,-8.247192,-8.777192,-9.217193,-9.267193,-9.817192,-9.747192,-10.097193,-11.1271925,-11.157192,-10.887193,-11.247192,-10.197192,-10.537192,-10.987192,-11.037192,-10.307193,-10.507193,-10.567192,-9.357192,-7.6871924,-8.277192,-8.097193,-6.8171926,-6.0471926,-5.7471924,-6.177192,-6.0271926,-6.0871925,-6.5571923,-5.8671923,-6.0171924,-6.1871924,-4.5171924,-5.1071925,-4.2871923,-4.8971925,-3.3471923
-0.5971924,2.5328076,6.6628075,2.0228076,2.8028076,2.1128075,0.73280764,-2.5471923,-1.7071924,0.40280762,0.24280761,-2.3671923,-2.7071924,-4.6071925,-4.8471923,-4.4971924,-4.927192,-5.7071924,-6.927192,-7.5671926,-8.047193,-8.077192,-8.607192,-7.3171926,-9.827192,-9.837193,-9.697192,-10.747192,-11.097193,-10.437192,-10.497192,-11.107192,-10.957192,-11.437192,-11.777192,-10.467193,-10.117192,-10.397192,-9.567192,-8.227192,-7.737192,-7.2271924,-8.087193,-7.1671925,-6.8271923,-6.7471924,-5.0471926,-5.0771923,-5.3571925,-6.4571924,-6.407192,-5.3371925,-5.0471926,-4.6371922,-3.8371923,-3.8971925,-4.1371922
0.7028076,0.9428076,5.0828075,3.8828077,3.8628075,2.9328077,2.0728076,1.0628076,-0.24719238,-0.6871924,0.012807617,-2.1571925,-2.9671924,-4.2771926,-3.8571923,-2.9871924,-4.2771926,-5.0471926,-4.3171926,-6.1471925,-6.8671923,-6.9971924,-7.1671925,-7.6071925,-8.957192,-9.547193,-9.687192,-9.837193,-9.917192,-10.737192,-10.317192,-10.937192,-10.187192,-10.567192,-10.617192,-10.707192,-10.597193,-9.787192,-9.187192,-8.287192,-8.307193,-8.947192,-7.7771926,-7.3371925,-7.0871925,-7.737192,-7.0971923,-5.3471923,-6.0771923,-6.447192,-6.4571924,-4.717192,-4.217192,-4.2071924,-4.697192,-3.7771924,-3.6671925
0.7728076,1.9628077,1.8228077,2.0728076,4.5028076,7.3628078,4.8528075,2.2128077,1.1928077,-0.12719238,-0.40719238,-1.0671924,-1.9071923,-1.6671923,-3.2371924,-3.1571925,-3.1271925,-3.1971924,-4.4771924,-4.8771925,-6.3571925,-5.217192,-5.3871922,-7.2571926,-8.197192,-9.057193,-8.617192,-8.837193,-10.187192,-9.527192,-9.8771925,-10.367192,-9.257193,-9.897192,-10.667192,-10.547193,-10.807193,-11.617192,-10.117192,-9.437192,-9.557193,-8.027192,-7.2771926,-6.5671926,-7.487192,-6.7871923,-4.9371924,-5.5571923,-6.717192,-5.9571924,-5.177192,-4.3971925,-3.6371925,-4.237192,-4.5671926,-4.2271924,-4.0371923
3.5428076,2.4928076,2.5028076,1.6128076,4.1928077,6.822808,4.9228077,2.3628075,1.6828076,1.3928076,0.5228076,-0.027192382,-1.8371924,-1.2371924,-2.0671923,-2.7571924,-1.9871924,-2.6571925,-3.6071923,-3.7771924,-4.5171924,-4.157192,-5.1671925,-5.947192,-7.3171926,-7.7771926,-7.7671924,-8.547193,-8.787192,-8.997192,-9.887193,-9.697192,-9.137193,-9.317192,-10.927193,-9.507193,-9.997192,-10.177193,-9.6271925,-8.937192,-9.077192,-8.637193,-7.947192,-6.947192,-7.0271926,-7.8571925,-7.0271926,-6.5771923,-5.3871922,-5.197192,-5.0571923,-4.7971926,-4.427192,-4.4971924,-4.4371924,-4.4571924,-3.7571924
4.6428075,4.6328077,2.7828076,2.3028076,2.7528076,2.3828077,4.512808,1.8128076,1.7728076,1.5828077,1.5628076,-0.24719238,0.19280761,-1.2571924,-1.1771923,-1.6071924,-1.5171924,-1.5871924,-3.0171924,-2.1771924,-2.9871924,-2.7171924,-3.8971925,-3.4171925,-5.157192,-6.3771925,-5.907192,-7.3171926,-7.427192,-8.557193,-9.057193,-8.997192,-8.707192,-8.977192,-9.517193,-10.297193,-9.557193,-9.477192,-8.457192,-8.677193,-7.2271924,-8.497192,-8.187192,-7.7871923,-7.5071926,-7.5471926,-6.5471926,-7.2871923,-6.1671925,-5.217192,-5.1171923,-4.6471925,-2.9571924,-4.0871925,-4.5571923,-4.0271926,-2.4571924
6.1228075,5.4328074,4.7728076,3.7528076,3.8628075,2.6328077,2.3428075,4.3128076,3.5628076,3.5328076,1.8028076,0.98280764,0.3528076,0.7528076,-0.9971924,-0.40719238,-1.0271924,-1.0271924,-1.2371924,-0.23719238,-2.1771924,-2.3971925,-1.9971924,-2.3971925,-3.9471924,-5.6471925,-5.157192,-5.2671924,-6.3571925,-7.467192,-7.467192,-7.7671924,-8.157192,-7.3671923,-7.737192,-8.347193,-7.8071923,-8.287192,-9.057193,-7.7971926,-7.8871922,-6.6671925,-6.7271924,-7.2571926,-7.9771924,-6.427192,-6.0671926,-5.5071926,-5.2271924,-5.907192,-4.5371923,-4.9171925,-4.7271924,-4.3171926,-3.5171924,-2.0571923,-0.5571924
3.1928077,4.032808,4.6728077,4.9128075,4.6228075,4.2228074,3.2728076,4.0028076,4.4828076,4.2028074,4.5228076,3.8828077,1.7828076,1.9628077,-0.11719238,0.18280762,0.2628076,-0.097192384,-0.17719239,-1.0871924,-0.3071924,-1.3571924,-1.9271923,-3.6171923,-4.3471923,-3.0271924,-3.7871923,-4.927192,-5.4171925,-6.2671924,-6.1671925,-6.697192,-6.2571926,-6.3971925,-6.447192,-6.4771924,-6.5271926,-5.5871925,-7.2671924,-7.6271925,-6.5371923,-7.197192,-6.7871923,-6.7671924,-6.8271923,-6.6171923,-5.8671923,-5.2971926,-5.8071923,-5.7471924,-4.6371922,-3.4871924,-3.4571924,-4.1371922,-3.3471923,-2.7571924,-1.6971924
