json/gfs_20240724_12.json
{"header": { "discipline":0, "disciplineName":"Meteorological products", "gribEdition":2, "gribLength":79856, "center":7, "centerName":"US National Weather Service - NCEP(WMC)", "subcenter":0, "refTime":"2024-07-24T12:00:00.000Z", "significanceOfRT":1, "significanceOfRTName":"Start of forecast", "productStatus":0, "productStatusName":"Operational products", "productType":1, "productTypeName":"Forecast products", "productDefinitionTemplate":0, "productDefinitionTemplateName":"Analysis/forecast at horizontal level/layer at a point in time", "parameterCategory":2, "parameterCategoryName":"Momentum", "parameterNumber":3, "parameterNumberName":"V-component_of_wind", "parameterUnit":"m.s-1", "genProcessType":2, "genProcessTypeName":"Forecast", "forecastTime":0, "surface1Type":103, "surface1TypeName":"Specified height level above ground", "surface1Value":10.0, "surface2Type":255, "surface2TypeName":"Missing", "surface2Value":0.0, "gridDefinitionTemplate":0, "gridDefinitionTemplateName":"Latitude_Longitude", "numberPoints":65160, "shape":6, "shapeName":"Earth spherical with radius of 6,371,229.0 m", "gridUnits":"degrees", "resolution":48, "winds":"true", "scanMode":0, "nx":360, "ny":181, "basicAngle":0, "lo1":0.0, "la1":90.0, "lo2":359.0, "la2":-90.0, "dx":1.0, "dy":1.0 }, "data":
[rows 104 to 129 of 181, columns 59 to 117 of 360]
3.5846558,2.6546557,2.2346559,2.2046556,3.5046558,3.7746558,4.2046556,4.214656,4.404656,4.3546557,4.594656,5.024656,4.114656,4.7046556,5.3046556,5.1646557,6.1246557,6.2046556,6.464656,6.084656,6.3246555,6.8546557,6.754656,6.714656,6.1246557,6.7446556,6.734656,6.7046556,6.154656,6.5346556,6.524656,6.7046556,6.6646557,6.4946556,6.364656,6.1446557,6.884656,7.5346556,7.674656,9.184656,9.714656,9.784656,9.314655,7.654656,6.114656,4.084656,3.5246558,3.9246557,3.8146558,4.924656,5.3546557,4.564656,5.2446556,5.254656,5.5746555,5.634656,2.9746559,1.4646558,0.96465576
3.0846558,3.1846557,2.1446557,1.0346558,1.9146558,3.3646557,3.1846557,3.2946558,1.8846557,2.2646558,3.1246557,4.424656,4.594656,4.334656,4.344656,4.3046556,5.3546557,5.734656,6.024656,5.8746557,5.154656,5.754656,5.7446556,5.314656,5.4346557,5.044656,4.444656,5.2846556,5.714656,6.924656,7.7446556,7.8746557,6.904656,6.7046556,7.4146557,6.9146557,6.5746555,7.444656,8.184656,8.1146555,9.004656,9.434656,10.454656,10.224656,8.794656,5.7846556,3.2846558,2.9846559,3.8946557,5.444656,5.334656,4.794656,5.1646557,5.2846556,4.794656,5.1246557,4.564656,3.2046556,1.3846557
5.8546557,4.694656,2.3346558,1.1646558,2.0046558,2.7546558,3.6446557,3.2046556,3.6046557,3.5046558,4.364656,4.134656,4.274656,4.384656,3.8746557,3.8946557,4.404656,4.714656,4.234656,5.234656,5.3546557,4.7646556,5.404656,4.214656,4.714656,4.814656,5.794656,5.424656,6.174656,6.444656,7.084656,6.864656,6.8546557,7.864656,8.824656,8.264656,7.834656,8.044656,8.324656,8.644656,9.604656,9.834656,10.244656,10.894656,9.774655,9.1146555,6.364656,5.094656,6.214656,5.964656,5.7446556,5.544656,5.3246555,5.444656,4.7646556,4.274656,4.444656,4.794656,3.7346559
6.1846557,3.9746559,2.3646557,1.9646558,2.2246559,2.8146558,4.3246555,3.8646557,3.6546557,2.9246557,2.9946558,4.1446557,3.9146557,3.6046557,3.7246559,3.7446558,3.6346557,2.8746557,3.5946558,3.5646558,3.5446558,4.464656,5.134656,6.2846556,4.004656,4.734656,5.8746557,4.984656,5.944656,5.7846556,5.564656,5.084656,6.004656,6.344656,7.6246557,7.864656,7.2446556,7.6246557,8.034656,8.454656,9.104656,8.884656,9.794656,10.374656,10.444655,9.184656,8.744656,7.1446557,7.154656,7.084656,6.524656,6.674656,6.9946556,6.774656,7.404656,5.2646556,5.0346556,4.424656,4.344656
6.594656,5.6446557,3.2246559,2.5146558,2.0646558,1.9946557,3.2046556,2.9746559,3.4946558,3.7546558,3.7546558,3.2846558,3.1346557,3.2046556,2.9546556,3.8946557,3.1646557,3.1346557,3.2846558,3.1946557,3.4046557,3.3246558,3.9746559,4.964656,4.8746557,4.754656,4.964656,4.0346556,3.9446557,4.314656,5.444656,5.834656,6.6446557,7.1646557,7.504656,7.5346556,7.1646557,7.1246557,8.034656,7.944656,8.464656,9.254656,9.474656,10.304656,9.734655,10.284656,9.744656,9.684656,9.154655,8.314655,7.364656,6.444656,8.374656,7.5146556,7.694656,8.264656,7.344656,7.3046556,4.364656
5.1046557,5.7646556,3.6946557,1.9546558,1.5046557,1.4146558,1.9146558,1.8446558,1.8546557,1.2446557,2.0946558,1.4646558,3.1746557,3.2246559,2.8346558,3.0346558,3.1946557,3.7946558,2.5246558,2.2846558,1.5646558,2.5246558,2.7446558,4.024656,3.6446557,3.3546557,1.1946558,1.3146558,3.4846559,3.9346557,4.4346557,5.024656,5.5146556,5.714656,6.6046557,6.114656,6.424656,6.944656,7.5346556,6.504656,6.614656,7.9346557,7.8246555,9.024655,9.3646555,8.774655,9.344656,9.404655,9.064655,9.424656,7.904656,7.3746557,7.584656,8.494656,7.6046557,7.5146556,6.924656,5.2046556,4.064656
4.294656,4.794656,5.564656,1.2546557,0.78465575,0.91465575,1.4246558,1.4046558,-0.105344236,1.0946558,0.95465577,1.5146557,2.2146559,2.6546557,2.3446558,2.4146557,2.6446557,2.0446558,2.9646559,1.8546557,2.4946558,1.6546558,2.1846557,1.5546558,1.5546558,0.6346558,3.2446558,2.0946558,1.9146558,2.3046558,3.7646558,3.7346559,3.6646557,4.634656,5.194656,5.814656,6.964656,7.024656,7.524656,7.9746556,8.954656,8.194655,6.1846557,6.714656,7.964656,7.1446557,7.314656,7.404656,8.104656,7.384656,7.5546556,6.9346557,7.754656,8.994656,8.794656,9.744656,9.254656,8.484655,1.2446557
2.9746559,3.4946558,5.464656,0.36465576,-0.24534424,0.074655764,1.1946558,2.4646559,0.65465575,-0.105344236,0.32465577,0.85465574,1.8346558,2.0646558,4.3746557,0.44465578,3.4046557,2.6546557,1.4546558,0.8846558,1.2546557,1.0446558,1.1846558,0.91465575,-0.6153442,0.9346558,1.7046558,2.3046558,1.4146558,1.2246557,1.6946558,3.4546556,2.8546557,4.5146556,4.344656,5.314656,4.8946557,6.2246556,7.7446556,7.7846556,7.2646556,9.404655,8.194655,7.9146557,7.774656,8.334656,8.044656,7.1446557,8.584656,6.884656,7.254656,6.364656,7.7446556,7.984656,8.304656,9.034656,9.544656,7.864656,3.4146557
2.4246557,3.2246559,3.2846558,3.4246557,1.5346558,-0.19534424,0.024655761,0.60465574,-0.13534424,-0.32534423,-1.4653442,-0.8053442,0.024655761,1.2146558,2.4446557,2.6646557,1.7146558,1.7646557,3.0446558,1.6346557,1.1546558,1.1346557,0.42465577,0.18465576,3.1946557,0.89465576,0.5046558,0.19465576,0.95465577,1.0646558,1.8546557,2.5246558,2.8746557,3.2446558,4.8546557,3.8846557,4.9546556,5.214656,5.964656,6.274656,6.044656,7.4946556,7.8246555,8.384656,7.444656,7.5346556,7.384656,7.064656,5.984656,6.634656,6.814656,7.2646556,7.9146557,8.434656,8.994656,7.364656,6.544656,6.6846557,7.1246557
1.5046557,2.0046558,2.6946557,2.4046557,2.5946558,-0.17534424,-1.0153443,-0.045344237,0.52465576,0.47465575,-0.14534424,-2.4153442,-1.5153443,-0.38534424,1.1846558,0.5046558,1.1446557,0.86465573,1.2046558,2.5346558,1.5046557,0.97465575,0.11465576,0.11465576,1.9846557,0.53465575,0.26465577,0.5046558,1.8246558,1.7746558,1.3246558,1.7946558,2.3546557,2.9546556,3.2946558,4.0346556,5.3246555,5.334656,5.8246555,6.064656,6.344656,5.524656,6.734656,7.1646557,5.524656,5.3046556,5.544656,5.8246555,5.7846556,6.084656,5.3046556,5.834656,8.124656,8.704656,8.774655,6.134656,6.504656,5.1046557,5.4546556
1.8846557,0.6946558,1.6846558,1.9746557,1.8046558,1.3546557,1.1646558,-0.47534424,0.32465577,1.1146557,1.1646558,-1.9453442,-1.5753442,-0.44534424,-0.19534424,-0.14534424,-0.71534425,0.5746558,0.86465573,0.96465576,0.6846558,0.15465575,-0.015344238,-0.71534425,1.2846558,1.5546558,2.2846558,1.3046558,1.0146557,1.0546558,0.71465576,2.0546558,1.9746557,2.5846558,3.4146557,4.1246557,4.6646557,5.0346556,5.504656,5.944656,6.214656,6.5546556,7.2446556,7.544656,6.5546556,4.9546556,5.2246556,7.214656,3.7746558,5.484656,6.5546556,3.7546558,6.6446557,7.814656,8.634656,5.194656,5.6846557,5.9746556,5.964656
2.7746558,0.48465577,-0.09534424,-0.11534424,0.7546558,0.9446558,1.0346558,1.1546558,-1.8453442,-0.66534424,0.51465577,0.22465576,-0.6953442,-0.53534424,-1.2453443,-0.38534424,-0.13534424,-1.2953442,0.38465577,0.5546558,2.0646558,-0.36534423,-2.4753442,-1.5653442,0.52465576,0.22465576,2.0846558,1.2346557,1.5746558,2.0346558,1.2846558,1.5946558,1.6046557,1.7746558,2.7946558,2.7446558,3.3846557,4.504656,4.714656,4.5746555,4.8046556,5.634656,7.234656,7.8046556,7.904656,7.1846557,6.774656,6.9546556,7.2246556,6.334656,6.0346556,8.214656,7.654656,7.024656,7.4146557,3.7546558,4.254656,4.2846556,3.7146559
3.4846559,4.5546556,0.7546558,-0.97534424,-1.4953443,-0.60534424,-0.34534425,0.98465574,0.64465576,-1.7853442,-0.85534424,-0.29534423,-1.3153442,-0.6153442,-0.32534423,-1.0953442,-0.52534425,-1.6753442,-0.18534423,-0.6853442,1.9446558,-0.97534424,-1.0253443,-2.8353443,-2.0153441,0.7546558,0.49465576,1.4646558,1.1946558,1.7746558,1.7946558,1.8346558,1.5946558,2.6746557,2.7246559,2.3446558,3.3746557,2.9146557,3.3746557,4.734656,4.344656,6.1246557,5.614656,6.904656,7.6246557,8.164656,7.5146556,8.014656,6.834656,6.9146557,6.614656,6.444656,7.844656,7.154656,7.5346556,6.0146556,3.7846558,3.4446557,3.5046558
3.4446557,3.5446558,3.9746559,3.2246559,0.13465576,-1.7753443,-1.5653442,-0.51534426,-0.40534425,-1.3953443,-1.7953442,-1.0353442,-1.6253443,-2.0453444,-1.9853443,-1.0953442,0.79465574,-2.4353442,-2.0453444,-0.18534423,1.0146557,1.2746558,-1.1253443,-3.9453442,-3.6153443,-1.1853442,0.5546558,0.76465577,1.4746557,1.1246557,1.7746558,1.7846558,2.2946558,2.2246559,2.6146557,3.7446558,2.4146557,2.8246558,3.3446558,3.3946557,4.6246557,5.654656,5.114656,5.5546556,5.044656,5.924656,6.134656,5.544656,6.3046556,6.1446557,6.794656,6.8946557,7.1846557,7.8746557,4.8746557,4.674656,3.6846557,3.7946558,4.194656
1.4446558,2.0646558,2.2846558,2.2346559,2.4046557,1.3446558,-2.3153443,-2.5053442,-2.0853443,-1.2853442,-1.7553443,-1.5653442,-1.8953443,-2.8853443,-2.6453443,-1.9453442,-1.9553442,-0.6953442,-2.4753442,-1.7853442,-0.8653442,0.29465577,-0.5053442,-4.0853443,-4.345344,-6.0253444,-2.3553443,-0.41534424,1.2146558,1.0746558,0.09465576,2.9646559,1.5846558,2.3746557,2.3046558,2.0046558,3.2346559,2.7946558,3.1146557,3.7046556,4.4146557,4.6246557,4.674656,4.8546557,5.9146557,7.194656,6.064656,7.154656,7.0346556,7.2846556,5.9946556,5.8746557,6.964656,7.1846557,6.384656,3.4046557,3.5846558,3.4046557,3.4346557
1.7846558,0.20465577,0.024655761,1.0346558,1.4246558,1.1246557,1.1246557,-1.1753442,-2.2253442,-3.1653442,-2.9653442,-2.7953444,-2.3053443,-2.1753442,-3.4053442,-4.225344,-3.5953443,-2.5853443,-4.1053443,-2.8453443,-3.0953443,-0.60534424,-1.8853443,-2.0353441,-4.415344,-5.2753444,-6.745344,-5.0453444,-1.1853442,0.014655761,0.41465577,0.86465573,0.96465576,1.2346557,1.8846557,2.6046557,2.7046556,2.8446558,3.5946558,3.7046556,3.6946557,3.4846559,4.9346557,5.924656,4.884656,5.274656,5.2646556,5.984656,6.084656,6.3746557,6.114656,6.924656,6.3246555,6.564656,6.424656,6.734656,0.8246558,2.7046556,2.7046556
2.5446558,1.9046558,-0.34534425,-1.0753442,-0.89534426,0.39465576,0.25465575,-0.16534424,-0.27534425,-1.5953442,-2.8053443,-2.6653442,-2.1653442,-2.0353441,-3.2653441,-2.8853443,-3.7253442,-4.0653443,-3.7553442,-3.5453444,-3.1253443,-2.0653443,-2.7253442,-1.9953443,-0.45534423,-5.205344,-5.205344,-5.155344,-5.955344,-2.5253441,-1.3953443,-0.76534426,0.12465576,0.9346558,1.1246557,1.2546557,3.4546556,3.2946558,3.3146558,3.9546556,3.8746557,3.4246557,3.5746558,4.234656,4.2046556,3.7346559,4.314656,4.7646556,5.424656,5.484656,6.314656,6.4146557,6.094656,6.884656,6.6646557,6.8946557,4.214656,-0.075344235,0.24465576
2.2946558,2.2246559,2.3346558,1.2546557,-0.71534425,-1.8453442,-1.6553442,-0.84534425,-1.4153442,-1.9453442,-2.6653442,-3.1953442,-2.4753442,-2.5353441,-2.5753443,-3.3953443,-3.7453442,-5.185344,-4.2153444,-4.3753443,-4.805344,-3.3753443,-3.4353442,-2.8753443,-2.0753443,-3.9953442,-6.8153443,-5.975344,-4.785344,-4.975344,-3.6653442,-0.63534427,-1.0853442,0.08465576,0.86465573,0.8146558,1.9546558,1.8546557,2.1346557,2.8146558,2.7046556,3.3546557,3.7746558,3.6246557,4.004656,4.5146556,4.634656,4.8746557,5.674656,5.614656,5.3246555,5.6846557,5.734656,5.884656,6.674656,5.294656,3.8646557,-0.49534425,-1.0353442
4.2046556,2.8046558,2.0146558,2.3546557,1.0746558,0.51465577,-1.6053443,-3.1553442,-3.1353443,-2.5953443,-2.8653443,-3.3753443,-3.7353442,-3.9953442,-3.6953442,-3.3353443,-2.4553442,-4.765344,-5.3753443,-5.5853443,-5.1253443,-5.535344,-4.725344,-4.265344,-3.1253443,-3.7653441,-6.6453443,-7.685344,-6.2753444,-4.7953444,-3.3153443,-2.3453443,-0.83534425,0.074655764,1.0446558,0.6946558,1.6046557,1.5146557,1.4646558,1.8346558,3.0546558,3.3146558,3.3846557,3.3446558,3.6046557,4.114656,4.5746555,4.634656,5.0146556,5.384656,5.044656,5.1446557,5.274656,4.834656,5.0546556,4.3746557,4.864656,0.61465573,-1.3253442
3.0046558,3.2446558,1.2846558,0.92465574,1.0646558,1.5946558,0.8746558,-0.7553442,-3.6053443,-4.9253445,-4.2153444,-3.9853442,-4.185344,-4.2353444,-4.225344,-3.8053443,-3.7653441,-3.7553442,-4.6253443,-5.6453443,-5.885344,-5.865344,-5.955344,-5.915344,-5.3153443,-2.9453442,-3.7053442,-6.435344,-6.885344,-6.2353444,-5.165344,-4.865344,-1.4653442,-1.1953442,0.22465576,1.4446558,1.3146558,3.1146557,2.0346558,2.5746558,1.7846558,1.6146557,2.5746558,3.3946557,3.7746558,3.4546556,4.0146556,4.274656,5.024656,4.484656,4.114656,5.234656,5.0746555,4.9546556,4.8946557,5.0546556,4.584656,0.21465576,-1.4153442
4.594656,5.234656,2.6846557,0.36465576,0.16465576,-0.005344238,-0.005344238,0.17465577,-1.3153442,-3.9453442,-5.5253444,-4.905344,-4.655344,-4.7353444,-5.0853443,-5.405344,-4.5653443,-4.0853443,-4.1953444,-4.035344,-3.6553442,-4.3353443,-5.205344,-6.5453444,-6.2953444,-5.2953444,-4.055344,-3.4353442,-7.1953444,-6.7153444,-5.8153443,-4.265344,-4.1753445,-4.4453444,-2.0453444,-1.3753443,0.20465577,1.7546557,1.8546557,2.3746557,2.4046557,1.6646558,2.6946557,3.7746558,3.8746557,4.754656,3.6446557,3.5446558,4.314656,4.8246555,4.654656,5.1246557,4.4746556,4.4746556,4.154656,4.404656,3.6246557,-0.37534425,-1.4353442
5.944656,5.864656,5.594656,5.614656,4.714656,2.4546556,0.53465575,-0.58534425,-1.5753442,-1.6753442,-3.2753441,-6.365344,-6.725344,-6.415344,-6.265344,-5.8553443,-5.6953444,-5.1253443,-4.345344,-4.015344,-3.7853441,-3.9553442,-3.6353443,-4.225344,-7.265344,-7.745344,-6.8553443,-4.805344,-5.705344,-7.325344,-7.035344,-6.325344,-5.225344,-4.5653443,-3.8153443,-1.0853442,0.85465574,-0.13534424,0.35465577,-0.26534423,0.92465574,3.4546556,1.6946558,1.7046558,2.4346557,5.3246555,2.4346557,3.4246557,4.794656,5.064656,3.7846558,5.024656,4.364656,3.7646558,3.9846559,4.584656,5.2446556,4.4546556,1.0446558
6.094656,5.964656,6.8246555,6.3946557,5.904656,4.694656,2.6346557,1.1346557,-0.8053442,-2.0653443,-2.0853443,-3.4153442,-5.7553444,-7.885344,-7.885344,-7.345344,-7.1053443,-6.495344,-5.8153443,-5.115344,-4.245344,-3.5653443,-2.7653441,-3.0253441,-7.6453443,-7.1053443,-7.075344,-6.3353443,-4.865344,-4.1053443,-7.3953443,-7.305344,-6.4853444,-5.075344,-3.3853443,-1.4153442,1.3246558,-0.28534424,1.1046557,1.2046558,0.21465576,2.8646557,1.8546557,2.9546556,2.6346557,3.3646557,2.7246559,5.7046556,4.7646556,4.1046557,4.564656,3.6846557,3.7946558,3.5246558,4.5746555,4.274656,3.5546558,3.5146558,4.5546556
5.524656,5.544656,5.504656,5.634656,5.6846557,4.584656,5.084656,3.3846557,0.5646558,-0.70534426,-2.5753443,-3.7353442,-4.6953444,-5.615344,-8.915344,-8.905344,-8.465344,-7.7353444,-7.2353444,-6.6053443,-5.825344,-5.285344,-4.075344,-3.5753443,-4.7153444,-6.825344,-5.6953444,-6.535344,-7.475344,-6.115344,-4.1953444,-6.0253444,-6.325344,-6.9453444,-5.6053443,-3.6153443,-1.1853442,0.21465576,0.6246558,1.1846558,2.7146559,3.0546558,3.7846558,3.2946558,4.8046556,5.2446556,4.024656,5.1046557,3.5746558,3.9046557,3.6546557,4.084656,3.3046558,4.504656,4.7446556,4.044656,3.3546557,3.3746557,4.1846557
4.614656,4.8946557,5.6446557,6.8046556,6.484656,5.004656,4.094656,2.0746558,1.7246557,-0.53534424,-1.0353442,-3.2653441,-5.8353443,-6.4853444,-6.6253443,-9.245344,-9.155344,-8.725345,-8.185345,-7.5253444,-6.705344,-5.7353444,-4.595344,-4.1753445,-3.2453442,-4.8953443,-6.1453443,-5.2553444,-4.935344,-4.8353443,-4.6053443,-5.3753443,-5.5453444,-6.365344,-5.3953443,-5.845344,-4.6053443,-2.1353443,0.27465576,1.1946558,1.9346558,2.1946557,2.4346557,2.1246557,2.1046557,3.2046556,3.0246558,3.3646557,4.234656,3.3846557,3.6746557,2.6446557,2.4446557,2.0646558,1.3446558,1.3046558,0.6946558,1.5546558,4.214656
4.5746555,4.9546556,5.6246557,5.0746555,5.2446556,4.654656,5.524656,2.4946558,-0.41534424,-0.15534423,-1.3953443,-1.4053442,-3.7053442,-7.405344,-7.155344,-7.8953443,-9.565344,-9.095345,-8.215344,-7.575344,-7.0053444,-6.3753443,-5.635344,-4.685344,-4.2953444,-4.0653443,-4.7553444,-3.9353442,-3.6453443,-5.955344,-4.885344,-5.5653443,-5.6053443,-5.6253443,-6.415344,-6.015344,-5.935344,-4.075344,-1.6553442,0.67465574,2.0646558,3.4546556,3.6746557,2.8846557,2.7946558,3.4546556,3.0246558,3.6346557,2.6146557,2.6446557,2.3546557,2.1246557,2.1046557,1.9346558,1.6846558,0.58465576,-0.26534423,-0.89534426,0.83465576
