json/gfs_20240717_12.json
{"header": { "discipline":0, "disciplineName":"Meteorological products", "gribEdition":2, "gribLength":79852, "center":7, "centerName":"US National Weather Service - NCEP(WMC)", "subcenter":0, "refTime":"2024-07-17T12:00:00.000Z", "significanceOfRT":1, "significanceOfRTName":"Start of forecast", "productStatus":0, "productStatusName":"Operational products", "productType":1, "productTypeName":"Forecast products", "productDefinitionTemplate":0, "productDefinitionTemplateName":"Analysis/forecast at horizontal level/layer at a point in time", "parameterCategory":2, "parameterCategoryName":"Momentum", "parameterNumber":3, "parameterNumberName":"V-component_of_wind", "parameterUnit":"m.s-1", "genProcessType":2, "genProcessTypeName":"Forecast", "forecastTime":0, "surface1Type":103, "surface1TypeName":"Specified height level above ground", "surface1Value":10.0, "surface2Type":255, "surface2TypeName":"Missing", "surface2Value":0.0, "gridDefinitionTemplate":0, "gridDefinitionTemplateName":"Latitude_Longitude", "numberPoints":65160, "shape":6, "shapeName":"Earth spherical with radius of 6,371,229.0 m", "gridUnits":"degrees", "resolution":48, "winds":"true", "scanMode":0, "nx":360, "ny":181, "basicAngle":0, "lo1":0.0, "la1":90.0, "lo2":359.0, "la2":-90.0, "dx":1.0, "dy":1.0 }, "data":
[rows 130 to 155 of 181, columns 177 to 235 of 360]
-1.7666113,0.3333887,4.353389,6.043389,3.0433886,1.2333887,1.8833886,1.5433887,1.0233886,0.93338865,-1.5666113,-3.1866114,-3.9966114,-3.2466114,-4.0766115,-6.126611,-4.416611,-4.3366113,-1.9766114,-2.1366112,-1.6566113,-0.5366113,1.2933887,1.8933886,1.6033887,4.3633885,1.0133886,2.5033886,4.8033886,4.813389,5.3433886,5.6833887,7.003389,6.9933887,7.353389,5.7233887,8.283389,9.573389,9.8833885,10.233389,11.543388,12.053389,9.1333885,11.253388,12.523389,13.903389,-3.0166113,-6.726611,-9.206612,-9.806611,-8.786612,-8.676611,-10.056611,-13.926611,-14.906611,-14.496612,-12.926611,-15.466611,-14.3666115
-2.2566113,0.18338867,2.4533887,4.4933887,4.6733885,3.1533887,3.1133888,2.8933887,1.2533886,-0.5366113,-0.5966113,-1.4166113,-3.4566114,-3.2066114,-3.7966113,-3.6466112,-4.1766114,-3.0566113,-0.9266113,-0.94661134,-1.1666113,-0.30661133,2.2533886,1.7633886,0.5933887,4.1933885,0.99338865,1.7133887,2.5533886,3.1133888,4.0933886,4.583389,5.3433886,7.0133886,6.833389,7.5133886,5.293389,7.833389,9.103389,7.583389,10.063389,11.303389,10.073389,8.033389,10.3833885,11.503388,9.503388,-5.7166114,-6.226611,-8.406611,-8.996612,-9.166612,-9.236611,-9.466611,-11.976611,-15.196611,-13.126612,-13.086612,-14.156611
-2.7866113,-1.1566113,0.7133887,2.4133887,3.1733887,3.1733887,1.7333887,1.6033887,1.5833887,-0.34661132,-0.9766113,-1.3366113,-2.3666112,-2.3666112,-2.1366112,-1.6966113,-1.3766114,-0.5466113,-0.5366113,2.5033886,-1.9566113,-0.48661134,2.9833887,2.0133886,3.3433886,2.9933887,3.2733886,3.6633887,2.2233887,0.9633887,2.4933887,4.2433887,4.103389,4.2833886,6.8633885,7.273389,6.543389,6.5333886,7.1433887,7.373389,6.853389,8.813389,11.313389,8.653389,5.773389,7.773389,7.4433885,8.273389,0.43338868,-5.3466115,-9.936611,-8.806611,-9.416612,-10.196611,-10.876612,-11.396611,-12.026611,-10.8666115,-12.276611
-4.266611,-2.2366114,-1.1266114,0.25338867,1.2433887,2.2733886,2.5833886,0.80338866,-0.25661132,-1.1866113,-1.1666113,-1.0566113,-0.8566113,-1.4066113,-1.2766113,-1.0066113,-1.3666114,-0.5366113,-0.14661133,0.7233887,2.0133886,0.12338867,0.5833887,1.9533887,2.0733886,3.7433887,4.7433887,4.7833886,4.3933887,4.0533886,1.3633887,2.4333887,4.8433886,0.37338868,3.6333888,6.6733885,6.9933887,5.5333886,5.373389,5.7233887,5.0333886,6.273389,7.8033886,9.303389,6.3833885,3.2833886,4.123389,4.4333887,3.8033886,2.9333887,-1.6266114,-3.2166114,-5.8366113,-8.186611,-8.796612,-9.836612,-11.166612,-10.726611,-10.246612
-3.7466114,-3.2566113,-2.9166114,-1.6466113,-0.39661133,0.7133887,1.2933887,-0.51661134,-1.1066114,-2.1666114,-1.8866113,-2.3566113,-1.8666114,-1.8566114,-1.0566113,-0.93661135,0.81338865,2.9033887,3.6433887,2.8933887,0.043388672,-0.05661133,1.2033887,1.1133887,1.4533887,3.2333887,2.3733888,3.1433887,4.1833887,3.6333888,4.083389,2.8333886,2.5233886,3.8233886,0.55338866,2.8233886,4.083389,6.043389,4.9333887,4.0733886,4.0933886,2.8533888,5.003389,4.8233886,6.063389,4.523389,2.2433887,0.11338867,-1.2866113,-3.3666112,-2.4166114,-1.2566113,-4.516611,-5.6366115,-6.7566113,-7.5066113,-7.976611,-9.036612,-9.486611
-3.7466114,-3.4766114,-2.3166113,-1.9966114,-1.1766113,0.5233887,0.50338864,0.9533887,0.8833887,-0.026611328,-0.44661132,-0.50661135,-0.18661132,-0.026611328,1.2733886,1.8533887,2.6033888,3.4433887,2.1933887,4.063389,3.2733886,2.6233888,4.3233886,3.3933887,4.7633886,4.003389,4.2433887,4.2433887,5.1333885,6.8633885,3.2033887,3.4533887,1.9933887,1.1133887,2.2033887,4.0533886,1.8533887,3.2133887,4.503389,4.4633884,3.9233887,2.3733888,0.8333887,1.7033887,0.13338867,2.6433887,2.3733888,0.7633887,-0.40661132,-1.2966113,-2.5466113,-4.916611,-6.186611,-6.7366114,-6.5766115,-7.5866113,-8.166612,-9.036612,-9.266611
-5.3266115,-3.4266114,-3.1366112,-2.2766113,-1.6366113,-1.1766113,-0.18661132,1.2633886,1.3633887,1.1533886,1.3833886,1.1333886,0.75338864,1.3833886,2.4833887,2.9433887,2.8433886,3.9533887,4.353389,3.3633888,2.8433886,3.6233888,3.8833888,4.6433887,4.503389,5.4633884,4.4033885,4.043389,3.1533887,3.9933887,4.853389,5.2433887,4.623389,2.5933886,-0.28661132,1.1833887,3.9233887,3.2033887,4.6133885,2.8233886,4.1433887,2.2433887,1.4333887,-1.4566113,-0.43661132,-2.1766114,-1.3166113,1.2133887,-2.4566114,-2.1566114,-1.5866113,-3.2066114,-3.9266114,-5.146611,-5.746611,-6.8566113,-8.086612,-8.586612,-8.706612
-4.0666113,-3.5266113,-2.9566114,-2.0666113,-1.4466113,-0.83661133,-1.0166113,1.3633887,2.1333888,2.5133886,1.8433887,0.9533887,3.0033886,3.1933887,3.2533886,3.0833886,3.9333887,5.0133886,5.063389,3.9033887,4.583389,4.5333886,4.9633884,5.1533885,5.313389,6.273389,5.4933887,4.9233885,3.9933887,4.8233886,4.7633886,5.083389,4.7233887,4.9933887,3.8133886,0.9433887,2.6733887,3.1633887,5.4733887,3.3133886,0.31338868,2.5733886,1.6233886,-0.18661132,-1.8466114,-2.5466113,-4.1766114,-3.4366114,-3.6166112,-2.6566114,-4.5066113,-4.186611,-3.6166112,-3.5166113,-4.3066115,-4.2766113,-4.9066114,-7.0266113,-7.5466113
-0.50661135,-1.2666113,-1.5566113,-1.3866113,0.09338867,0.25338867,0.003388672,0.61338866,0.9533887,0.5933887,1.5433887,1.7033887,2.1133888,2.9533887,3.3733888,4.733389,4.0133886,3.1133888,4.083389,4.6733885,5.273389,4.523389,4.2433887,5.9233885,4.3233886,4.9733887,4.813389,4.7433887,5.0333886,5.9133887,4.5533886,6.003389,5.3833885,4.5333886,3.4533887,2.4833887,2.0833886,2.7933886,3.2833886,3.8433886,4.2833886,-0.05661133,-0.58661133,1.1033887,0.55338866,-1.2266114,-3.1066113,-4.5266113,-5.5266113,-5.0766115,-5.3166113,-5.416611,-6.3166113,-6.226611,-6.186611,-5.9666114,-6.706611,-6.0866113,-6.9866114
-0.19661133,-0.44661132,-0.06661133,0.043388672,-0.20661134,-0.05661133,-0.7966113,0.98338866,0.74338865,1.2333887,1.8033887,2.3233886,1.8533887,2.6333888,4.3633885,5.2033887,4.7233887,5.3033886,4.563389,3.3633888,3.6633887,3.9433887,4.333389,4.4633884,4.563389,4.373389,3.8633888,3.5933886,3.1133888,4.4033885,5.1133885,4.2633886,4.543389,4.793389,4.3033886,5.1133885,3.5833886,3.9933887,2.6733887,1.7633886,2.5433886,2.5333886,1.6433886,-0.18661132,-0.40661132,-0.27661133,-1.4366113,-2.5566113,-4.4866114,-4.876611,-5.876611,-6.5866113,-6.206611,-6.2966113,-6.5766115,-6.7566113,-7.3866115,-7.0066113,-6.5366116
-0.5466113,-0.6766113,-0.30661133,-0.08661133,-0.38661134,-0.69661134,-0.026611328,0.42338866,0.87338865,1.2933887,1.0833887,2.0033886,1.6933887,2.5733886,3.1433887,3.6033888,4.1433887,4.2033887,3.6433887,2.3633888,2.7633886,2.9533887,4.083389,4.5733886,4.233389,4.083389,4.4333887,5.1333885,5.1733885,4.0333886,3.4633887,2.9233887,2.7333887,3.6833887,3.8333886,3.7033887,4.023389,3.9533887,4.273389,4.733389,4.9933887,5.253389,1.4733887,1.2733886,1.2033887,1.4133887,-0.076611325,-2.3666112,-1.8866113,-2.7466114,-3.8466113,-5.3166113,-5.8266115,-6.2766113,-7.0866113,-7.896611,-7.3566113,-7.3566113,-7.766611
-0.37661132,-0.30661133,0.23338868,1.0333886,0.27338868,0.49338868,0.86338866,0.7133887,0.75338864,1.7433887,2.4433887,2.6933887,3.0333886,4.4433885,2.6733887,3.4333887,3.5433886,2.5433886,2.0333886,2.2633886,1.6733887,1.7533886,2.5433886,2.5333886,3.7133887,4.0533886,3.7333887,3.5833886,3.5933886,3.4733887,3.4533887,3.3633888,3.1633887,2.8333886,2.7433887,3.1333888,3.3333886,3.2033887,3.2933886,3.0833886,3.7633886,4.1433887,3.7933886,4.4133887,3.5233886,4.523389,1.3533887,-1.2366114,-1.4866114,-0.6766113,-1.8866113,-3.7966113,-4.3266115,-3.9866114,-5.1166115,-6.3266115,-7.1366115,-7.5866113,-7.8066115
1.4733887,1.6233886,1.9233887,1.8133887,1.7233887,1.9033886,2.2333887,2.4433887,2.4333887,1.8833886,1.6233886,2.1333888,2.1533887,2.3733888,3.3933887,3.6733887,2.2033887,1.7033887,1.1133887,1.1933887,1.2533886,1.7533886,1.4333887,2.2233887,2.6133888,3.3233886,3.3133886,3.1533887,3.5533886,3.2233887,2.4333887,3.4333887,2.4833887,2.9933887,3.7733886,4.1133885,4.333389,3.6233888,4.4933887,4.293389,4.3633885,4.623389,4.5133886,4.8033886,3.8333886,4.6933885,6.2433887,4.6433887,3.4433887,4.2033887,5.543389,2.2133887,-1.7466114,-2.6966114,-2.4966114,-2.2966113,-3.7966113,-5.726611,-6.5066113
2.3433886,2.5733886,2.7033887,2.8233886,2.8933887,2.5733886,2.1433887,2.0233886,2.8633888,2.4333887,2.6933887,2.9533887,4.003389,3.9933887,3.1333888,1.8233887,1.1033887,1.2433887,0.8833887,1.0833887,0.87338865,0.7733887,1.2833886,1.6433886,2.0333886,1.2533886,2.1933887,1.6533886,1.9433887,0.5933887,1.4233887,1.8033887,2.6533887,2.2733886,2.3833888,2.1433887,3.1533887,3.6433887,3.8733888,3.7933886,4.3633885,4.4133887,4.5933886,4.0133886,4.3633885,4.233389,4.2033887,3.8433886,3.5433886,4.023389,3.2833886,3.6133888,3.6633887,3.4333887,3.4733887,5.7133884,1.4433887,-0.9866113,-2.9666114
2.7333887,2.4633887,2.2333887,1.8433887,2.0833886,3.6933887,3.4033887,3.5133886,3.3533888,3.5433886,2.6933887,2.5433886,1.6833887,1.4833887,1.1433886,2.2733886,1.3933886,0.9633887,0.85338867,1.5733887,1.1533886,-0.38661134,-0.20661134,0.36338866,0.21338867,0.62338865,0.61338866,0.44338867,0.043388672,0.5733887,0.34338868,0.31338868,0.74338865,1.0733887,1.5133886,2.0733886,3.1033888,3.7233887,3.6333888,3.9433887,3.9633887,4.1733885,4.5733886,4.3633885,4.2133884,4.0133886,4.043389,3.7033887,3.5833886,3.2433887,2.6633887,3.2533886,2.9433887,3.0733886,2.9933887,2.3733888,2.5433886,1.2133887,2.1633887
1.8233887,2.1733887,2.9233887,3.1033888,3.0633886,3.4333887,2.8733888,2.9833887,2.9233887,2.9033887,3.1733887,2.7133887,2.6033888,2.0733886,1.1533886,0.6433887,0.103388675,-1.0066113,-0.49661133,-1.4366113,-1.0966114,-0.09661133,-0.32661134,-0.12661132,-0.5266113,-1.7966113,0.30338868,-0.26661134,-0.16661133,-0.05661133,0.17338867,-0.30661133,0.36338866,0.5733887,1.5233886,1.3533887,1.9433887,2.4933887,3.3533888,3.8533888,4.1733885,5.0133886,5.293389,4.9633884,4.543389,4.0933886,4.7833886,5.083389,4.6833887,3.9833887,4.1533885,3.4633887,2.8533888,2.3433886,2.0133886,1.8733886,1.4033886,1.1533886,1.6433886
0.9533887,1.0833887,1.3633887,1.5333886,1.5933887,1.7033887,1.4633887,1.4633887,1.6233886,1.5333886,1.6533886,1.8133887,1.4433887,1.3233887,1.0533887,1.0633887,0.5833887,-0.15661132,-0.63661134,-1.9666114,-2.0666113,-2.9266114,-3.4366114,-2.4666114,-3.1166112,-1.7266114,-1.9866114,-1.8666114,-1.7566113,-1.6766113,-0.7366113,-0.99661136,-1.0366113,-0.13661133,0.5133887,0.8933887,1.2533886,1.7633886,2.6033888,3.2633886,3.7133887,4.3433886,4.8833885,5.023389,5.293389,5.3933887,5.1433887,4.853389,4.8633885,4.8433886,4.7233887,4.4133887,4.4633884,4.373389,4.023389,3.9333887,3.5233886,2.7933886,2.4333887
1.3333887,0.93338865,1.3933886,2.2433887,3.4433887,3.4233887,3.3033886,3.0833886,2.8333886,3.0133886,2.9433887,3.0733886,2.8133886,2.2433887,1.8433887,1.0533887,1.0733887,-0.50661135,-0.7866113,-2.2466114,-2.7166114,-3.2866113,-3.8366113,-4.8166113,-6.7366114,-3.3866112,-3.3666112,-3.2866113,-2.2066114,-1.4966114,-1.1466113,-0.9266113,-0.4166113,-0.30661133,0.35338867,0.32338867,0.9633887,1.9233887,1.9833887,2.4733887,2.7033887,3.7633886,4.4133887,4.813389,4.9033885,5.1733885,4.9033885,5.273389,4.9633884,5.023389,4.6533885,4.373389,4.003389,4.1733885,3.8833888,3.1833887,2.8133886,2.3233886,1.7333887
2.5633886,3.0133886,3.5333886,4.2833886,4.7633886,5.333389,5.623389,4.8833885,4.1833887,4.373389,4.3433886,3.6933887,2.5133886,1.5133886,0.8333887,1.2333887,0.38338867,-0.6766113,-1.7766113,-2.5166113,-2.6866114,-3.6166112,-4.726611,-4.726611,-7.7766113,-4.2966113,-4.6366115,-3.7866113,-2.6766114,-1.3766114,-1.0466113,-0.48661134,-0.36661133,-0.046611328,0.07338867,0.73338866,1.3333887,1.7633886,2.6733887,2.6233888,3.1533887,3.8933887,4.3233886,4.9233885,5.103389,4.6733885,4.983389,4.733389,4.1433887,4.313389,4.353389,3.8133886,3.6533887,4.123389,4.0333886,3.9233887,3.3533888,3.0633886,3.0333886
4.1833887,5.0133886,5.3833885,5.2833886,5.1833887,5.6733885,5.603389,5.7633886,5.853389,5.7633886,5.6733885,5.503389,5.0333886,4.5533886,2.6833887,2.6333888,0.5333887,1.3733886,-1.8966113,-2.1666114,-3.7666113,-3.8466113,-6.436611,-7.0366116,-8.606611,-5.5466113,-5.1166115,-5.0966115,-4.436611,-2.9066114,-1.6866113,-0.6766113,-0.34661132,-0.10661133,1.1833887,1.9433887,2.6233888,2.8333886,2.7433887,3.4833887,4.0533886,4.7133884,4.833389,4.983389,4.8033886,4.9433885,5.083389,3.9833887,4.753389,4.5733886,4.5933886,4.0533886,3.6433887,3.3733888,3.6133888,3.5033886,3.7033887,3.2233887,2.4433887
3.4233887,3.5533886,4.0733886,4.503389,5.273389,5.6533885,5.9933887,6.483389,7.0933886,6.9633884,7.1733885,7.8633885,8.183389,7.1133885,4.7233887,5.0733886,2.8733888,3.7333887,0.32338867,-0.40661132,-2.6866114,-1.8766114,-6.7866116,-9.626612,-10.336612,-7.186611,-4.7166114,-5.1766114,-4.706611,-3.3866112,-2.8466113,-3.3166113,-2.0566113,-0.6066113,1.8533887,3.9233887,5.123389,5.8433886,6.083389,5.9033885,6.1133885,5.6533885,5.273389,5.1633887,5.023389,4.8433886,4.3933887,4.2433887,4.4733887,3.9033887,3.8633888,3.9733887,3.8333886,3.4433887,3.2533886,2.9333887,2.6133888,2.6633887,2.7733886
4.1133885,4.5333886,4.983389,5.4633884,5.5533886,5.5933886,6.1633887,7.1433887,7.4533887,6.7033887,6.4933887,6.5133886,7.563389,8.913388,7.543389,7.1633887,5.7833886,5.6833887,3.6233888,0.5133887,-1.1666113,-1.9566113,-3.0566113,-11.396611,-10.206612,-7.376611,-5.9666114,-4.5266113,-3.0666113,-4.1166115,-4.5966115,-3.2266114,-0.87661135,1.4133887,2.7433887,3.9633887,3.6633887,3.8933887,5.7833886,6.4133887,7.353389,6.733389,6.0133886,6.3933887,5.4033885,4.1733885,4.003389,4.313389,3.9333887,3.4533887,3.3033886,3.3833888,3.5133886,3.3533888,3.1533887,2.7633886,2.8033886,2.2633886,2.1433887
3.8833888,3.6733887,4.3933887,5.6433887,5.4433885,6.9133887,7.983389,8.543388,7.4733887,7.3233886,6.3633885,9.023389,9.363389,8.6733885,8.353389,8.753388,5.8933887,6.103389,5.483389,2.8133886,-0.4166113,-4.706611,-9.206612,-8.026611,-4.8666115,-3.0866113,-1.4166113,-6.2766113,-6.5466113,-4.726611,-2.8066113,-2.3466113,-1.1066114,-0.14661133,1.8133887,4.253389,5.5933886,6.063389,6.003389,7.2033887,6.873389,5.4633884,5.1333885,5.7433887,5.503389,4.9433885,4.7633886,4.623389,4.5933886,3.8333886,4.2633886,3.6233888,3.1233888,2.5533886,2.5533886,2.6633887,2.8733888,2.3433886,2.2233887
3.6733887,5.6933885,4.8433886,6.2433887,4.873389,7.4633884,8.353389,7.503389,6.5133886,5.773389,8.053389,8.313389,9.213388,8.313389,9.463388,8.203388,6.4933887,6.1533885,-4.146611,-3.6066113,-1.5066113,-1.3166113,-0.7966113,-0.76661134,-2.6666114,-4.4666114,-5.4466114,-4.0466113,-3.1966114,-2.4066114,-1.3466114,-0.32661134,1.0933887,1.7833886,2.7833886,3.1533887,1.8933886,2.9033887,5.5133886,6.103389,6.9333887,6.8033886,6.623389,5.6333885,6.0533886,6.2833886,5.2633886,5.0333886,4.853389,4.103389,3.6533887,3.5733886,3.2033887,2.7133887,2.2933886,2.5133886,2.5933886,2.9533887,3.3133886
3.3433886,5.4333887,5.8633885,4.6933885,5.3633885,6.6633887,6.4533887,4.523389,5.733389,5.0333886,5.4233885,5.4433885,6.0933886,6.0133886,5.9333887,6.9933887,7.043389,3.5533886,3.4933887,2.8633888,1.4333887,0.30338868,-1.0966114,-1.3466114,-1.0866113,-1.2166114,-1.7366114,-2.1966114,-2.1866114,-2.2066114,-2.0166113,-2.1166112,-1.3866113,-0.56661135,0.043388672,0.45338866,0.60338867,1.0833887,2.2133887,3.1233888,4.5133886,6.003389,6.4333887,5.7633886,4.853389,4.6833887,5.6733885,5.583389,4.773389,3.5533886,3.9833887,4.6433887,2.3533888,3.6233888,4.5733886,3.6333888,2.6833887,4.023389,4.1333885
2.4033887,2.8033886,3.8833888,3.9133887,4.753389,4.9333887,3.5733886,2.5233886,1.9833887,0.37338868,1.6033887,2.3433886,2.5033886,2.6533887,2.9933887,3.3233886,3.2833886,2.8933887,2.2633886,2.1733887,2.3033886,2.0133886,1.0933887,-0.12661132,-0.88661134,-1.4766114,-1.7466114,-1.9066113,-2.0266113,-1.9266113,-1.5266113,-1.1266114,-0.89661133,-0.9766113,-0.57661134,0.18338867,0.67338866,1.3133887,1.9133887,2.4133887,2.4333887,3.6333888,2.8533888,4.7833886,4.873389,2.9533887,2.8233886,5.9333887,6.5133886,5.9533887,5.063389,3.6633887,1.7833886,3.5133886,5.483389,4.2233887,6.5333886,6.733389,6.5933886
