json/gfs_20240725_06.json
{"header": { "discipline":0, "disciplineName":"Meteorological products", "gribEdition":2, "gribLength":79426, "center":7, "centerName":"US National Weather Service - NCEP(WMC)", "subcenter":0, "refTime":"2024-07-25T06:00:00.000Z", "significanceOfRT":1, "significanceOfRTName":"Start of forecast", "productStatus":0, "productStatusName":"Operational products", "productType":1, "productTypeName":"Forecast products", "productDefinitionTemplate":0, "productDefinitionTemplateName":"Analysis/forecast at horizontal level/layer at a point in time", "parameterCategory":2, "parameterCategoryName":"Momentum", "parameterNumber":3, "parameterNumberName":"V-component_of_wind", "parameterUnit":"m.s-1", "genProcessType":2, "genProcessTypeName":"Forecast", "forecastTime":0, "surface1Type":103, "surface1TypeName":"Specified height level above ground", "surface1Value":10.0, "surface2Type":255, "surface2TypeName":"Missing", "surface2Value":0.0, "gridDefinitionTemplate":0, "gridDefinitionTemplateName":"Latitude_Longitude", "numberPoints":65160, "shape":6, "shapeName":"Earth spherical with radius of 6,371,229.0 m", "gridUnits":"degrees", "resolution":48, "winds":"true", "scanMode":0, "nx":360, "ny":181, "basicAngle":0, "lo1":0.0, "la1":90.0, "lo2":359.0, "la2":-90.0, "dx":1.0, "dy":1.0 }, "data":
[rows 26 to 51 of 181, columns 174 to 231 of 360]
3.3276148,1.0176147,0.87761474,1.6076148,2.9676147,3.1776147,3.4976149,3.7076147,2.2176147,0.28761473,1.2576147,1.8476148,1.6576147,1.9976147,3.4876146,3.2976148,2.9176147,2.6476147,2.2276146,1.9476148,0.81761473,-1.1223853,-2.0623853,-2.6023853,-1.9923853,-0.092385255,0.43761474,-0.53238523,0.84761477,0.87761474,1.0276147,0.007614746,1.7676147,0.92761475,0.87761474,0.80761474,0.047614746,1.7776147,3.1076148,-0.31238526,2.0976148,-1.3523853,-2.1023853,-2.0623853,0.25761473,0.90761477,-0.95238525,-0.47238526,-1.2623852,-2.2023852,-1.3823853,0.90761477,-1.2323853,1.1876148,0.54761475,-1.7023853,1.7876147,0.47761476
4.167615,3.3876147,1.9776148,3.6176147,1.7476147,0.68761474,5.247615,3.1876147,2.8776147,3.1076148,3.1876147,2.4976149,2.4776146,1.9976147,1.5576148,1.8476148,1.7776147,3.7076147,3.7276146,1.4676148,0.53761476,-0.062385254,-1.1523852,-1.6823852,0.60761476,0.41761476,1.7276148,2.2176147,2.1076148,1.4676148,1.7176148,3.0576148,4.517615,2.0976148,1.1776147,-1.6223853,3.0676148,1.6076148,2.2576149,1.1076148,0.86761475,1.1376147,0.56761473,1.8676147,0.37761474,-0.062385254,2.4476147,1.3876147,0.057614747,0.25761473,-0.42238525,0.047614746,-1.0723853,-0.21238525,1.3876147,0.027614746,-2.4223852,1.0076147
2.4576147,1.8376148,1.1476147,1.4876148,1.7576147,2.2176147,2.1576147,2.5376148,3.2376146,3.4876146,3.8276148,4.227615,3.7376146,3.2176147,3.4276147,3.4676147,3.6376147,3.5176148,2.6376147,1.1076148,1.2676147,-1.3323853,-0.65238523,0.73761475,2.5376148,2.1876147,5.497615,3.5276148,2.3576148,3.0376148,-0.012385254,2.5876148,0.68761474,0.14761475,-0.6023853,1.0776148,2.6976147,1.1476147,1.0376147,0.87761474,2.8476148,2.4476147,0.40761474,3.0976148,2.0076149,-0.42238525,0.28761473,1.2176148,1.2976147,1.2376148,-0.07238525,-1.4023852,-2.0523853,1.9976147,-0.49238527,-2.2023852,1.5576148,1.1976148
-0.17238526,-0.21238525,0.21761474,0.43761474,0.80761474,1.0776148,1.8276148,2.5876148,2.6576147,2.7776148,3.1976147,3.6676147,3.7976148,3.7876148,3.8976147,3.7476149,3.1976147,2.6976147,2.6676147,2.7476149,2.4776146,2.0276148,0.73761475,0.90761477,1.3476148,5.1076145,2.8676147,-1.1223853,0.22761475,3.5876148,4.517615,4.917615,0.8876147,2.0676148,1.3476148,3.8976147,-0.87238526,-1.1923852,1.7276148,0.8276147,1.6376147,1.9376148,1.4276147,2.4276147,3.1476147,0.37761474,-0.70238525,0.9476147,-0.17238526,0.12761475,1.0576148,1.7376148,1.1976148,1.3576148,0.92761475,1.5976148,1.9976147,0.66761476
-2.2823853,-1.9023852,-1.6123853,-1.1223853,-0.19238526,0.96761477,1.8276148,2.4176147,3.0076149,3.5876148,3.9676147,3.8876147,4.017615,4.187615,4.557615,4.2776146,3.6776147,3.1476147,2.7276146,2.3976147,2.3576148,3.6076148,2.2176147,2.6176147,2.8476148,2.0876148,-1.5823853,1.2576147,3.9076147,4.247615,2.8976147,2.3776147,1.2176148,-0.26238525,7.1576147,1.7276148,-1.2923852,0.8376148,4.6076145,2.8276148,3.0076149,1.6276147,0.61761475,0.81761473,-1.4423852,-1.6623852,-0.56238526,-2.1523852,2.5176148,2.9976149,3.7176147,4.6076145,0.73761475,1.4776148,1.8976147,0.44761476,0.99761474,1.3576148
-3.2323852,-2.4523852,-2.0123854,-1.0723853,0.017614746,1.7476147,2.3976147,2.6376147,3.6376147,3.5276148,4.0476146,4.557615,5.147615,4.997615,4.4476147,4.2976146,4.2776146,3.6576147,3.1176147,1.8976147,2.2076147,2.3276148,1.8976147,1.4776148,0.14761475,-0.21238525,3.2376146,2.6576147,5.247615,4.5676146,2.2576149,0.117614746,-0.16238526,6.1176147,4.1776147,2.6776147,4.767615,4.537615,3.6176147,3.4076147,3.3776147,2.6476147,1.4276147,-0.08238526,-0.52238524,-1.3823853,-2.1623852,1.3776147,0.35761476,-0.5523853,0.007614746,1.2776147,2.2576149,2.2976148,1.9576148,2.6476147,1.8376148,2.7876148
-3.5823853,-2.7323852,-2.4423852,-1.3223853,-0.42238525,0.68761474,1.6676147,2.3676147,2.9776146,3.4076147,3.8976147,4.557615,5.207615,5.497615,4.877615,4.7576146,4.287615,2.9076147,3.3776147,3.1876147,3.1876147,2.1776147,1.8676147,1.1376147,0.41761476,0.8976147,1.0076147,1.2076148,1.6576147,0.56761473,1.5476147,2.6376147,3.0676148,0.23761475,3.6076148,5.537615,4.8876147,4.097615,4.437615,4.147615,3.6276147,3.2276146,2.5276148,1.3376148,-0.022385255,-1.3423853,-1.8323853,-1.8423853,-1.5623852,1.4976147,0.41761476,2.4976149,0.46761474,1.2776147,1.8776147,0.81761473,0.90761477,-0.092385255
-3.8123853,-3.1023853,-2.8123853,-2.0423853,-1.4323852,-0.43238527,1.8276148,3.2076147,3.9176147,4.207615,3.8876147,4.9276147,5.8176146,6.417615,6.437615,5.3376145,4.3376145,2.8176148,4.667615,3.6976147,2.2576149,1.4576148,1.8076148,0.7776148,-0.30238524,0.7076147,-0.23238525,-1.5023853,0.8376148,1.2376148,5.097615,3.4676147,-0.002385254,6.057615,4.5476146,3.6076148,3.1576147,3.1776147,3.3176148,3.6576147,4.077615,3.8576148,3.7976148,2.5676148,1.0276147,-0.62238526,-2.3123853,-2.4723852,-3.0123854,-2.1423852,1.0076147,0.47761476,-0.14238526,0.14761475,-1.5223852,-1.5623852,-0.62238526,-1.6723852
-3.9823852,-3.5523853,-3.1123853,-3.0123854,-2.5123854,0.14761475,3.4976149,4.8176146,5.077615,4.3376145,4.597615,4.417615,4.9476147,6.5276146,6.647615,5.667615,4.537615,3.9976149,3.4176147,2.8776147,2.0176148,1.5576148,3.1276147,0.17761475,3.6376147,-0.46238527,2.4176147,2.1076148,5.2776146,4.2576146,3.9176147,3.6676147,3.0776148,2.5076149,2.0576148,2.1476147,1.7476147,2.6676147,3.3276148,3.2476149,3.5276148,3.0176148,4.0476146,3.2076147,2.1276147,0.117614746,-1.6123853,-3.0223854,-3.8623853,-3.5523853,-1.4423852,0.14761475,0.60761476,0.35761476,0.17761475,-1.4423852,-1.4223852,-1.7323853
-3.2623854,-2.3823853,-1.5123852,-1.1823852,-0.052385256,1.4876148,3.9176147,4.537615,5.4276147,4.877615,4.437615,4.5476146,3.9076147,5.017615,5.8576145,5.577615,4.807615,2.6076148,3.2876148,2.5376148,2.7576149,-0.48238525,-0.9723852,4.687615,1.3776147,3.4376147,3.4676147,3.3076148,4.0076146,4.4676147,4.3876147,4.0076146,3.4576147,2.6176147,2.1576147,1.9076147,1.6676147,2.4276147,3.0576148,3.3476148,3.0676148,3.4176147,2.7176147,4.1776147,2.8276148,1.4776148,-0.6723853,-2.4923851,-3.6023853,-4.042385,-3.1623852,-2.3023853,-0.7923853,-0.6123853,-0.34238526,1.5376147,1.4176147,-0.64238524
-0.9723852,-0.33238524,0.15761475,0.98761475,2.3476148,2.6376147,3.0376148,3.9876146,4.7576146,3.9876146,4.1976147,4.707615,3.6176147,4.2976146,4.6776147,5.1576147,4.3376145,1.6176147,3.3776147,-0.47238526,3.0776148,2.6176147,3.5776148,3.0176148,3.6276147,3.8576148,4.4076147,5.3176146,5.647615,5.437615,5.167615,5.037615,4.6076145,3.8476148,3.1876147,2.8676147,2.5776148,2.5576148,3.0176148,3.3476148,3.0376148,2.7076147,2.3676147,1.7876147,3.3976147,1.9376148,0.047614746,-1.4823853,-3.4323852,-4.232385,-4.5123854,-4.1123853,-2.1423852,1.6376147,-1.2123853,-3.7923853,-0.8023853,0.5176147
-1.5623852,-0.24238525,0.46761474,0.74761474,0.8876147,1.3676147,2.7576149,3.5776148,4.4876146,4.1076145,5.0076146,4.1076145,4.557615,1.5476147,3.2376146,4.4076147,4.6376147,4.347615,1.5476147,1.5876148,1.4776148,1.2676147,2.9676147,4.497615,6.3676147,6.517615,6.827615,6.5076146,7.227615,7.3876147,6.5876145,6.1376147,5.4476147,4.1976147,4.097615,3.8776147,3.3476148,3.1576147,3.2176147,2.9276147,2.6576147,1.8176148,1.6376147,0.7076147,1.3076148,2.9076147,0.8876147,-0.63238525,-1.8823853,-3.5523853,-4.622385,-4.2023854,-2.5923853,-2.5323853,0.97761476,-4.082385,-5.042385,0.5276148
-0.29238525,0.017614746,0.74761474,1.0976148,1.2376148,1.3976147,2.8776147,3.5676148,4.227615,3.3976147,2.9276147,4.1976147,3.2076147,3.5276148,3.4776146,3.3976147,3.0876148,2.0176148,0.37761474,-0.59238523,0.9476147,2.7576149,5.897615,7.2376146,7.057615,7.3176146,7.377615,7.5076146,6.5876145,6.3576145,6.9676147,6.5276146,6.0876145,5.307615,5.327615,4.9076147,4.1976147,3.1576147,2.4876146,0.90761477,0.5176147,-0.32238525,1.2576147,-0.23238525,0.17761475,2.0976148,1.8276148,0.007614746,-1.6923852,-3.0223854,-4.022385,-4.5123854,-4.082385,-4.5723853,-4.8423853,-3.9423852,-4.4723854,-3.3523853
1.4676148,1.7976147,2.1776147,2.0776148,1.9276147,2.1376147,2.7276146,2.5776148,2.3976147,2.7076147,2.7776148,3.1276147,3.2876148,2.0676148,2.3376148,1.6976148,0.67761475,-0.16238526,-2.1923852,-1.4223852,1.8076148,4.707615,7.4276147,8.987615,9.407615,7.877615,7.5676146,7.5276146,7.397615,6.7976146,5.557615,5.557615,5.377615,5.1376147,4.287615,3.6976147,3.6776147,2.7876148,2.2076147,1.1576147,1.0376147,0.38761476,-0.07238525,-0.90238523,-0.93238527,0.037614748,2.4676147,0.49761474,-1.2523853,-2.6623852,-3.3123853,-3.7023852,-4.502385,-4.712385,-5.4523854,-6.4323854,-6.1123853,-4.3023853
2.7276146,3.5976148,3.3176148,3.1976147,2.8176148,2.2176147,2.2876148,2.2976148,2.6476147,2.6476147,3.1776147,2.8876147,3.2276146,2.4476147,1.3876147,-0.07238525,0.5176147,-1.2523853,-1.9623853,-1.6523852,2.6576147,6.247615,9.557614,11.6076145,13.247615,9.937614,9.387615,8.727614,8.197615,7.7376146,7.037615,6.827615,5.377615,3.7176147,2.5676148,2.5876148,1.5876148,1.1476147,0.047614746,0.73761475,0.50761473,0.20761475,-0.69238526,-1.1523852,-2.0523853,-1.9323852,-0.90238523,0.92761475,-0.74238527,-1.7423853,-2.5423853,-3.4823852,-3.9323852,-4.522385,-5.3923855,-5.4723854,-5.152385,-5.7823853
3.3876147,4.2976146,4.3376145,3.9676147,3.5076149,3.4176147,3.2076147,3.0576148,3.4876146,3.8176148,3.6676147,2.7876148,2.3776147,1.5976148,0.7076147,-0.24238525,-0.45238525,-2.2223852,-2.9623852,0.14761475,3.1676147,6.707615,11.237615,14.057614,13.167615,11.237615,9.207615,8.337615,8.407615,7.847615,6.847615,5.5076146,4.787615,4.787615,4.187615,3.4376147,2.0176148,1.4276147,1.4876148,-0.82238525,-1.8423853,-1.4123852,-1.4023852,-2.3723853,-2.7423851,-3.3323853,-2.7323852,-0.42238525,-0.59238523,-1.2723852,-1.6423852,-2.6123853,-3.1923852,-3.7623854,-4.9123855,-5.712385,-5.3823853,-5.962385
5.627615,5.517615,5.597615,5.707615,5.0076146,4.207615,3.7876148,3.4276147,3.4176147,3.2176147,3.3276148,2.5176148,1.1876148,0.24761474,0.06761475,0.72761476,-0.002385254,-1.2623852,-0.6723853,1.7476147,4.0276146,8.457615,11.737615,14.377615,14.017614,10.247615,9.577615,8.917615,8.327615,7.647615,7.017615,6.3576145,5.807615,4.877615,4.167615,3.3976147,3.0176148,2.1976147,0.92761475,0.31761473,-0.26238525,-1.3723853,-1.5223852,-2.3223853,-3.3023853,-4.082385,-4.1823854,-3.1323853,-1.3223853,-0.96238524,-1.4423852,-2.0723853,-2.7323852,-4.172385,-5.2623854,-5.192385,-4.732385,-5.5523853
9.017614,8.067615,6.267615,5.3676147,5.187615,4.097615,4.1076145,3.7176147,3.7476149,2.3176148,2.4576147,3.0576148,2.6476147,1.6476147,1.8176148,0.71761477,-0.20238525,-1.0823853,0.66761476,3.2776148,6.5476146,8.887615,12.487615,14.797615,12.137615,10.267614,8.867615,9.287615,8.597614,7.247615,6.747615,5.807615,5.3176146,4.687615,3.7976148,3.1976147,2.3676147,1.7476147,0.91761476,-0.032385252,-1.0623852,-2.1523852,-2.3223853,-2.5323853,-2.8623853,-3.6023853,-4.422385,-4.062385,-4.212385,-3.0223854,-0.96238524,-1.6323853,-2.4723852,-3.2923853,-4.5723853,-4.832385,-5.8023853,-5.6323853
8.537615,7.8876147,6.397615,5.097615,4.397615,5.097615,4.1776147,3.2776148,3.1976147,2.7376146,2.4376147,2.7976148,2.7876148,2.3776147,1.5376147,0.8976147,-0.64238524,0.17761475,3.0976148,4.517615,7.2776146,10.617615,13.597614,14.3976145,12.187614,9.527615,9.347614,8.817615,7.647615,7.1076145,6.2776146,5.2376146,5.127615,4.747615,3.9176147,2.6676147,1.8576148,0.90761477,0.79761475,0.20761475,-0.53238523,-1.1423852,-1.6523852,-2.6423852,-2.8223853,-3.5623853,-3.5723853,-3.8923852,-4.212385,-5.062385,-3.4723852,-0.31238526,-1.2723852,-2.2723854,-3.5123854,-4.812385,-5.8023853,-6.212385
6.9676147,5.997615,5.3876147,4.5676146,4.597615,3.8676147,2.8676147,3.4376147,3.0976148,2.1976147,2.1476147,1.2776147,0.93761474,0.8876147,0.6976147,-0.53238523,-1.1323853,2.8976147,3.7476149,6.8876147,9.367615,12.677615,12.497615,11.587615,8.3976145,8.967615,8.457615,7.7376146,6.8876147,5.977615,4.847615,5.5876145,5.807615,5.267615,4.227615,2.6576147,1.8876147,0.85761476,0.75761473,0.26761475,-0.062385254,-0.7223852,-1.5423852,-1.9223852,-2.8123853,-3.4723852,-3.8423853,-4.352385,-4.4123855,-4.982385,-4.462385,-2.0423853,0.21761474,-2.4223852,-3.5023851,-4.962385,-5.8423853,-5.8923855
4.9076147,4.8676147,3.9776146,3.3076148,3.0276148,3.4676147,3.4676147,3.9676147,3.8076148,2.7476149,1.0676148,0.10761475,0.86761475,1.8176148,1.2576147,1.0476147,1.2476147,4.977615,8.6476145,10.597614,12.057614,10.377615,10.117615,7.8376145,7.127615,7.497615,7.437615,6.7176147,6.207615,4.7176147,5.5076146,5.8676147,6.2176147,5.267615,3.8376148,2.6576147,0.66761476,-0.22238526,-0.042385254,-0.83238524,-1.5923853,-2.0323853,-2.1223853,-2.8923852,-3.3223853,-4.2223854,-4.8423853,-4.9523854,-5.152385,-5.462385,-5.1323853,-1.3923852,-0.5423853,-2.9823852,-4.1323853,-5.502385,-6.622385,-7.0523853
3.1376147,2.9076147,2.7876148,1.9676148,1.9376148,2.4676147,3.2476149,2.9976149,3.7976148,3.2276146,2.3976147,1.6976148,1.7876147,1.6276147,1.6176147,3.3976147,4.5876145,7.247615,9.967615,10.797615,8.447615,10.247615,7.937615,7.2176147,7.8376145,6.9476147,6.6776147,6.2176147,5.4076147,4.307615,5.597615,5.9676147,5.827615,5.1076145,4.267615,3.2776148,1.4876148,-0.28238526,-1.1723852,-1.7723852,-2.3423853,-2.8923852,-2.8723853,-3.4923851,-4.6423855,-5.5123854,-5.2823853,-4.8223853,-5.5123854,-4.982385,-3.6723852,-2.0723853,-2.8423853,-5.312385,-5.622385,-6.442385,-8.002385,-8.302385
0.37761474,0.18761474,1.2376148,1.8176148,1.9276147,2.1276147,2.6976147,2.0876148,2.4476147,2.5076149,2.5276148,2.9576147,2.0776148,2.1176147,2.6976147,4.8676147,7.8176146,11.727614,10.477614,9.677615,7.2576146,8.217615,8.547615,7.207615,6.5076146,7.127615,6.747615,6.0676146,4.7376146,4.537615,5.7576146,5.5876145,5.4276147,4.747615,3.6476147,2.9976149,2.0576148,0.72761476,-1.0123852,-1.6623852,-2.2923853,-2.8823853,-3.3923852,-5.022385,-5.8823853,-6.5723853,-6.7423854,-6.6323853,-6.3023853,-5.3023853,-4.812385,-4.732385,-4.4123855,-6.192385,-7.3423853,-7.5723853,-8.262385,-8.942386
-3.7723854,-1.0423852,1.1676147,1.2176148,1.1976148,1.5476147,0.74761474,2.1676147,3.1076148,3.2976148,3.5076149,2.7876148,2.6076148,3.1376147,4.7176147,8.447615,10.087615,10.207615,9.637615,10.367615,8.017614,7.6376147,6.647615,6.2176147,5.147615,6.3676147,5.8676147,5.457615,5.4276147,4.9876146,4.787615,5.6076145,5.0076146,4.3676147,3.1976147,2.4176147,0.48761475,-0.052385256,-1.0323852,-2.1523852,-2.7223852,-3.3523853,-4.232385,-5.542385,-6.5123854,-7.1623855,-7.372385,-7.4923854,-7.1623855,-7.192385,-7.1323853,-6.212385,-7.252385,-7.582385,-8.242385,-8.712385,-8.732386,-9.042385
-3.2423851,-1.4623853,0.68761474,1.8476148,2.1476147,0.96761477,1.4176147,4.647615,5.997615,7.2976146,6.1376147,5.2976146,4.6776147,6.8176146,9.427615,9.997615,9.027615,8.727614,7.5076146,7.577615,7.207615,6.557615,5.497615,5.267615,6.0276146,6.2376146,5.6376147,5.1176147,4.5476146,4.437615,4.8176146,4.917615,4.557615,3.8576148,2.8476148,1.4376148,0.98761475,-0.35238525,-1.6223853,-2.6523852,-2.8323853,-3.5423853,-4.6623855,-5.9123855,-6.692385,-7.5123854,-7.4723854,-7.752385,-8.332385,-8.482386,-7.042385,-6.6123853,-7.9523854,-8.562386,-9.082385,-9.272386,-10.152386,-9.6423855
-1.7023853,-0.50238526,0.49761474,2.0976148,2.3176148,2.7876148,4.0676146,5.3376145,7.307615,7.5076146,6.417615,6.327615,6.667615,10.437614,10.247615,8.927615,8.287615,7.6076145,7.417615,7.4676147,6.7776146,6.827615,5.787615,5.6976147,5.3676147,4.957615,4.1976147,3.8276148,3.5276148,4.3376145,4.807615,4.4876146,3.3676147,2.8376148,1.9676148,1.3276148,0.35761476,-0.94238526,-1.3923852,-3.1723852,-3.7223852,-4.7423854,-5.792385,-6.292385,-6.9523854,-7.272385,-7.3623853,-7.5323853,-7.562385,-7.812385,-7.0323853,-8.322385,-8.652386,-8.422385,-9.572385,-10.032385,-9.802385,-9.862385
