json/gfs_20240723_18.json
{"header": { "discipline":0, "disciplineName":"Meteorological products", "gribEdition":2, "gribLength":80131, "center":7, "centerName":"US National Weather Service - NCEP(WMC)", "subcenter":0, "refTime":"2024-07-23T18:00:00.000Z", "significanceOfRT":1, "significanceOfRTName":"Start of forecast", "productStatus":0, "productStatusName":"Operational products", "productType":1, "productTypeName":"Forecast products", "productDefinitionTemplate":0, "productDefinitionTemplateName":"Analysis/forecast at horizontal level/layer at a point in time", "parameterCategory":2, "parameterCategoryName":"Momentum", "parameterNumber":3, "parameterNumberName":"V-component_of_wind", "parameterUnit":"m.s-1", "genProcessType":2, "genProcessTypeName":"Forecast", "forecastTime":0, "surface1Type":103, "surface1TypeName":"Specified height level above ground", "surface1Value":10.0, "surface2Type":255, "surface2TypeName":"Missing", "surface2Value":0.0, "gridDefinitionTemplate":0, "gridDefinitionTemplateName":"Latitude_Longitude", "numberPoints":65160, "shape":6, "shapeName":"Earth spherical with radius of 6,371,229.0 m", "gridUnits":"degrees", "resolution":48, "winds":"true", "scanMode":0, "nx":360, "ny":181, "basicAngle":0, "lo1":0.0, "la1":90.0, "lo2":359.0, "la2":-90.0, "dx":1.0, "dy":1.0 }, "data":
[rows 52 to 77 of 181, columns 118 to 176 of 360]
3.069424,4.699424,7.449424,5.179424,5.539424,6.1494236,5.059424,2.1794238,0.39942384,0.6894238,1.3294238,3.1594238,6.679424,5.079424,6.0094237,5.269424,5.469424,2.6494238,2.079424,8.369424,5.409424,5.5294237,1.0994239,0.38942382,3.0294237,4.159424,4.059424,3.9094238,4.229424,3.829424,3.2794237,3.7694237,2.6094239,2.3594239,1.5994239,1.2794238,2.8794239,1.3694239,0.13942383,1.0894238,-0.18057618,-1.0205761,1.6894238,2.319424,1.7794238,2.4794238,2.289424,1.9094238,3.3994238,5.7594237,7.0694237,4.709424,3.6194239,1.5394238,-0.47057617,-0.74057615,-0.14057617,0.6794238,-0.09057617
1.6194239,3.2794237,1.8694239,1.7794238,2.4594238,4.769424,6.0294237,4.5294237,5.2794237,1.3194238,0.37942383,0.13942383,7.269424,3.0294237,2.4894238,4.8194237,6.059424,8.859424,6.679424,1.4794239,2.9394238,1.0194238,-1.5805762,1.8794239,4.679424,7.5094237,6.8394237,3.9694238,4.919424,3.6994238,2.6594238,2.4894238,1.8894238,2.829424,2.8694239,2.2394238,2.1594238,1.5994239,1.4394238,-0.030576171,-0.54057616,0.41942382,3.049424,2.9994237,2.2194238,3.0294237,2.839424,3.6194239,4.2994237,6.1294236,7.079424,6.449424,5.639424,4.6294236,2.9794238,2.059424,1.3994238,1.7994238,2.9794238
1.0094239,1.8994238,1.9494238,4.419424,6.119424,6.0894237,6.099424,5.3394237,5.8594236,0.95942384,0.88942385,0.31942382,2.2694237,2.079424,4.849424,5.749424,4.729424,3.3794239,1.7994238,0.25942382,1.7994238,1.3194238,0.58942384,4.809424,7.189424,6.789424,5.2794237,4.1494236,3.1894238,2.549424,2.3694239,2.1494238,1.8494239,2.589424,3.1594238,2.9094238,0.77942383,0.63942385,0.81942385,-0.39057618,0.75942385,1.8694239,2.1194239,2.6294239,3.3794239,3.8794239,4.039424,4.7994237,5.349424,6.949424,7.889424,6.349424,5.229424,4.2994237,3.7794237,3.5294237,3.2694237,6.659424,3.2494237
0.059423827,-0.66057616,5.249424,7.3394237,7.5694237,6.0694237,5.7594237,5.0494237,4.679424,0.58942384,2.0294237,0.58942384,4.439424,6.119424,3.7694237,1.5194238,0.10942383,1.4594238,1.8894238,0.38942382,-1.3505762,0.5994238,3.6994238,7.3194237,6.389424,6.119424,4.749424,3.799424,2.3894238,2.069424,1.9494238,1.7994238,2.049424,2.4694238,3.809424,1.5994239,-0.6405762,-0.04057617,-0.34057617,0.37942383,2.4694238,3.569424,4.599424,4.849424,4.3994236,4.889424,5.479424,6.1294236,6.8394237,7.059424,6.409424,5.119424,4.3194237,4.159424,3.7494237,3.6094239,3.5194237,2.4094238,-1.1105762
2.5194237,3.0194237,3.2094238,6.789424,6.8394237,7.0094237,5.539424,5.5894237,5.999424,4.099424,4.079424,5.659424,4.669424,0.50942385,-0.41057616,1.2394239,2.3794239,5.1494236,-0.79057616,7.099424,4.999424,5.139424,4.929424,5.0694237,5.119424,4.469424,3.9594238,2.6694238,1.3294238,0.64942384,0.18942383,0.39942384,1.2394239,3.6194239,1.9894239,-0.38057616,-1.5705762,-1.7705761,-0.98057616,2.569424,4.189424,5.169424,5.409424,5.289424,5.689424,5.719424,5.539424,5.619424,6.019424,5.199424,4.229424,4.169424,3.9594238,3.799424,4.0894237,3.9394238,3.6994238,2.9594238,2.789424
1.8194238,1.6894238,2.2694237,5.1494236,5.5294237,6.0694237,4.929424,5.829424,5.439424,5.619424,6.5294237,7.169424,2.3994238,0.30942383,1.8594239,-0.61057615,2.2694237,3.559424,3.2694237,4.059424,4.1294236,4.579424,4.479424,4.8394237,4.0294237,3.1194239,2.4694238,1.3694239,0.51942384,-0.09057617,-0.18057618,0.51942384,0.9194238,2.6594238,0.77942383,-1.1105762,-2.210576,-4.250576,0.069423825,6.3394237,5.7394238,6.1294236,5.889424,5.439424,5.559424,5.269424,4.499424,5.5294237,3.8594239,3.7694237,3.569424,3.7194238,3.349424,2.4894238,2.809424,2.9294238,2.8794239,2.559424,2.7494237
0.6594238,0.41942382,1.3794239,3.099424,5.939424,4.539424,4.659424,6.3394237,7.869424,8.679424,7.5094237,6.559424,4.449424,-0.49057618,5.229424,6.139424,5.2994237,6.0294237,5.4894238,5.1494236,5.199424,4.619424,3.0194237,3.9494238,2.2394238,1.6494238,1.3194238,1.2294239,0.63942385,0.029423827,0.14942382,0.11942383,-0.60057616,0.76942384,0.039423827,-0.7605762,-1.7105762,-0.73057616,3.839424,4.7394238,5.849424,5.5694237,5.369424,5.749424,5.269424,5.209424,4.8594236,3.9694238,3.349424,3.4294238,3.4194238,2.1294239,1.3394238,2.9594238,3.049424,2.7094238,2.339424,1.9294238,1.7494239
0.9394238,1.3294238,2.2694237,4.449424,7.8794236,7.7394238,8.319424,7.639424,6.679424,7.1494236,7.3594236,7.439424,6.499424,5.7794237,6.2394238,6.139424,5.139424,5.909424,5.7994237,4.709424,4.5694237,3.8894238,2.6794238,2.9194238,0.099423826,1.7394239,0.5494238,0.44942382,-0.080576174,-0.23057617,-1.2305762,-2.0105762,-2.1405761,-0.5805762,-0.49057618,-1.3505762,-0.92057616,-1.0405762,1.9694238,4.729424,4.8994236,5.419424,5.729424,5.679424,5.439424,5.349424,4.949424,4.3194237,3.799424,4.729424,2.7794237,3.4494238,3.9594238,3.069424,2.2594237,1.5894238,0.9194238,1.3094238,1.4594238
0.059423827,0.46942383,1.5494238,1.4894239,7.5294237,6.929424,5.809424,6.1294236,7.5894237,7.919424,7.409424,8.319424,8.219424,6.669424,6.3594236,6.979424,6.289424,5.809424,5.949424,5.5094237,3.9594238,3.9494238,3.2094238,1.7994238,0.8594238,-0.12057617,-0.24057618,0.36942384,-0.60057616,-1.4805762,-1.3905761,-2.0605762,-0.7105762,0.70942384,0.19942383,-1.5405762,-0.33057618,1.8094238,4.5494237,5.499424,5.639424,5.519424,5.4894238,4.6094236,5.409424,5.0294237,4.9894238,3.849424,3.1294239,3.1394238,3.7094238,3.6694238,3.1794238,2.3894238,1.5994239,1.2894238,0.9394238,1.1994238,1.7694238
0.9894238,-1.0005761,1.2594239,0.9094238,3.289424,3.569424,5.479424,6.199424,8.009424,8.339424,7.919424,7.1494236,8.149424,8.069424,7.849424,7.419424,7.619424,6.5694237,5.809424,5.579424,5.209424,4.789424,3.339424,2.4794238,1.9594238,0.49942383,-0.06057617,-0.17057617,-0.49057618,-0.13057618,-1.1105762,-1.6405761,-0.48057616,0.52942383,0.88942385,1.1594238,2.4894238,3.1694238,4.869424,5.969424,4.559424,5.289424,5.059424,5.1094236,5.169424,4.949424,4.2594237,3.4794238,3.4394238,3.339424,3.079424,2.2094238,2.4394238,2.6294239,1.7794238,2.049424,0.81942385,0.64942384,0.38942382
2.2194238,-0.39057618,0.58942384,-3.1205761,0.48942384,3.1894238,4.159424,5.059424,6.2994237,8.2294235,9.049424,8.389423,7.8794236,7.999424,7.9894238,7.409424,7.439424,6.479424,5.3194237,5.3994236,4.889424,4.689424,3.789424,3.3594239,1.5894238,0.31942382,0.8594238,0.019423828,-0.16057616,-0.04057617,0.49942383,-0.15057617,0.35942382,1.5494238,1.0094239,1.1794238,2.5094237,3.8594239,4.5694237,3.9194238,4.9894238,5.119424,4.999424,4.729424,4.229424,3.6794238,3.569424,3.5094237,3.1194239,3.2294238,2.5294237,1.7294239,1.7694238,1.3494239,0.6894238,1.0894238,0.26942384,-0.5105762,1.4994239
0.11942383,-0.54057616,-1.6905762,-5.330576,-1.4705762,-1.3105762,0.22942382,4.979424,7.409424,8.009424,8.529424,9.419424,8.669424,8.389423,7.5294237,7.679424,7.119424,6.729424,6.309424,6.639424,5.949424,5.3794236,4.6294236,3.6994238,3.3694239,1.6394238,1.0494238,0.34942383,0.45942384,0.31942382,0.33942384,0.28942382,-0.06057617,0.47942382,1.7594239,2.4194238,3.579424,2.3994238,3.1894238,2.809424,4.219424,4.7394238,4.849424,4.179424,3.809424,3.3994238,3.2194238,3.4494238,2.7694237,2.2494237,1.9194238,1.8794239,0.95942384,0.7394238,0.6594238,0.57942384,-0.5605762,-1.9605762,2.4694238
-0.30057618,-1.3005762,-9.600576,-5.9905763,-6.3705764,-1.6605762,2.6194239,5.349424,8.119424,9.569424,10.089424,9.279424,8.889423,9.2294235,8.639423,7.3394237,7.579424,6.7594237,7.0094237,7.309424,6.5494237,5.5294237,4.3394237,3.6194239,2.809424,1.3694239,0.6094238,1.1594238,1.0794238,1.5794238,1.1094239,0.5594238,1.4194238,2.3894238,2.5294237,2.579424,2.6894238,2.7794237,1.1094239,1.8994238,3.9994237,4.369424,4.3994236,3.6094239,2.8794239,2.319424,1.9194238,2.7694237,2.1894238,1.7394239,1.6394238,1.6894238,0.37942383,0.58942384,0.19942383,0.23942383,-0.8205762,-1.0605762,0.8594238
-1.5305762,-9.390576,-11.690577,-6.480576,-7.610576,-5.590576,-0.7505762,5.389424,10.939424,12.389423,10.839424,11.209424,9.779424,10.349423,9.719424,9.059423,8.0194235,7.1294236,7.809424,8.079424,6.929424,6.039424,4.139424,2.789424,2.2194238,2.2394238,1.6994238,0.82942384,0.6894238,0.64942384,1.0394238,1.1394238,1.4894239,1.4194238,1.3794239,2.0094237,1.3494239,1.1894238,1.4194238,3.4794238,4.159424,3.6294239,3.4194238,3.079424,2.1294239,1.4494238,2.059424,2.099424,1.4794239,1.3394238,0.69942385,0.8094238,-0.43057618,0.81942385,0.6094238,-0.39057618,-1.3005762,0.7494238,0.77942383
-3.150576,-14.220576,-5.9705763,-0.5905762,-17.630577,-11.930576,0.7894238,9.539424,13.589424,14.699424,14.069424,12.2294235,11.209424,11.149424,10.629424,9.129424,8.639423,8.449424,8.039424,7.2394238,6.409424,5.139424,3.6494238,2.2094238,1.3994238,1.9194238,1.6994238,1.1894238,0.77942383,0.89942384,0.35942382,0.39942384,0.26942384,-0.09057617,0.35942382,1.3694239,0.44942382,0.41942382,1.7694238,2.049424,2.2594237,2.6694238,2.6794238,1.8894238,1.7194238,1.5494238,2.099424,1.3294238,1.7094238,1.9394238,1.1994238,0.24942383,0.38942382,0.13942383,-0.91057616,-1.3505762,-0.8305762,0.059423827,0.38942382
-6.030576,-15.700576,4.8594236,-0.9005762,-18.290577,-22.340576,4.919424,23.589424,18.599424,16.569424,14.319424,13.239424,12.369424,11.249424,11.179424,9.719424,8.049424,7.809424,7.3394237,6.5094237,4.919424,3.059424,2.6794238,1.8094238,1.4094238,0.6794238,0.20942383,1.3594239,0.89942384,-0.19057617,-0.60057616,-1.3605762,-0.8805762,-0.030576171,0.10942383,0.48942384,-0.06057617,1.0894238,0.88942385,1.2194238,0.70942384,1.5394238,1.9294238,1.2494239,0.69942385,0.9794238,0.70942384,1.1094239,0.41942382,0.059423827,0.04942383,-0.22057617,0.2994238,-1.3905761,-1.1505761,-1.4305762,-1.4605762,-1.3505762,-0.9505762
-5.080576,-7.030576,-5.3505764,4.309424,-2.9905763,-10.430576,18.949425,24.459423,23.439425,17.829424,15.839424,14.489424,12.7294235,11.389423,10.629424,9.859424,8.859424,8.069424,7.439424,5.7594237,4.219424,3.0094237,1.2894238,0.9794238,0.32942382,-0.48057616,0.07942383,-0.050576173,0.39942384,-1.0405762,-1.8705761,-2.0705762,-0.8405762,-0.10057617,0.07942383,0.029423827,0.15942383,0.04942383,-0.36057618,-0.010576172,0.50942385,0.77942383,1.1994238,0.70942384,0.36942384,0.21942383,0.39942384,0.57942384,0.13942383,-1.1705762,-1.1705762,0.069423825,0.08942383,-0.7605762,-1.1705762,-1.6005762,-2.6105762,-0.48057616,-0.55057615
-0.72057617,-1.2205762,-0.5105762,-2.0805762,-5.040576,-0.28057617,10.619424,21.449425,20.799423,17.479424,13.779424,14.789424,13.659424,11.619424,10.359424,9.849423,9.109424,8.209424,7.249424,5.369424,3.9094238,1.8294238,0.77942383,0.41942382,-0.8105762,-0.72057617,-1.3605762,-0.7105762,-1.3205762,-2.6005762,-2.7405763,-1.1105762,-0.14057617,1.0594238,0.9994238,0.43942383,0.40942383,-0.92057616,-0.62057614,0.24942383,1.2794238,1.5794238,0.38942382,0.17942382,-0.29057616,0.26942384,0.6594238,0.5594238,-0.09057617,-0.44057617,0.15942383,0.099423826,-0.110576175,-0.31057617,-1.5105761,-1.9605762,-0.97057617,-0.49057618,-0.5805762
1.0494238,1.2994238,1.9094238,2.309424,3.2494237,4.909424,13.2294235,20.639423,17.489424,15.7294235,13.709424,14.129424,13.259424,11.509424,9.549424,9.179424,8.299424,8.2694235,6.8994236,5.6094236,4.2994237,1.8594239,-0.48057616,-1.7205762,-1.9205762,-1.1205761,-1.2005762,-1.1405761,-2.6205761,-2.200576,-1.9705762,-1.2505761,0.6594238,1.4394238,0.52942383,0.37942383,-0.43057618,-0.4505762,-0.14057617,1.3194238,1.6094239,0.82942384,1.0894238,-0.5905762,-0.30057618,0.2994238,0.26942384,-0.07057617,0.019423828,-0.8905762,0.13942383,0.07942383,-1.2505761,-0.93057615,-1.4805762,-1.0305762,-1.7605761,-0.66057616,-1.1405761
1.5194238,2.4994237,4.6494236,7.999424,7.0094237,9.389423,13.609424,14.819424,13.119424,14.109424,12.969424,13.819424,12.439424,10.589424,9.409424,8.969424,8.789424,7.709424,7.3394237,5.969424,3.569424,0.9994238,-1.1305761,-2.9705763,-4.000576,-1.4705762,-1.7405761,-2.0205762,-2.2505763,-2.9805763,-3.190576,0.6694238,1.9394238,1.8294238,1.2294239,0.009423828,0.069423825,-1.2905762,-0.110576175,0.7294238,0.6694238,0.45942384,0.27942383,-0.66057616,-0.21057618,-0.16057616,0.019423828,-0.30057618,-0.46057618,-1.0605762,-0.72057617,-1.1105762,-1.4505762,-0.5005762,-2.0005763,-1.5005761,-1.6205761,-1.6805762,-1.3805761
3.0094237,2.839424,4.2794237,0.30942383,0.46942383,11.779424,12.039424,12.2694235,11.699424,12.719424,10.499424,12.369424,10.789424,9.7294235,8.789424,8.439424,8.329424,6.749424,6.169424,5.169424,4.199424,1.8094238,-0.87057614,-3.410576,-4.230576,-2.8405762,-1.8405762,-2.700576,-2.3405762,-2.2705762,-1.2605761,1.5994239,1.8194238,1.7694238,0.35942382,-0.5705762,-0.55057615,-1.2505761,-0.050576173,0.6094238,0.25942382,0.44942382,-0.17057617,-0.5605762,-0.80057615,-0.32057616,-0.7005762,-0.54057616,-0.8405762,-1.0305762,-2.3905761,-2.5405762,-2.460576,-1.3105762,-1.6805762,-0.86057615,-1.9505762,-1.3605762,-2.1105762
4.519424,5.659424,6.709424,-0.7005762,3.1594238,8.559423,11.339424,10.069424,12.609424,13.199424,12.809423,11.9794235,9.569424,10.399424,7.249424,8.489424,7.5894237,6.439424,4.669424,3.4194238,1.6694238,1.8594239,0.20942383,-1.6605762,-1.7505761,-1.2605761,-0.6305762,-1.7705761,-1.2305762,-1.1705762,0.12942383,2.4594238,0.89942384,0.9394238,0.36942384,-0.25057617,-1.2705761,-0.9605762,-1.2905762,-0.14057617,0.13942383,0.33942384,-0.8205762,-0.5105762,0.30942383,0.32942382,-0.35057616,-1.8605762,-1.5505762,-1.9805762,-2.5205762,-1.7005762,-0.85057616,-1.5705762,-0.41057616,-1.2305762,-2.0005763,-2.650576,-1.2305762
6.389424,5.0294237,5.439424,2.1594238,5.939424,10.139423,10.649424,11.899424,12.609424,13.839424,12.709424,11.849423,10.659424,5.979424,3.9794238,5.7994237,6.949424,5.219424,3.6694238,2.4194238,1.3294238,0.50942385,-0.06057617,-1.2405761,-1.4505762,-1.7405761,-1.7305762,-1.0205761,-1.3005762,-0.39057618,0.83942384,0.82942384,1.5194238,0.70942384,-0.38057616,-1.2405761,-1.3605762,-1.7505761,-0.34057617,0.5394238,0.52942383,1.0594238,0.18942383,-0.98057616,-0.26057616,0.44942382,0.22942382,-1.2405761,-2.0605762,-1.8005762,-1.6905762,-0.7605762,-1.2205762,-1.6905762,-1.0305762,-2.1405761,-1.4005761,-1.0605762,-0.33057618
6.949424,6.019424,6.039424,1.9494238,3.4594238,9.869424,9.199424,12.099423,11.7694235,12.289424,12.499424,10.7294235,9.819424,10.199424,3.7394238,3.789424,4.7994237,4.6294236,3.1994238,0.83942384,1.0794238,0.50942385,-0.40057617,-0.85057616,-1.1005762,-0.26057616,-1.6905762,-1.0605762,-1.6605762,-1.0605762,0.059423827,1.1094239,1.0694238,0.63942385,0.43942383,-0.6405762,-1.7805762,-1.9805762,-1.0905762,-1.2805762,-0.72057617,-0.10057617,0.6594238,-0.21057618,-0.86057615,0.8694238,-0.25057617,-1.6805762,-0.5705762,-1.8905761,-1.3305762,-2.6005762,-2.5405762,-2.440576,-2.5505762,-2.7905762,-2.210576,-1.1805762,-0.92057616
7.2994237,7.599424,9.159424,1.8994238,4.419424,3.849424,9.469424,11.309423,10.299424,10.9794235,10.559423,9.079424,6.329424,4.5894237,5.249424,1.5294238,3.8594239,3.7094238,2.8594239,2.2194238,-0.33057618,-0.14057617,0.069423825,-0.5005762,-0.13057618,0.029423827,-0.98057616,-2.2405763,-1.4705762,-2.3305762,-1.3705761,-0.28057617,-0.18057618,-0.66057616,-1.2705761,-1.3705761,-2.0205762,-2.0705762,-1.5905762,-0.9505762,-0.8405762,0.49942383,0.009423828,0.36942384,-0.34057617,0.22942382,-0.27057618,-0.020576172,-1.5105761,-0.86057615,-1.1305761,-3.180576,-3.1105762,-2.0605762,-3.1005762,-3.0505762,-2.700576,-2.1305761,-1.0105761
8.209424,8.399424,7.659424,2.4694238,11.919424,8.029424,5.689424,9.859424,8.629424,9.189424,8.909424,7.0294237,5.8794236,5.139424,3.829424,1.1794238,2.3994238,2.2494237,1.0494238,-0.8105762,-0.21057618,-1.1405761,-0.6405762,-0.07057617,0.23942383,-0.5005762,-1.5205761,-1.6905762,-1.5905762,-0.92057616,-0.39057618,-1.0505762,-0.8405762,-1.0805762,-1.4305762,-2.2905762,-2.160576,-2.0005763,-1.4305762,-0.8905762,-1.0505762,-0.32057616,-0.5905762,-0.9605762,-0.46057618,-1.2605761,0.039423827,-1.3005762,-1.4205762,-1.1705762,-1.8805761,-3.0005763,-3.3805761,-2.150576,-3.0205762,-3.3905761,-3.160576,-2.210576,0.62942386
