json/gfs_20240718_12.json
{"header": { "discipline":0, "disciplineName":"Meteorological products", "gribEdition":2, "gribLength":79978, "center":7, "centerName":"US National Weather Service - NCEP(WMC)", "subcenter":0, "refTime":"2024-07-18T12:00:00.000Z", "significanceOfRT":1, "significanceOfRTName":"Start of forecast", "productStatus":0, "productStatusName":"Operational products", "productType":1, "productTypeName":"Forecast products", "productDefinitionTemplate":0, "productDefinitionTemplateName":"Analysis/forecast at horizontal level/layer at a point in time", "parameterCategory":2, "parameterCategoryName":"Momentum", "parameterNumber":2, "parameterNumberName":"U-component_of_wind", "parameterUnit":"m.s-1", "genProcessType":2, "genProcessTypeName":"Forecast", "forecastTime":0, "surface1Type":103, "surface1TypeName":"Specified height level above ground", "surface1Value":10.0, "surface2Type":255, "surface2TypeName":"Missing", "surface2Value":0.0, "gridDefinitionTemplate":0, "gridDefinitionTemplateName":"Latitude_Longitude", "numberPoints":65160, "shape":6, "shapeName":"Earth spherical with radius of 6,371,229.0 m", "gridUnits":"degrees", "resolution":48, "winds":"true", "scanMode":0, "nx":360, "ny":181, "basicAngle":0, "lo1":0.0, "la1":90.0, "lo2":359.0, "la2":-90.0, "dx":1.0, "dy":1.0 }, "data":
[rows 130 to 155 of 181, columns 171 to 227 of 360]
-7.9603443,-9.5103445,-6.1703444,-3.4003441,-1.4703442,-1.4703442,-0.53034425,-7.220344,-7.280344,-7.330344,-7.970344,-7.8003445,-9.320344,-10.330344,-11.610344,-13.390345,-13.120344,-12.580344,-12.480344,-11.280344,-10.590344,-9.770344,-8.660344,-8.910344,-7.3403444,-6.6703444,-5.4003444,-4.330344,-3.2203443,-1.6003442,-1.7703443,-1.3403442,0.9296558,0.39965576,0.14965576,1.9296558,3.3396559,3.2496557,3.7796557,4.689656,3.9696558,4.5596557,6.089656,6.459656,5.439656,6.589656,7.6796556,6.5796556,7.779656,6.509656,5.7496557,7.649656,8.279655,8.129656,10.409656,10.279655,10.519656
-10.270344,-3.6603441,0.10965576,-1.1203443,-1.6003442,-0.27034423,-4.760344,-7.100344,-6.8803444,-7.370344,-8.700344,-9.240344,-9.330344,-10.660344,-13.280344,-12.910344,-12.330344,-11.670344,-10.430345,-10.070344,-9.2603445,-8.850345,-8.540344,-7.470344,-6.450344,-5.010344,-4.830344,-4.060344,-2.4203444,-1.4703442,-0.28034425,0.25965577,0.31965578,1.4996557,3.6496558,2.9496558,2.1096559,2.5596557,3.7496557,4.0996556,5.8696556,5.6796556,6.299656,7.219656,7.4096556,7.719656,7.239656,7.779656,8.039656,7.7896557,7.319656,6.7896557,7.8696556,7.9796557,9.969656,10.759656,9.679656
-3.8603442,-1.7303443,-0.23034424,1.0096557,-2.4203444,-4.8603444,-7.780344,-7.4603443,-7.4803443,-7.240344,-8.410344,-7.9203444,-9.300344,-9.880344,-11.020344,-11.420344,-11.300344,-10.830344,-10.470345,-9.660344,-9.240344,-8.230344,-7.280344,-6.390344,-4.9003444,-3.8403442,-1.8903443,-2.3503442,-1.9803443,-1.1603442,0.25965577,1.3196558,3.2996557,4.2296557,3.4196558,3.3696558,3.7396557,3.8296556,3.5796556,4.839656,6.339656,7.439656,7.9096556,6.029656,6.029656,8.589656,7.649656,7.359656,7.359656,6.649656,8.059656,8.899655,6.9796557,8.899655,9.619656,10.319655,9.829656
-1.1903442,0.35965577,-0.6803442,-8.030344,-7.5503445,-7.220344,-7.8403444,-7.010344,-6.7503443,-6.910344,-6.970344,-7.5703444,-8.380344,-8.370344,-8.960344,-10.470345,-9.650344,-8.730344,-7.780344,-7.6303444,-6.8403444,-6.6503444,-4.6303444,-3.4403443,-3.4003441,-2.4903443,-0.8703442,0.5096558,1.6896558,2.8396559,3.2696557,3.7296557,4.209656,4.839656,5.089656,5.169656,5.669656,6.129656,6.529656,7.069656,8.679656,7.239656,7.2296557,7.6796556,7.989656,7.919656,8.199656,8.009656,9.849656,9.919656,8.799656,8.649655,7.529656,9.439655,9.259656,9.389656,9.859655
0.31965578,-1.5603442,-6.8403444,-7.950344,-7.930344,-7.470344,-7.600344,-7.260344,-6.9403443,-6.0703444,-6.100344,-6.6503444,-7.6103444,-9.140345,-8.140345,-7.280344,-7.0203443,-6.2503443,-5.8003445,-5.260344,-4.510344,-3.1303442,-2.5403442,-2.7803442,-0.32034424,0.8196558,1.9596558,2.4996557,3.5096557,4.319656,4.9996557,5.2496557,5.5996556,7.0196557,6.509656,7.0596557,8.099656,8.599656,7.8896556,8.579656,8.609655,8.289656,8.669656,8.759656,9.049656,8.359655,8.799656,9.599656,10.389656,10.629656,9.189655,9.409656,10.089656,9.319655,9.069655,9.689655,10.249656
0.39965576,-7.0203443,-7.370344,-7.060344,-7.010344,-7.240344,-7.1503444,-6.4403443,-6.280344,-6.540344,-6.140344,-5.6103444,-5.740344,-6.490344,-6.200344,-5.330344,-4.4203444,-3.6803443,-3.2903442,-2.9403443,-1.4303442,-0.8003442,0.44965577,2.5196557,2.8696558,4.129656,4.709656,5.299656,5.959656,6.2296557,7.379656,7.879656,8.279655,8.249656,7.989656,8.579656,9.519656,10.469656,10.659656,11.039656,10.709656,10.229656,10.359655,8.579656,9.659656,9.699656,8.869656,10.459656,10.7396555,9.4896555,8.659656,9.569655,10.139656,9.619656,8.309656,8.859655,9.359655
-5.410344,-7.370344,-6.5203443,-6.640344,-6.5903444,-6.5203443,-6.5903444,-6.290344,-6.5703444,-6.1903443,-6.560344,-5.7703443,-5.120344,-4.930344,-4.640344,-4.470344,-2.3103442,-2.0303442,-0.020344239,1.0196557,2.2696557,3.4996557,3.9496558,5.359656,5.2896557,6.169656,6.5196557,7.1996555,8.159656,8.249656,8.719656,8.959656,9.169656,9.689655,9.709656,10.299656,10.759656,11.889656,12.259656,12.529655,12.689655,12.649655,12.209656,11.699656,10.259656,10.719656,11.209656,11.149655,11.119656,10.429656,10.759656,10.019656,8.999656,8.569655,8.219656,8.329656,8.719656
-6.700344,-5.660344,-6.1903443,-5.1903443,-5.370344,-5.370344,-5.4803443,-5.5903444,-5.510344,-5.1503444,-4.680344,-3.3303442,-2.4403443,-1.9503442,-1.7903442,-0.8803442,0.47965577,1.8196558,2.6096559,3.4596558,4.5596557,5.2496557,5.8696556,6.2296557,6.709656,7.899656,8.269656,8.659656,9.159656,9.699656,10.309656,10.889656,10.969656,10.439655,10.219656,10.859655,11.729656,12.119656,13.079656,12.909656,13.569655,14.669656,14.249656,13.229656,11.609655,10.829656,11.449656,11.409656,11.559656,12.069655,11.309656,10.669656,9.029655,9.429656,8.579656,8.079656,7.439656
-5.240344,-4.720344,-4.4203444,-3.9803443,-4.0703444,-3.5603442,-3.5303442,-4.350344,-4.4203444,-3.5003443,-2.6303442,-1.5403442,-0.8003442,0.35965577,1.5096557,2.6696558,3.7096558,4.629656,4.859656,5.569656,5.9096556,6.299656,6.669656,7.7696557,8.719656,9.159656,9.669656,9.859655,9.699656,10.019656,10.099656,10.439655,10.179656,10.659656,11.059656,11.039656,11.309656,11.049656,11.379656,11.209656,11.799656,12.349656,12.669656,13.289656,13.469656,12.329656,11.339656,11.889656,11.069655,9.809656,9.889656,9.359655,10.059656,8.219656,8.879656,7.589656,6.9296556
-4.350344,-3.3703442,-3.8403442,-3.5803442,-2.9303443,-2.2603443,-1.9203442,-1.9003443,-1.0103443,-1.2603443,-0.30034423,0.49965575,1.6996558,2.9496558,3.9896557,4.9296556,5.6196556,6.359656,6.839656,7.049656,7.489656,7.6996555,8.459656,9.279655,9.889656,9.029655,9.309656,9.939655,10.339656,9.999656,10.359655,10.879656,10.509656,10.789656,10.319655,10.409656,10.979656,10.4896555,10.379656,10.439655,10.389656,10.689655,11.569655,12.839656,11.709656,12.299656,12.779655,12.029655,11.179656,11.139656,10.559656,11.349656,6.629656,7.969656,6.739656,6.8896556,6.299656
-3.0703442,-2.9603443,-3.2603443,-2.9003441,-2.6403441,-1.7203442,-1.1603442,-0.6203442,-0.54034424,0.63965577,1.2596557,3.2496557,4.149656,5.189656,6.009656,6.8296556,7.9296556,8.259656,8.229656,9.009656,9.529655,10.129656,10.339656,10.569655,10.079656,9.889656,10.2396555,10.339656,10.7396555,10.909656,11.119656,11.089656,11.389656,10.9896555,10.589656,10.599656,11.119656,11.049656,10.829656,10.129656,10.119656,10.819655,11.299656,9.859655,10.759656,13.759656,12.369656,12.849656,12.409656,10.769656,10.2396555,9.079656,8.519656,6.509656,7.0996556,6.7496557,6.569656
-4.620344,-4.040344,-4.0703444,-4.1103444,-2.8403442,-2.4903443,-1.3403442,-0.38034424,1.6296557,2.7296557,4.529656,5.4996557,6.489656,7.4496555,8.219656,8.749656,9.279655,9.439655,10.059656,10.759656,11.359655,11.369656,11.479656,11.119656,11.269656,11.2396555,11.229656,11.629656,11.509656,12.379656,11.939655,11.589656,11.779655,11.319655,11.619656,11.639656,11.919656,10.789656,10.459656,11.359655,11.379656,10.819655,10.769656,11.659656,10.829656,10.229656,12.829656,11.579656,11.229656,10.289656,10.779655,6.129656,7.6796556,5.049656,5.219656,7.899656,1.3396558
-7.810344,-7.4403443,-6.760344,-5.560344,-3.5903442,-1.7503443,1.0196557,2.2196558,4.4096556,5.629656,6.569656,7.5596557,8.079656,8.889656,9.959656,10.409656,10.569655,11.069655,11.389656,12.209656,12.069655,11.899655,12.269656,12.599656,12.439655,12.029655,12.779655,13.359655,13.609655,14.159656,13.879656,12.9896555,11.709656,12.789656,12.669656,11.939655,11.589656,12.099656,11.559656,10.539656,11.139656,10.799656,11.419656,11.299656,11.339656,11.379656,10.879656,12.099656,11.309656,10.569655,8.919656,7.1796556,6.959656,2.3596559,0.82965577,-2.3803442,-1.6003442
-5.3003445,-4.540344,-3.5803442,-2.1703444,-0.22034425,1.9996557,3.9496558,5.5596557,6.9996557,7.989656,8.939655,9.729656,9.919656,10.4896555,11.109655,11.979656,12.199656,12.189655,12.119656,12.499656,12.779655,13.599656,13.9896555,14.659656,15.429656,14.619656,14.9896555,14.779655,14.419656,14.449656,14.639656,14.689655,13.699656,14.109655,13.759656,13.349656,12.759656,13.459656,11.769656,12.969656,12.309656,12.049656,11.449656,11.649655,12.169656,10.789656,10.209656,12.399655,11.939655,9.559656,8.029655,7.3296556,6.989656,4.3296556,0.40965575,-1.8803443,-0.060344238
-1.1603442,0.73965573,2.1696558,4.1796556,5.439656,6.549656,7.149656,7.8896556,9.519656,9.769656,10.149655,10.939655,11.419656,11.919656,12.469656,13.009656,13.169656,13.549656,13.959656,15.009656,15.459656,15.599656,15.599656,16.399656,17.149656,17.689655,18.709656,19.079657,17.769655,17.389656,17.459656,16.099655,14.589656,14.399655,13.699656,12.869656,13.069655,13.319655,12.509656,12.509656,11.899655,12.269656,12.039656,11.129656,11.019656,11.899655,12.199656,13.779655,11.709656,10.459656,9.089656,8.279655,7.4796557,4.189656,2.5096557,2.1996558,3.4796557
3.6696558,4.9796557,5.6396556,6.439656,7.989656,8.269656,8.619656,9.189655,10.189655,10.949656,11.269656,11.4896555,12.049656,13.099656,13.069655,13.419656,13.889656,14.719656,15.149655,15.9896555,16.899656,17.329657,17.899656,18.419655,18.539656,19.249657,19.709656,19.709656,20.089655,20.389656,20.549656,15.159656,12.389656,13.349656,12.949656,13.119656,13.539656,12.389656,11.169656,11.429656,12.539656,7.5396557,8.759656,9.269656,10.249656,10.579656,13.039656,12.059656,10.969656,11.9896555,9.2396555,8.439655,7.129656,3.7296557,4.3096557,3.1696558,3.8496559
5.359656,6.7296557,7.9096556,8.159656,8.129656,8.519656,9.109655,9.719656,10.189655,10.519656,11.229656,12.149655,12.769656,13.359655,14.039656,14.719656,15.309656,15.799656,16.249657,16.709656,17.069656,17.679655,18.229656,18.549656,18.729656,18.519655,18.669655,18.649656,19.409657,20.039656,19.349655,11.969656,10.629656,10.689655,8.949656,13.079656,12.839656,11.829656,8.729656,5.2696557,7.7496557,9.369656,10.2396555,10.879656,10.969656,10.7396555,10.229656,11.669656,12.869656,10.869656,9.069655,7.7496557,7.129656,5.3696556,4.089656,4.279656,3.6496558
8.309656,8.389656,8.309656,8.189655,8.449656,8.819655,8.919656,9.339656,10.599656,11.519656,11.969656,12.619656,13.279655,13.599656,14.319655,15.749656,16.069656,16.299656,15.969656,16.219656,16.579657,16.999657,17.529655,18.019655,18.399656,18.909657,19.219656,19.479656,18.789656,19.459656,18.139656,12.409656,5.439656,3.1896558,6.9496555,6.649656,6.419656,7.5396557,8.259656,8.219656,8.059656,8.659656,9.629656,9.979656,10.929656,11.259656,12.859655,11.599656,11.619656,10.069655,5.6996555,3.3996558,7.9996557,6.3296556,4.319656,4.489656,4.969656
8.7396555,8.629656,9.159656,8.769656,8.379656,8.709656,9.429656,10.839656,11.959656,12.649655,13.279655,13.969656,14.619656,15.259656,15.669656,16.129656,15.649655,15.569655,15.919656,16.359655,16.939655,17.329657,17.299656,17.859655,18.039656,18.289656,18.859655,19.239656,19.299656,18.709656,17.859655,0.13965577,1.9596558,5.189656,7.709656,8.339656,8.669656,8.209656,8.259656,8.179656,8.379656,9.109655,9.349656,10.329656,10.609655,8.759656,10.519656,12.189655,13.159656,10.759656,6.459656,5.6796556,5.6596556,4.649656,4.169656,4.419656,5.2496557
10.129656,10.259656,10.459656,10.509656,10.799656,10.259656,11.089656,12.079656,12.479656,13.199656,14.2396555,14.659656,14.709656,15.139656,15.679656,16.199656,15.949656,16.229656,16.679655,17.109655,16.999657,17.219656,16.819656,16.389656,17.009655,18.069656,18.749657,18.789656,19.619656,18.819656,-3.3003442,-0.05034424,-0.020344239,3.9496558,5.439656,6.9096556,6.4496555,7.2296557,6.7896557,7.339656,7.469656,7.9796557,8.419656,9.799656,9.659656,9.259656,9.929656,12.2396555,13.669656,12.949656,6.969656,4.439656,4.9496555,3.8596559,1.5196557,3.2996557,4.169656
10.4896555,10.519656,10.289656,10.579656,11.299656,11.189655,12.059656,12.659656,13.149655,13.889656,14.459656,15.039656,15.569655,16.119656,15.759656,15.459656,15.629656,15.729656,16.239656,16.569656,16.279655,15.629656,14.819655,11.929656,5.5996556,6.2296557,7.109656,4.989656,-0.7503442,-7.9403443,-5.240344,-1.0603442,1.4396558,3.8796558,5.399656,6.169656,5.439656,5.7696557,6.089656,6.319656,7.8696556,6.9296556,7.739656,8.279655,9.279655,9.869656,9.799656,12.919656,12.969656,11.299656,6.3896556,3.2896557,3.2496557,4.2496557,1.5896558,2.1196558,2.9796557
10.409656,10.709656,11.089656,11.479656,11.669656,11.939655,12.219656,12.779655,13.099656,13.429656,13.9896555,14.849656,15.2396555,15.759656,15.099656,15.499656,15.069655,15.099656,15.439655,15.549656,13.409656,9.509656,8.829656,3.2896557,3.9096558,4.4096556,6.2296557,5.399656,-1.0203443,-3.2403443,0.0096557615,-0.6903442,2.9696558,4.469656,5.939656,6.1396556,6.9096556,3.1596558,5.759656,7.589656,7.239656,7.4296556,6.549656,6.6596556,7.089656,7.4996557,7.969656,8.139656,6.9096556,7.2696557,3.4996557,1.0896558,1.7596557,1.9196558,3.3296556,0.49965575,0.8696558
10.439655,11.479656,11.369656,12.749656,9.689655,9.289656,12.189655,12.479656,12.169656,12.799656,13.139656,13.479656,13.899655,13.859655,13.849656,12.159656,10.679656,6.209656,1.6996558,4.4296556,5.3496556,5.419656,5.259656,5.1396556,4.7296557,0.70965576,2.2096558,3.5496557,3.5396557,3.9696558,5.459656,5.009656,3.1796558,4.6396556,7.0996556,6.279656,3.7796557,4.649656,6.3496556,7.509656,8.699656,7.3896556,7.279656,7.319656,6.359656,7.399656,7.3896556,6.7496557,8.399655,9.059656,3.0896559,-0.66034424,0.23965576,1.6996558,2.4896557,3.3596559,2.4696558
8.029655,8.539656,9.199656,12.119656,12.349656,11.109655,9.329656,11.959656,11.259656,10.009656,7.379656,6.189656,6.1796556,6.469656,6.939656,8.569655,6.689656,5.2296557,5.6396556,4.959656,4.3896556,4.759656,4.0396557,3.3196557,4.239656,2.1296558,0.98965573,0.44965577,0.36965576,0.72965574,2.0496557,3.3696558,5.239656,4.439656,4.379656,5.5796556,6.799656,7.219656,7.4096556,7.6996555,8.439655,8.179656,8.519656,6.459656,8.399655,7.2696557,6.899656,5.629656,6.6796556,6.3496556,-2.1503441,-0.51034427,1.5696558,1.4896557,2.4096558,1.7496557,3.4096558
8.709656,9.349656,9.049656,7.799656,8.179656,7.879656,8.949656,8.579656,8.129656,7.259656,7.859656,6.8696556,5.879656,4.339656,3.8196557,3.1596558,2.5896559,2.6296558,2.9396558,3.2096558,4.1196556,3.6596558,3.5796556,4.279656,4.319656,4.2896557,4.109656,4.029656,4.9796557,5.739656,6.0396557,6.049656,6.3296556,6.719656,7.1796556,7.629656,7.779656,7.709656,7.709656,7.689656,7.359656,6.919656,6.6396556,6.2896557,5.359656,5.669656,6.029656,3.4696558,1.4696558,-0.72034425,0.24965577,0.8796558,-0.18034424,0.9996558,1.9196558,3.2596557,3.7096558
7.989656,6.779656,4.919656,6.339656,7.459656,7.609656,6.779656,6.419656,6.359656,5.7496557,5.7896557,4.509656,4.2296557,4.3496556,3.7096558,4.6996555,4.439656,5.0396557,5.5996556,5.919656,5.379656,5.4496555,6.1196556,5.649656,5.779656,5.709656,5.709656,6.029656,6.009656,5.989656,6.169656,6.529656,6.989656,7.339656,7.459656,7.629656,7.7296557,7.7496557,7.8296556,7.819656,7.569656,7.069656,6.629656,6.2496557,5.969656,4.5996556,4.9496555,3.9196558,1.9796557,0.95965576,-1.2303443,-5.310344,-7.490344,-7.7303443,-7.310344,-5.5703444,-2.7003443
