json/gfs_20240720_18.json
{"header": { "discipline":0, "disciplineName":"Meteorological products", "gribEdition":2, "gribLength":79936, "center":7, "centerName":"US National Weather Service - NCEP(WMC)", "subcenter":0, "refTime":"2024-07-20T18:00:00.000Z", "significanceOfRT":1, "significanceOfRTName":"Start of forecast", "productStatus":0, "productStatusName":"Operational products", "productType":1, "productTypeName":"Forecast products", "productDefinitionTemplate":0, "productDefinitionTemplateName":"Analysis/forecast at horizontal level/layer at a point in time", "parameterCategory":2, "parameterCategoryName":"Momentum", "parameterNumber":3, "parameterNumberName":"V-component_of_wind", "parameterUnit":"m.s-1", "genProcessType":2, "genProcessTypeName":"Forecast", "forecastTime":0, "surface1Type":103, "surface1TypeName":"Specified height level above ground", "surface1Value":10.0, "surface2Type":255, "surface2TypeName":"Missing", "surface2Value":0.0, "gridDefinitionTemplate":0, "gridDefinitionTemplateName":"Latitude_Longitude", "numberPoints":65160, "shape":6, "shapeName":"Earth spherical with radius of 6,371,229.0 m", "gridUnits":"degrees", "resolution":48, "winds":"true", "scanMode":0, "nx":360, "ny":181, "basicAngle":0, "lo1":0.0, "la1":90.0, "lo2":359.0, "la2":-90.0, "dx":1.0, "dy":1.0 }, "data":
[rows 104 to 129 of 181, columns 177 to 235 of 360]
-0.8268933,0.47310668,0.7531067,0.7131067,-0.3168933,-0.4168933,-0.50689334,0.4031067,0.7731067,1.7731067,2.0131066,1.9731067,0.6631067,1.8531067,4.0431066,4.493107,4.473107,6.073107,6.973107,7.3331065,7.1731067,7.573107,7.453107,6.2931066,5.9631066,6.1431065,6.2931066,6.1031065,4.973107,4.5931067,4.433107,5.243107,5.953107,5.6431065,6.553107,7.4031067,7.9631066,7.933107,7.453107,7.993107,7.8931065,0.6231067,-0.2268933,0.5431067,-1.1268933,-0.17689331,2.2731066,-0.7868933,-3.1668932,-2.2468934,-3.3268933,-3.4568932,-3.9868934,-3.7668934,-2.0268934,-1.1768934,-0.9068933,-1.1468933,-0.6168933
-2.0168934,-1.0568933,-0.20689331,-1.2168933,-0.6568933,-0.6768933,-0.6568933,-0.50689334,0.12310669,1.1331067,1.0131067,0.3931067,2.3531067,1.9631066,2.3831067,3.2131066,3.4531066,4.3831067,3.9431067,5.663107,5.9031067,5.6131067,5.1131067,5.8531065,5.1731067,5.7331066,6.033107,6.5931067,6.6431065,5.9431067,6.8531065,5.8731065,6.1331067,5.8831067,6.4031067,6.8631067,8.163107,8.613107,9.393106,9.233107,9.203107,8.453107,7.5831065,0.14310668,-1.1368933,-1.1768934,0.1331067,-0.2668933,-1.8968933,-2.6568933,-1.7768933,-3.7268934,-4.8568935,-3.9968934,-3.1568933,-1.9468933,-1.5768933,-1.8668933,-1.1768934
-1.8568933,-0.8968933,0.7631067,-0.9268933,-1.1668934,-1.1468933,-0.46689332,-1.2568933,-2.1868932,-2.6868932,-2.0668933,1.3831067,2.4131067,2.3831067,2.2931068,2.1631067,3.0731068,3.2931068,3.2231066,3.8731067,3.8731067,4.3431067,4.263107,4.0931067,3.9731066,5.0031066,4.7931066,4.553107,4.763107,5.7931066,5.4631066,5.0631065,4.8931065,6.3131065,8.403107,7.8331065,8.383106,8.913107,8.903107,9.553106,10.053106,9.953107,8.973106,8.423107,7.1531067,-1.6768934,-1.4168934,-0.8968933,-3.4768934,-4.066893,-3.5568933,-3.6468933,-4.8768935,-5.3868933,-5.1368933,-3.9368932,-2.4668932,-2.5068934,-2.0968933
-1.9068933,-0.46689332,-2.0468934,-0.9968933,-2.6668932,-2.7768934,-2.3268933,-1.9068933,-1.6868933,-1.4568933,-2.3968933,-2.9368932,-2.2668934,1.5531067,2.5931067,2.3231068,2.0631068,2.2831068,2.8631067,3.5131066,3.1331067,3.3731067,2.8331068,2.8331068,2.5631068,3.6531067,3.5331068,4.3331065,4.7931066,5.0931067,5.473107,5.683107,6.0631065,4.3731065,6.263107,7.223107,7.803107,8.303106,8.093106,7.803107,8.423107,9.573107,10.143106,10.733107,8.863107,7.0931067,-1.7068933,-3.1768932,-2.4268932,-4.3868933,-4.8568935,-4.8868933,-5.0168934,-5.6068935,-5.736893,-5.0768933,-3.6468933,-3.3068933,-3.3068933
-0.3168933,-1.1868933,-1.7768933,-2.9868934,-2.4268932,-2.9368932,-2.2568934,-1.7368933,-2.2968934,-0.8968933,-1.3168933,-2.6568933,-3.5568933,-4.0168934,-3.1668932,0.12310669,1.6231067,1.0931067,1.1131067,1.0131067,1.7031066,2.6431067,1.9231067,1.2231067,2.0331068,3.7931068,4.9831066,5.203107,6.203107,6.0031066,5.5431066,6.283107,7.0231066,7.223107,6.8331065,7.0931067,7.0931067,8.073107,8.493107,8.433106,8.683106,9.463107,9.783107,9.063107,9.533107,8.523107,7.3631067,0.9531067,-2.4868934,-3.5768933,-4.9168935,-5.426893,-6.1668935,-6.8768935,-7.4568934,-6.276893,-5.6468935,-4.566893,-3.6668932
-0.1668933,-0.18689331,-0.94689333,-1.3268933,-2.3968933,-2.0568933,-1.1068933,-0.1968933,1.2331067,2.7931068,0.6731067,-0.7168933,-1.4068933,-4.5768933,-6.4168935,-5.8668933,-5.046893,-3.0568933,-1.6268933,-0.4768933,0.3331067,-0.4368933,1.1331067,2.0531068,2.3831067,2.9931066,3.2631066,3.8431067,4.6731067,5.2331066,5.1531067,5.4831066,5.973107,6.4831066,7.013107,8.453107,8.423107,8.033107,9.363107,9.3531065,10.203107,9.953107,9.863107,10.903107,9.493107,9.903107,8.563107,6.683107,5.0931067,-3.0668933,-5.4168935,-6.6368933,-5.8468933,-7.176893,-6.3568935,-8.556893,-7.3968935,-5.6168933,-5.696893
0.7831067,0.4631067,1.9931067,2.9831066,0.20310669,0.4531067,-1.4368933,-1.7568933,-0.5968933,0.3431067,-0.2568933,-0.5868933,-0.69689333,-1.3868933,-1.8568933,-2.3168933,-3.3268933,-3.7868934,-5.0568933,-5.3468933,-3.4268932,-2.3068933,-0.9868933,-0.4368933,1.1431067,1.3431067,3.6431067,3.0931067,3.7831068,3.3231068,4.5631065,5.533107,6.413107,7.2331066,6.6031065,7.7531066,8.373107,8.783107,9.543107,9.533107,9.483107,10.443107,9.593106,10.393106,9.663107,9.913107,10.113107,8.903107,7.5431066,1.8131067,-4.2068934,-7.1568933,-6.526893,-6.316893,-6.5168934,-9.026894,-8.936893,-7.4068933,-4.9568934
0.03310669,0.7231067,1.4531066,2.0031066,2.3631067,2.1131067,2.6031067,3.4331067,-2.7668934,-2.0068934,-0.9568933,-1.8668933,-2.8368933,-2.3468933,-1.3468933,-2.3068933,-2.7268934,-2.5668933,-2.3768933,-2.6668932,-3.8868933,-4.2868934,-2.7768934,-1.9068933,-0.4768933,0.3331067,1.4031067,1.3631067,2.0831068,3.4831066,4.6331067,5.0231066,5.7531066,7.0031066,8.133106,8.443107,8.683106,9.243107,10.133106,10.293107,10.713107,11.323107,10.583107,10.833107,10.183106,9.673107,8.923107,9.143106,9.423107,7.473107,-0.15689331,-6.9068933,-8.386893,-7.5168934,-6.6568933,-8.736894,-8.496893,-8.496893,-8.276894
0.01310669,0.4631067,0.8731067,0.99310666,1.2631067,2.0431068,2.5131066,1.8231066,3.9431067,-3.6268933,-3.3768933,-3.6768932,-2.4268932,-3.6968932,-4.1068935,-2.5268934,-2.8368933,-3.1568933,-2.9568932,-1.9668933,-2.9168932,-3.4668932,-4.696893,-2.9868934,-2.0968933,-1.4568933,-0.8468933,0.5831067,1.8631067,2.9631066,4.053107,5.283107,6.3931065,6.6231065,7.1431065,8.303106,9.1031065,9.253107,9.833107,10.073107,9.823107,9.993107,10.553106,10.093106,9.703107,9.033107,8.833107,8.813107,8.053106,9.233107,9.703107,2.9031067,-9.176893,-8.466893,-8.236894,-8.466893,-9.126893,-9.446894,-8.726893
-0.9368933,-0.27689332,0.5231067,0.3931067,0.3931067,0.5431067,1.1831067,2.1931067,3.4431067,0.7631067,-4.0368934,-5.466893,-4.926893,-4.336893,-4.5368934,-5.006893,-4.986893,-5.2668934,-4.256893,-3.6268933,-3.6368933,-3.6868932,-4.1868935,-3.7468934,-3.7068932,-2.5768933,-1.9768933,-0.49689332,0.9831067,2.3531067,4.433107,5.493107,5.433107,4.6331067,7.4431067,8.3531065,7.8531065,8.473106,9.523107,9.783107,10.453107,9.903107,10.773107,10.473106,10.823107,10.1031065,9.663107,9.693107,8.213107,5.433107,8.873107,11.073107,-3.8168933,-9.706893,-8.836893,-8.996893,-9.496893,-9.716893,-8.466893
-0.5968933,-0.05689331,-0.14689331,-0.01689331,0.5131067,0.8731067,0.7331067,0.04310669,1.0231067,1.6631067,-0.4868933,-1.7668933,-6.8668933,-6.5168934,-6.6168933,-7.426893,-7.0968933,-6.9768934,-6.716893,-6.5968933,-6.1068935,-5.3068933,-4.6268935,-4.3868933,-3.8168933,-3.2868934,-2.3868933,-0.7768933,-0.05689331,0.99310666,3.0131066,6.3531065,5.703107,5.0231066,5.7731066,7.783107,7.663107,8.373107,7.8531065,9.033107,9.563107,9.543107,10.173107,9.653107,10.363107,10.483107,9.683106,9.183106,8.433106,6.3631067,2.9531066,8.063107,11.253107,12.993107,-10.486894,-10.1468935,-10.096893,-10.376893,-10.636893
-2.0668933,-0.36689332,-0.13689332,0.29310668,0.12310669,0.9131067,1.0431067,1.1831067,0.7831067,1.5931067,0.6531067,1.5731066,0.3931067,-9.106894,-8.236894,-8.086893,-8.566894,-8.296893,-8.026894,-7.3568935,-8.096893,-7.3068933,-6.3268933,-5.2668934,-4.696893,-3.1468933,-2.5468934,-1.6468933,-0.3468933,1.1931067,2.1231067,2.5431068,4.973107,6.183107,6.1131067,6.703107,8.223106,8.743107,8.143106,8.873107,9.763106,10.203107,9.263106,9.8531065,10.053106,9.643106,9.163107,9.223106,8.443107,6.8931065,2.1831067,3.2231066,9.053106,7.6731067,12.013106,-9.086893,-11.416893,-11.326893,-11.816894
-0.9968933,-0.75689334,-0.5168933,0.4631067,0.61310667,1.2031066,0.93310666,1.1631067,1.1331067,0.4631067,0.8431067,-0.6468933,0.10310669,-0.01689331,-11.556893,-10.866894,-10.026894,-8.756893,-7.7268934,-8.1468935,-8.286893,-8.176893,-7.5768933,-6.466893,-5.296893,-4.526893,-2.7068932,-1.0268933,-0.6468933,0.4931067,3.1331067,3.1431067,3.4931066,5.823107,6.0831065,6.4831066,7.0431066,5.663107,7.4831066,7.4031067,9.113107,8.523107,8.423107,8.913107,10.403107,9.333107,8.463107,9.083107,9.233107,8.573107,3.5831068,1.8131067,4.6731067,5.4031067,8.283107,11.183106,-10.696894,-12.6468935,-10.926893
-1.2268933,-1.2168933,-0.12689331,-0.3568933,0.41310668,1.3831067,1.7831067,0.8931067,0.3731067,-0.02689331,-1.3068933,-2.2668934,-1.7468933,-1.0868933,-0.01689331,-12.106894,-11.746893,-10.926893,-9.816894,-8.716893,-8.036893,-7.466893,-8.016893,-7.426893,-6.3468933,-4.836893,-3.5668933,-2.1468933,-0.4768933,0.6931067,2.7731066,2.1231067,4.033107,4.263107,4.913107,6.9631066,6.2731066,6.803107,8.563107,9.063107,8.383106,9.133106,9.743107,9.343106,10.383106,8.893106,9.8531065,7.3331065,8.333107,9.143106,6.783107,-0.50689334,0.1331067,-4.3468933,5.1731067,7.3831067,8.373107,-13.666893,-11.696894
-1.7168933,-1.1668934,-0.7368933,0.5831067,1.2431067,1.6931067,2.3331068,1.9531066,1.3631067,0.22310668,-0.9968933,-2.9268932,-3.5268934,-2.9968934,-2.5668933,-7.006893,-10.196894,-10.316894,-9.946894,-11.406894,-9.806893,-8.376893,-7.776893,-8.156894,-6.4368935,-4.966893,-3.8468933,-2.1268933,-1.1868933,-0.3268933,1.5831066,2.4831066,2.8231068,4.823107,5.2131066,6.993107,5.8831067,6.803107,8.053106,9.543107,10.363107,9.953107,10.633106,10.043107,10.3531065,9.123107,9.883106,8.123107,8.253107,9.263106,9.953107,6.663107,-2.7868934,-1.9368933,-4.4368935,2.0731068,4.953107,1.2631067,-13.216893
-2.5268934,-1.1368933,-1.0668933,-0.8368933,-0.42689332,0.1931067,0.5631067,2.1531067,1.8931067,0.3031067,-0.8368933,-2.2768934,-2.7168932,-3.7668934,-4.0968933,-5.5168934,-11.546893,-12.806893,-10.606894,-10.956893,-10.816894,-9.616894,-9.066894,-8.686893,-7.4168935,-6.0768933,-4.946893,-2.7068932,-0.50689334,-0.12689331,1.0131067,2.9731066,3.2831068,3.9331067,4.993107,5.663107,6.1331067,7.7731066,9.363107,10.003107,9.503107,10.443107,10.623107,10.503107,11.573107,9.673107,8.943107,9.233107,8.913107,8.683106,9.763106,7.2931066,-1.6168933,-5.3568935,-4.236893,-4.4368935,3.8531067,5.053107,-13.416893
-1.6168933,-1.2968934,-0.5768933,0.07310669,0.47310668,0.2731067,-0.4868933,-0.6168933,-0.49689332,0.74310666,-1.1268933,-2.7068932,-3.8768933,-4.6168933,-5.216893,-6.176893,-8.046893,-13.956893,-13.166893,-11.586893,-11.746893,-10.576893,-10.196894,-9.946894,-8.626893,-7.256893,-5.4968934,-3.1968932,-1.9768933,-0.18689331,0.4231067,2.3031068,4.8331065,5.203107,4.473107,5.3931065,6.803107,8.463107,8.623107,9.123107,9.083107,8.823107,10.453107,10.513106,11.1031065,10.953107,9.723106,9.713107,8.713107,8.863107,8.333107,8.963107,8.833107,-4.2668934,-6.5368934,-4.486893,0.6531067,0.5131067,4.973107
-1.9168934,-0.8568933,-0.75689334,0.7931067,0.6231067,0.7231067,0.3431067,0.11310669,-0.94689333,-1.5168933,-3.2268934,-1.9968933,-3.9468932,-5.8668933,-6.0568933,-6.546893,-8.1468935,-12.096893,-13.586893,-14.006893,-13.476893,-11.476893,-10.296893,-9.826893,-8.606894,-7.836893,-5.7868934,-4.4968934,-2.3568933,0.1931067,-0.14689331,2.1931067,3.3831067,4.513107,5.723107,5.7931066,6.953107,7.553107,8.493107,8.803106,9.553106,8.903107,10.063107,11.1031065,10.293107,11.493107,11.3531065,10.363107,10.173107,8.393106,9.743107,10.003107,10.793107,9.163107,-4.1868935,-7.216893,-5.3968935,0.68310666,-1.2768933
-1.4068933,-1.3968933,-0.9268933,-0.6768933,-0.6568933,0.5131067,-0.4368933,-0.05689331,-0.75689334,-1.7468933,-2.4968934,-4.0368934,-4.1868935,-6.446893,-8.1468935,-8.266893,-8.746893,-12.046893,-14.726893,-14.776894,-14.656894,-12.386893,-10.026894,-8.246893,-7.1568933,-7.3468933,-5.046893,-5.1168933,-3.7968934,-1.4968933,0.22310668,1.8431067,3.1631067,5.2931066,5.303107,5.9431067,6.933107,7.5831065,8.093106,9.003107,9.433106,9.753107,9.843106,10.983107,10.753107,11.163107,10.743107,10.793107,11.183106,10.223106,9.483107,10.383106,9.863107,10.483107,8.883106,-3.1368933,-7.216893,-5.1268935,-3.7868934
-0.3768933,-0.63689333,-0.2268933,-0.07689331,-0.2868933,-0.3568933,-0.01689331,0.2431067,-0.45689332,-1.9968933,-3.4268932,-4.8968935,-5.9968934,-7.2468934,-8.606894,-9.986894,-9.946894,-11.206893,-13.536893,-15.956893,-16.186893,-13.776894,-10.806893,-9.096893,-7.276893,-6.6168933,-6.4768934,-4.8768935,-2.8768933,-1.8968933,-0.06689331,2.1131067,3.5131066,4.2531066,5.203107,6.1031065,6.3931065,7.5931067,7.453107,8.363107,9.323107,9.993107,11.343106,10.563107,11.153107,11.023107,10.883106,12.293107,11.653107,11.333107,10.153107,9.473106,11.3531065,11.793107,11.433106,9.073107,-2.6868932,-8.006893,-5.6068935
-0.9568933,-0.5368933,-0.3768933,-0.13689332,-0.01689331,0.1331067,0.5831067,0.8931067,-0.5468933,-2.5268934,-4.026893,-6.546893,-8.026894,-8.136893,-9.746893,-10.786893,-11.136893,-13.446894,-14.716893,-16.896893,-16.536894,-14.096893,-11.8968935,-10.026894,-7.236893,-7.4068933,-6.736893,-5.1468935,-3.8068933,-1.7268933,0.5331067,2.0231066,3.3731067,4.493107,5.1531067,6.533107,7.3431067,7.8331065,8.1031065,9.803106,9.683106,10.443107,9.143106,10.633106,10.093106,10.443107,11.593106,11.243107,11.123107,12.483107,11.893106,12.203107,8.753107,11.113107,10.383106,9.413107,5.4431067,-10.736894,-8.746893
0.11310669,0.4831067,0.5031067,0.7131067,0.8431067,1.3631067,1.4031067,0.68310666,-0.5368933,-2.6268933,-4.7268934,-7.3268933,-9.586893,-10.576893,-11.626893,-12.256893,-12.436893,-13.356894,-16.396893,-19.056892,-16.246893,-13.336893,-11.236894,-8.576893,-8.836893,-7.3268933,-6.5368934,-5.0568933,-3.5868933,-1.3968933,0.38310668,2.1031067,3.7631066,4.6731067,5.5631065,6.3831067,7.1131067,8.253107,9.283107,9.253107,7.2131066,9.373107,9.773107,10.703107,9.323107,9.793107,11.213107,11.963107,11.173107,11.423107,11.233107,11.843106,12.483107,12.163107,13.203107,13.333107,11.703107,-8.306893,-12.766893
0.4931067,1.1731067,2.0631068,1.2831067,1.7231067,1.9531066,1.6431067,-0.09689331,-0.4768933,-1.1868933,-5.1568933,-8.386893,-10.706893,-13.586893,-13.656894,-13.476893,-13.846893,-15.106894,-15.796893,-17.186893,-16.636894,-13.8968935,-11.546893,-11.6468935,-9.176893,-7.5168934,-5.8068933,-4.3068933,-3.6268933,-0.69689333,0.9731067,2.3931067,3.4231067,4.6931067,5.533107,6.7931066,6.703107,8.1031065,8.743107,9.813107,10.643106,11.323107,10.973106,11.653107,9.583107,7.2931066,10.423107,10.793107,11.963107,11.913107,11.813107,11.673107,11.483107,12.883106,11.183106,12.833107,14.633106,-6.5968933,-13.126893
1.7031066,3.6631067,1.8431067,2.0831068,1.9631066,1.7131066,2.2631066,1.3931067,-0.8668933,-2.8468933,-5.816893,-8.676893,-12.536893,-16.006893,-15.466893,-15.306893,-14.976893,-16.486893,-14.746893,-13.026894,-14.946894,-13.016893,-12.406894,-10.376893,-8.166893,-7.6368933,-5.7268934,-4.3068933,-1.8168933,-0.20689331,1.4731067,2.5031066,4.0931067,4.413107,6.1531067,7.3831067,8.433106,8.623107,9.293107,9.703107,9.693107,10.053106,10.583107,11.213107,11.803106,10.843106,9.633106,10.183106,11.273107,12.293107,12.693107,13.263106,10.573107,10.113107,13.163107,13.143106,15.023107,19.803106,-11.346893
0.25310668,-0.9668933,1.5231067,1.5831066,3.6631067,4.0631065,2.9231067,2.4131067,1.9931067,-2.0068934,-6.7868934,-11.626893,-14.786893,-19.076893,-17.206894,-15.696894,-16.596893,-15.636893,-17.476892,-17.266893,-14.286893,-12.036893,-11.276894,-10.846893,-9.076893,-7.066893,-5.6468935,-3.5968933,-2.3868933,0.35310668,1.4631066,3.1131067,3.8331068,5.3331065,6.9831066,7.473107,8.223106,8.843106,8.823107,8.793107,9.873107,8.483107,10.673107,9.473106,10.543107,10.563107,10.763106,10.123107,11.253107,12.313107,12.523107,13.403107,13.043107,10.543107,10.593106,13.393106,12.213107,15.343106,0.7231067
-1.2668933,1.0031067,2.0231066,4.4831066,5.4431067,5.6931067,3.8531067,2.7831068,1.8231066,1.0231067,-6.3768935,-14.536893,-18.676893,-19.356894,-16.916893,-14.856894,-14.676893,-16.916893,-17.396893,-14.856894,-13.966893,-12.766893,-11.446894,-11.036893,-9.346893,-6.6868935,-6.276893,-4.3468933,-1.7468933,0.01310669,1.6831067,2.8431067,3.7731066,5.3431067,6.053107,6.9031067,6.493107,7.493107,8.893106,9.243107,8.573107,9.423107,9.453107,9.523107,10.643106,11.583107,12.263106,11.083107,12.333107,12.433106,12.263106,13.053106,13.143106,12.863107,13.693107,11.083107,13.383106,10.283107,13.763106
