json/gfs_20240717_06.json
{"header": { "discipline":0, "disciplineName":"Meteorological products", "gribEdition":2, "gribLength":78996, "center":7, "centerName":"US National Weather Service - NCEP(WMC)", "subcenter":0, "refTime":"2024-07-17T06:00:00.000Z", "significanceOfRT":1, "significanceOfRTName":"Start of forecast", "productStatus":0, "productStatusName":"Operational products", "productType":1, "productTypeName":"Forecast products", "productDefinitionTemplate":0, "productDefinitionTemplateName":"Analysis/forecast at horizontal level/layer at a point in time", "parameterCategory":2, "parameterCategoryName":"Momentum", "parameterNumber":2, "parameterNumberName":"U-component_of_wind", "parameterUnit":"m.s-1", "genProcessType":2, "genProcessTypeName":"Forecast", "forecastTime":0, "surface1Type":103, "surface1TypeName":"Specified height level above ground", "surface1Value":10.0, "surface2Type":255, "surface2TypeName":"Missing", "surface2Value":0.0, "gridDefinitionTemplate":0, "gridDefinitionTemplateName":"Latitude_Longitude", "numberPoints":65160, "shape":6, "shapeName":"Earth spherical with radius of 6,371,229.0 m", "gridUnits":"degrees", "resolution":48, "winds":"true", "scanMode":0, "nx":360, "ny":181, "basicAngle":0, "lo1":0.0, "la1":90.0, "lo2":359.0, "la2":-90.0, "dx":1.0, "dy":1.0 }, "data":
[rows 0 to 24 of 181, columns 232 to 289 of 360]
-3.4978247,-3.3678248,-3.2378247,-3.1078248,-2.9778247,-2.8478248,-2.7178247,-2.5878248,-2.4478247,-2.3178246,-2.1878247,-2.0478246,-1.9078248,-1.7778248,-1.6378247,-1.4978247,-1.3678247,-1.2278247,-1.0878247,-0.9478247,-0.80782473,-0.6678247,-0.5278247,-0.3878247,-0.24782471,-0.107824706,0.03217529,0.17217529,0.3121753,0.4521753,0.5921753,0.7321753,0.8721753,1.0121753,1.1521753,1.2921753,1.4321753,1.5621753,1.7021753,1.8421752,1.9821754,2.1121752,2.2521753,2.3821752,2.5121753,2.6521752,2.7821753,2.9121752,3.0421753,3.1721754,3.3021753,3.4321754,3.5521753,3.6821754,3.8021753,3.9221754,4.0521755,4.1721754
-2.4878247,-2.3478248,-2.2078247,-2.0578246,-1.9178247,-1.7678246,-1.6278247,-1.4878247,-1.3578247,-1.2178247,-1.0978247,-0.9778247,-0.86782473,-0.7378247,-0.6278247,-0.4978247,-0.3778247,-0.25782472,-0.15782471,-0.06782471,0.03217529,0.12217529,0.20217529,0.30217528,0.3921753,0.4521753,0.5321753,0.6021753,0.6721753,0.7421753,0.82217526,0.88217527,0.9721753,1.0621753,1.1621753,1.2521753,1.3521752,1.4421753,1.5421753,1.6321753,1.7421753,1.8521752,1.9621753,2.0721753,2.1821754,2.2921753,2.4121752,2.5121753,2.6321752,2.7421753,2.8521752,2.9721754,3.0721753,3.1921754,3.2921753,3.4121752,3.5221753,3.6321752
-2.0178246,-1.8278247,-1.6478248,-1.4878247,-1.3478247,-1.1978247,-1.0578247,-0.9178247,-0.7778247,-0.6378247,-0.4978247,-0.3678247,-0.2678247,-0.1778247,-0.077824704,0.002175293,-0.027824707,-0.077824704,-0.1478247,-0.1978247,-0.1978247,-0.1978247,-0.18782471,-0.15782471,-0.107824706,-0.05782471,-0.007824707,0.072175294,0.1621753,0.2521753,0.3421753,0.4421753,0.5421753,0.6421753,0.7421753,0.8321753,0.9221753,1.0321753,1.1321753,1.2421753,1.3521752,1.4621753,1.5721753,1.6821753,1.7821753,1.8921753,2.0221753,2.1421752,2.2721753,2.4021752,2.5021753,2.6121752,2.7121754,2.8121753,2.9221754,3.0221753,3.1221752,3.2021754
-1.8478247,-1.7878247,-1.6978247,-1.6178247,-1.5578247,-1.5578247,-1.5878247,-1.5678247,-1.5178246,-1.4678247,-1.3878247,-1.3078247,-1.2278247,-1.1178247,-0.9578247,-0.8278247,-0.7278247,-0.6278247,-0.5278247,-0.4378247,-0.3478247,-0.2678247,-0.1778247,-0.13782471,-0.107824706,-0.06782471,-0.017824708,0.022175293,0.062175293,0.102175295,0.1321753,0.14217529,0.1821753,0.2621753,0.3421753,0.43217528,0.5421753,0.6421753,0.7521753,0.8621753,0.9721753,1.0821753,1.1821753,1.2621753,1.3421752,1.3721753,1.4021753,1.4421753,1.5421753,1.6421753,1.7421753,1.8221753,1.9121753,1.9721752,2.0121753,2.0521753,2.0921752,2.1321752
-2.6578248,-2.6078248,-2.5378246,-2.4378247,-2.3078246,-2.1878247,-2.0578246,-1.9178247,-1.7878247,-1.6678247,-1.5478247,-1.4378247,-1.3178247,-1.1878247,-1.0678247,-0.9678247,-0.86782473,-0.7978247,-0.7578247,-0.7378247,-0.7078247,-0.67782474,-0.6278247,-0.5678247,-0.4578247,-0.31782472,-0.1778247,-0.027824707,0.09217529,0.2221753,0.3221753,0.4221753,0.5021753,0.5621753,0.5921753,0.63217527,0.6621753,0.7421753,0.8321753,0.8921753,0.9521753,0.94217527,0.9121753,0.8721753,0.8421753,0.8421753,0.8621753,0.9221753,0.9821753,1.0521753,1.1521753,1.2321754,1.3121753,1.4321753,1.5021753,1.5121753,1.5321753,1.5721753
-2.7578247,-2.7478247,-2.7478247,-2.7578247,-2.7678246,-2.7678246,-2.7578247,-2.7278247,-2.6578248,-2.5478246,-2.4078248,-2.2578247,-2.0878248,-1.9478247,-1.8078247,-1.6478248,-1.4978247,-1.3478247,-1.2178247,-1.0778247,-0.9378247,-0.7478247,-0.6478247,-0.5778247,-0.4978247,-0.3578247,-0.1778247,-0.017824708,0.12217529,0.2921753,0.5921753,0.7921753,0.8921753,0.8121753,0.7321753,0.7121753,0.8021753,0.7421753,0.6421753,0.5321753,0.46217528,0.4421753,0.5521753,0.69217527,0.82217526,0.9121753,0.9621753,0.9621753,0.9921753,1.0221753,1.0521753,1.1021752,1.1721753,1.2221752,1.3221753,1.4221753,1.4821754,1.5421753
-2.8378248,-2.8578248,-2.8578248,-2.8478248,-2.8378248,-2.8378248,-2.8378248,-2.8278246,-2.7978246,-2.7578247,-2.6978247,-2.6278248,-2.5478246,-2.4378247,-2.3178246,-2.1878247,-2.0878248,-1.9778247,-1.8878247,-1.8078247,-1.7578247,-1.7278247,-1.7078247,-1.6978247,-1.6778247,-1.5778247,-1.3278247,-1.0378247,-0.7978247,-0.5278247,-0.1678247,0.3121753,0.69217527,0.8921753,0.8421753,0.6121753,0.43217528,0.3121753,0.2621753,0.2921753,0.3921753,0.4021753,0.5021753,0.5621753,0.6021753,0.6621753,0.6521753,0.6521753,0.6821753,0.7521753,0.8621753,0.9121753,0.9221753,0.9121753,0.7821753,0.7421753,0.7321753,0.7821753
-2.6878247,-2.7478247,-2.8278246,-2.9378247,-3.1078248,-3.2778246,-3.3778248,-3.4478247,-3.3978248,-3.4178247,-3.3678248,-3.3078246,-3.2378247,-3.1778247,-3.1278248,-3.0778246,-3.0378246,-2.9878247,-2.8578248,-2.7178247,-2.6178248,-2.4978247,-2.3978248,-2.2378247,-1.8878247,-1.6378247,-1.3278247,-1.0478247,-0.8378247,-0.6678247,-0.5178247,-0.3678247,-0.2278247,-0.12782471,-0.05782471,-0.037824705,-0.037824705,-0.06782471,0.012175293,0.072175294,0.3221753,0.4521753,0.5321753,0.6621753,0.7821753,0.7221753,0.3421753,-0.18782471,-0.8278247,-0.4578247,-0.7078247,-0.8778247,-0.6478247,-0.7378247,-0.7378247,-0.5878247,0.2821753,0.6221753
-3.3478248,-3.6578248,-3.8378248,-4.1178246,-4.337825,-4.4078245,-4.6378245,-4.777825,-4.7478247,-4.817825,-4.9378247,-5.0378246,-5.147825,-5.2878246,-5.237825,-4.8478246,-4.5178246,-4.3678246,-4.277825,-4.0778246,-3.8378248,-3.5778246,-3.3278246,-3.2278247,-2.8178246,-2.5178246,-2.2978246,-1.8978248,-1.5378247,-1.2978247,-0.9878247,-0.67782474,-0.2778247,-0.13782471,0.23217529,0.23217529,0.69217527,0.6021753,0.11217529,-0.2078247,-0.1778247,-1.0378247,-2.1178248,-1.5378247,-0.7678247,0.4821753,0.012175293,-0.6278247,-1.1878247,-2.3378248,-2.1878247,-0.3578247,0.7521753,1.3821753,0.8021753,0.7521753,1.5721753,0.5321753
-2.7778246,-3.3778248,-3.9478247,-4.5178246,-4.9378247,-5.4978247,-5.9978247,-6.4378247,-6.6778245,-6.627825,-6.567825,-6.547825,-6.4278245,-6.2278247,-6.0578246,-5.8278246,-5.8878245,-6.007825,-5.5778246,-5.1178246,-4.607825,-4.277825,-4.007825,-3.7378247,-3.5278246,-3.4078248,-3.0878248,-2.8078246,-2.2778246,-1.6478248,-0.9678247,-0.9178247,-0.047824707,0.6221753,-0.4378247,-0.44782472,-0.6578247,-0.9578247,-0.4278247,-2.1478248,-1.6178247,-1.7778248,-2.2978246,-3.0778246,-2.3578248,-1.2778248,-1.3378247,-0.3578247,1.1521753,0.9021753,-0.6878247,-1.9078248,-1.8578247,-0.5178247,0.8621753,1.4421753,1.2821753,1.4321753
-0.8578247,-1.0978247,-1.8778247,-2.6778247,-3.2478247,-3.8478248,-4.337825,-4.7478247,-4.9478245,-5.107825,-5.257825,-5.4178247,-5.3878245,-5.5178246,-5.5378246,-5.7078247,-5.5378246,-5.7678246,-5.8878245,-5.777825,-5.3678246,-4.587825,-3.9878247,-3.9078248,-3.5178246,-3.4678247,-3.5878248,-3.8478248,-3.4478247,-2.4378247,-1.6378247,-0.2978247,-0.6078247,-2.6578248,-2.7478247,-2.3178246,0.69217527,2.8221753,1.5721753,-0.4878247,0.4521753,-1.0078247,-1.7978247,-0.6378247,0.43217528,-3.3178246,-2.4878247,-2.4578247,-2.8678248,-2.0278246,-0.9878247,0.5621753,1.3121753,0.8621753,1.1821753,1.8721753,1.1721753,-0.13782471
2.8921752,2.4021752,2.3121753,2.0621753,1.4621753,1.0821753,0.7621753,0.6721753,0.7021753,0.102175295,0.2921753,-0.5478247,-1.4978247,-2.1978247,-3.2478247,-3.9778247,-4.0578246,-4.397825,-4.897825,-4.6778245,-4.8478246,-4.7278247,-4.647825,-4.047825,-2.6778247,-1.3178247,-1.7278247,-2.0878248,-2.8378248,-1.3478247,-1.1978247,-2.7378247,-2.7578247,-2.6678247,-0.3378247,1.1521753,-0.21782471,0.2121753,0.2921753,1.4821754,1.7321754,2.3021753,3.6421752,0.4821753,-1.8478247,-1.3378247,-0.3678247,-2.2278247,-0.9378247,0.57217526,1.3221753,3.0521753,3.3821752,2.2021754,1.3321753,0.69217527,1.2021753,1.2121753
5.3321753,5.142175,4.602175,4.2321754,4.2721753,3.9521754,3.4021752,2.9321754,2.7721753,2.6821754,3.3121753,3.7521753,2.8121753,1.5021753,1.2221752,0.46217528,-0.5278247,-0.3278247,-2.2778246,-2.8278246,-3.2278247,-2.9278247,-3.2978246,-4.2678246,-3.5078247,-3.1378248,-2.6478248,-3.0478246,-2.4778247,-1.4778247,-1.6178247,-1.9178247,-1.8978248,-1.9678247,-1.8278247,-1.5778247,-1.4678247,-1.4778247,-1.4578247,-0.23782471,1.0621753,-1.6478248,-1.6378247,-0.24782471,-0.2778247,-0.5178247,-1.2578247,-3.5478246,-0.3778247,0.4821753,0.8621753,1.3721753,2.6321752,2.1521752,1.7121753,0.4421753,-3.0478246,-0.3078247
5.392175,4.9021754,4.5021753,4.412175,4.2321754,4.012175,4.0921755,4.3321753,4.702175,6.492175,6.262175,6.202175,5.6721754,4.032175,5.372175,2.4921753,-0.107824706,0.08217529,-0.12782471,-1.9178247,-3.5278246,-3.7078247,-2.8978248,-2.4378247,-1.9778247,-2.0878248,-2.5878248,-2.6678247,-2.5278246,-2.9478247,-2.4278247,-1.0378247,-0.7778247,-2.7178247,-3.2378247,-1.4078248,0.03217529,0.5921753,0.4221753,0.14217529,-0.5678247,-1.3478247,-0.7978247,-0.2778247,-1.1578248,-1.5078247,-0.9778247,-1.8278247,-1.2778248,1.1921753,1.7621753,0.052175295,-1.5678247,-1.4078248,-0.7378247,-1.1878247,-1.6178247,-2.6378248
4.682175,4.3321753,4.4021754,4.4621754,4.2721753,4.2321754,4.2521753,3.5621753,4.1121755,3.5921752,4.602175,3.1021752,2.8421752,1.7221752,0.2921753,1.0121753,-0.1978247,-2.2578247,-1.4578247,-0.6378247,-0.9978247,-1.6678247,-1.3478247,-1.4978247,-2.6278248,-0.31782472,-0.3978247,-0.7878247,0.042175293,-0.1678247,-0.7978247,-0.3678247,-1.6678247,-3.1578248,-3.5378246,-3.1178248,-4.6878247,-4.0778246,-3.2478247,-5.2478247,-8.6978245,-10.067824,-9.687824,-9.927825,-9.107824,-12.787825,-7.1678247,-3.5478246,-7.7478247,-6.627825,-5.4978247,-5.2078247,-5.067825,-5.9778247,-6.8078246,-7.067825,-7.2478247,-7.5578246
4.702175,4.682175,5.6321754,5.5021753,6.352175,6.5021753,6.4221754,6.682175,5.872175,2.9621754,0.7221753,-0.21782471,-0.9478247,0.5021753,1.6621753,0.1621753,-1.5178246,-2.8278246,-2.5978248,-2.2778246,-2.7278247,-3.2278247,-3.4378247,-4.007825,-1.9278247,-2.5678246,-1.6878247,-1.1378247,-1.0678247,-0.67782474,0.3921753,-0.4278247,-2.2878246,-2.7378247,-2.5778246,1.7321754,-3.4778247,-1.7378247,-1.3378247,-0.8578247,-1.5878247,-0.8178247,-0.5278247,-0.41782472,-0.4078247,-3.3778248,-3.0578246,0.49217528,-2.7378247,-2.5378246,-3.3378248,-4.147825,-5.1178246,-5.987825,-6.0378246,-6.647825,-7.987825,-7.8878245
6.2921753,6.662175,6.5821753,5.8121753,4.5421753,5.4021754,6.2521753,6.122175,5.2721753,4.4221754,5.4621754,3.7721753,-0.1678247,-2.2178247,-2.2878246,-2.6578248,-1.3278247,-1.5778247,-2.7778246,-3.3978248,-3.5078247,-2.2578247,-3.6978247,-3.9178247,-2.5878248,-2.4078248,-2.1778247,-2.6078248,-2.6678247,-1.9478247,-1.2878247,0.2421753,-0.107824706,0.12217529,0.102175295,1.0921752,2.0521753,1.8221753,1.3021753,-3.2178247,-3.7078247,-4.837825,-4.2278247,-2.1578248,-7.9078245,-11.647824,-10.9478245,-8.247825,-5.737825,-4.1178246,-3.3978248,-3.6778247,-3.9878247,-4.3278246,-5.2478247,-5.047825,-6.1178246,-7.4178247
6.5021753,6.282175,5.8021755,5.6721754,5.2721753,5.8021755,5.702175,5.2521753,5.242175,5.4221754,5.7521753,3.8321753,4.742175,3.8821752,1.2921753,-0.017824708,-1.5178246,-2.6678247,-2.8178246,-3.3778248,-2.8878248,-3.3778248,-3.6478248,-1.8778247,-1.5878247,-1.3478247,-1.4478247,-1.0678247,-0.7778247,-2.5078247,-1.2078247,-1.3978248,0.3421753,-0.9478247,0.20217529,-0.2778247,-0.9878247,-1.5378247,-0.7378247,-2.9078248,-5.587825,-5.5578246,-1.2678246,-1.3778247,-1.5678247,-1.2178247,0.8521753,2.0521753,1.5521753,-0.3678247,-1.9278247,-0.55782473,2.0021753,0.5221753,-1.6478248,-2.9578247,-4.1378245,-4.547825
6.3221755,5.992175,4.682175,3.9921753,3.9521754,4.202175,3.8521752,2.8621752,3.2221754,1.6221753,2.8921752,2.7021754,3.7821753,0.1821753,0.3621753,-1.2478247,-0.2078247,-0.8878247,-1.2478247,-3.6578248,-4.1878247,-4.737825,-3.3278246,-2.8278246,-1.2878247,-1.2278247,-0.80782473,0.9921753,1.3721753,-3.4778247,-1.3278247,-1.5878247,-1.1078247,0.8121753,-0.037824705,-0.09782471,0.002175293,1.2921753,1.2921753,-1.1278247,-2.1778247,-2.4778247,0.9321753,-0.5478247,-1.4878247,-1.1178247,-1.4678247,-2.2678246,0.7221753,1.2721753,-1.3678247,-2.5078247,-2.8478248,0.7621753,2.3421752,3.4521754,2.4121752,1.9321753
3.0421753,3.0221753,2.8021753,2.5921752,2.7021754,5.6721754,2.7421753,2.5521753,2.8021753,1.7521753,1.8421752,1.8121753,1.0821753,-1.1078247,-2.5578246,-4.4178247,-2.6278248,-1.6278247,-0.5478247,-1.3778247,-3.7078247,-3.1178248,-4.547825,-4.067825,-2.7578247,-2.6278248,-2.3578248,-1.8578247,-0.8778247,-0.15782471,-1.7078247,0.002175293,-1.2278247,0.17217529,-0.4378247,0.4521753,1.3421752,2.9321754,2.8021753,2.5821753,0.82217526,-1.2178247,-0.3878247,-0.05782471,-1.7078247,-1.3278247,-3.7378247,-6.5578246,-7.317825,-7.147825,-8.047825,-8.617825,-5.717825,-3.3478248,-2.4178247,-1.6178247,-0.9678247,-0.7978247
0.6621753,-1.4978247,1.3921753,1.9421753,2.7321754,4.352175,6.8621755,8.422175,7.4021754,6.0721755,3.8921752,2.0721753,3.4521754,3.7321754,5.5521755,-0.3278247,-0.18782471,-4.3078246,-4.007825,-3.5078247,-2.1978247,-3.9778247,-4.237825,-3.6478248,-3.6778247,-3.0278246,-3.6478248,-3.3078246,-2.2878246,-1.3278247,-0.4078247,0.1821753,0.20217529,-1.0878247,-1.9678247,-0.9678247,0.7221753,2.4521754,3.0621753,3.0921752,4.2121754,3.7521753,1.1621753,1.3721753,1.9121753,0.43217528,0.022175293,-1.2378247,-0.09782471,-1.7878247,-1.1478248,-1.3578247,-3.9378247,-6.0378246,-6.4978247,-5.8478246,-1.1878247,-1.5178246
-0.1178247,-0.2978247,-1.8478247,-1.3578247,-1.1478248,0.6121753,-2.8078246,-3.0778246,-1.6078247,2.4921753,2.9921753,5.0021753,5.6721754,7.032175,3.7321754,0.09217529,1.6821753,-2.2778246,-3.7178247,-4.2278247,-5.4078245,-4.027825,-5.337825,-5.0378246,-6.107825,-5.7878246,-4.7478247,-3.6478248,-3.3078246,-2.9978247,-2.3978248,-0.7878247,1.4521753,-0.017824708,-3.5678246,-3.7978246,-1.0878247,0.9121753,1.7221752,3.7321754,4.262175,5.0921755,3.5921752,4.2121754,4.512175,5.952175,2.6421752,1.6821753,2.0221753,1.8821753,1.7121753,2.0321753,1.2521753,1.1721753,-1.6178247,-9.267825,-7.467825,-5.8678246
-1.0678247,-1.0778247,-0.5378247,-0.8178247,-2.1778247,-1.5678247,0.88217527,0.102175295,-3.8778248,-3.4178247,-2.4178247,-2.6378248,-2.0478246,-0.67782474,-1.4978247,-2.1778247,-1.5278248,1.5321753,0.4421753,-2.5678246,-3.5478246,-4.7878246,-5.9478245,-5.5378246,-6.1978245,-5.0378246,-5.3678246,-4.627825,-3.2978246,-2.4278247,-2.9178247,-2.7078247,-1.9178247,-1.5278248,0.1621753,0.4421753,-3.5278246,-1.1978247,1.6621753,2.6221752,2.9821754,2.7921753,1.1221753,4.742175,5.8321753,5.5821753,3.2521753,3.2321754,2.8721752,1.9821754,2.0821753,2.1521752,3.2821753,3.0221753,2.6121752,-0.5878247,0.4421753,-4.2878246
-0.7978247,-0.5078247,0.8121753,-0.7378247,-1.9878247,0.8721753,1.2821753,-0.28782472,2.1421752,-1.0478247,-1.2878247,-2.3778248,-0.92782474,-1.4478247,-2.1378248,-0.13782471,-0.67782474,1.4921753,-0.3978247,-1.7978247,0.8621753,-2.4678247,-3.8878248,-4.0778246,-4.837825,-5.7078247,-6.6378245,-5.3678246,-5.2078247,-4.2278247,-3.7478247,-2.6778247,-1.2578247,-1.9578247,-1.0478247,-0.2078247,-0.8178247,-3.5178246,-1.5978247,-0.6278247,0.3821753,1.3821753,2.4321754,3.2221754,3.3521752,3.4021752,3.2621753,-0.1978247,2.9621754,4.5721755,5.4021754,2.7521753,3.3621752,2.3621752,1.6121753,2.1621752,1.8821753,-2.0378246
-1.8278247,0.5621753,1.8621753,2.9821754,2.4421754,0.5921753,0.1921753,3.1221752,0.6521753,4.4821754,1.4521753,2.4321754,-2.7678246,-3.9978247,-2.4678247,0.5521753,0.012175293,0.102175295,1.7021753,1.6721753,1.7121753,2.2021754,3.1321752,3.0621753,3.0721753,1.6821753,-2.7778246,-4.147825,-5.3478246,-5.2278247,-3.6978247,-2.5078247,-1.2078247,-0.007824707,-1.1878247,-1.8678247,-0.67782474,-2.4878247,-0.8178247,-0.5678247,-2.3578248,-0.7878247,1.1321753,2.9221754,2.8821752,3.7621753,2.9121752,3.1921754,2.5121753,1.8221753,1.8321753,2.2721753,2.0621753,2.8721752,2.6321752,3.6121752,3.5021753,3.9921753
