json/gfs_20240721_12.json
{"header": { "discipline":0, "disciplineName":"Meteorological products", "gribEdition":2, "gribLength":79972, "center":7, "centerName":"US National Weather Service - NCEP(WMC)", "subcenter":0, "refTime":"2024-07-21T12:00:00.000Z", "significanceOfRT":1, "significanceOfRTName":"Start of forecast", "productStatus":0, "productStatusName":"Operational products", "productType":1, "productTypeName":"Forecast products", "productDefinitionTemplate":0, "productDefinitionTemplateName":"Analysis/forecast at horizontal level/layer at a point in time", "parameterCategory":2, "parameterCategoryName":"Momentum", "parameterNumber":2, "parameterNumberName":"U-component_of_wind", "parameterUnit":"m.s-1", "genProcessType":2, "genProcessTypeName":"Forecast", "forecastTime":0, "surface1Type":103, "surface1TypeName":"Specified height level above ground", "surface1Value":10.0, "surface2Type":255, "surface2TypeName":"Missing", "surface2Value":0.0, "gridDefinitionTemplate":0, "gridDefinitionTemplateName":"Latitude_Longitude", "numberPoints":65160, "shape":6, "shapeName":"Earth spherical with radius of 6,371,229.0 m", "gridUnits":"degrees", "resolution":48, "winds":"true", "scanMode":0, "nx":360, "ny":181, "basicAngle":0, "lo1":0.0, "la1":90.0, "lo2":359.0, "la2":-90.0, "dx":1.0, "dy":1.0 }, "data":
[rows 26 to 51 of 181, columns 0 to 56 of 360]
-8.369382,-7.0593824,-5.3293824,-6.339382,-4.3893824,-0.4393823,-0.049382325,0.18061768,1.4606177,-3.6193824,-5.4493823,-4.839382,-7.609382,-5.5793824,-5.1893826,-2.2893822,-2.9593823,-2.2193823,-3.0193822,-3.3593824,-4.089382,-3.9793823,-2.8093824,-2.2693822,-2.5393822,-2.3493824,-2.0493822,-2.2893822,-2.7793822,-2.8193824,-3.1893823,-3.4493823,-3.5693824,-3.4693823,-3.1793823,-3.1293824,-3.0493822,0.77061766,-2.2293823,-3.5793824,-3.4693823,-3.2793822,-3.3593824,-3.4293823,-3.3093824,-3.2693822,-3.2093823,-3.3293824,-3.1593823,-3.0593824,-3.2993822,-3.1793823,-2.7493823,-2.5893824,-2.5793824,-2.2893822,-2.2193823
7.3206177,-0.009382324,-3.3793824,-1.8393823,-5.779382,-3.9293823,-1.4593823,-0.7693823,-0.009382324,-0.049382325,-1.6793823,-1.8993824,-1.5393823,-3.0993824,-2.8093824,-2.5193822,-3.3393824,-2.8193824,-3.3593824,-3.7493823,-2.9993823,-0.7493823,-2.6693823,-2.7693822,-2.8693824,-3.4393823,-2.2393823,-2.8993824,-2.5193822,-3.3793824,-3.2393823,-3.8693824,-3.9193823,-3.0093822,-2.4693823,-2.9793823,-3.2293823,-3.7893822,-4.0793824,-3.5393822,-3.6393824,-3.4093823,-3.4193823,-3.3993824,-3.6593823,-3.6093824,-3.3393824,-3.5193822,-3.1093824,-3.0593824,-3.0893824,-3.0593824,-2.8193824,-2.7093823,-2.3193824,-1.7193823,-1.9593823
5.7806177,9.200618,2.6806176,-0.24938232,4.390618,-0.53938234,0.6206177,-1.2293823,-1.3493823,-3.9293823,0.7406177,-2.1693823,-0.8893823,-1.7793823,-2.8593824,-2.1693823,-3.5393822,-2.8093824,-2.5093822,-2.7093823,-0.44938233,2.4306176,-1.8093823,-2.2193823,-2.8193824,-2.8293824,-3.1493824,-3.8293824,-2.5693824,-2.6393824,-3.7393823,-3.8593824,-3.9693823,-4.0393825,-3.8793824,-2.9593823,-3.5593824,-3.5893824,-3.8893824,-3.6193824,-3.3793824,-3.5093822,-3.6593823,-3.1893823,-3.3693824,-3.4693823,-3.6593823,-3.6393824,-3.6893823,-3.2693822,-3.6293824,-3.2093823,-3.3893824,-2.8893824,-2.9893823,-3.2593822,-3.3193824
7.4206176,6.890618,8.710618,0.21061768,0.9506177,2.7206178,-4.5993824,-3.6093824,-3.1393824,-2.0393822,-2.2693822,-1.3493823,-0.47938234,-2.5893824,-2.9993823,-0.6393823,-3.6593823,-3.3293824,-3.3693824,-3.2293823,-1.0693823,0.5606177,-3.3393824,-2.0593824,-2.1093824,-2.0793824,-2.9993823,-4.279382,-1.4993824,-4.609382,-3.6793823,-2.0593824,-0.8893823,-2.6293824,-4.399382,-4.0993824,-3.1493824,-3.8193824,-3.6593823,-3.5993824,-3.3593824,-3.4793823,-3.2693822,-3.1693823,-3.4993823,-3.4693823,-3.5993824,-3.7893822,-3.7993822,-3.8993824,-3.5793824,-4.0193825,-3.7093823,-3.9293823,-3.7193823,-3.3693824,-3.5793824
6.640618,6.1506176,7.6906176,5.7406178,-1.6693823,0.59061766,-2.2093823,-4.3093824,-3.8493824,-3.2493823,-1.0993823,-2.1393824,-2.6993823,-1.4793823,-2.0993824,-2.5993824,-3.5493822,-2.2393823,-2.0893824,-2.7393823,-3.0993824,-0.60938233,0.4306177,-0.8293823,-3.6993823,-4.1793823,-4.2593822,-4.2393823,-3.3393824,-2.9293823,-1.4493823,-0.89938235,-1.5493823,-1.8093823,-2.4193823,-2.3493824,-2.6693823,-3.7993822,-3.9493823,-3.8293824,-3.7393823,-3.6293824,-3.1393824,-3.6193824,-4.379382,-2.2493823,-4.0993824,-4.4593825,-4.0593824,-4.149382,-4.2293825,-4.2693825,-4.2293825,-3.8393824,-3.7893822,-3.0493822,-3.1193824
5.930618,5.3806176,5.7706175,5.890618,-3.5593824,-3.6493824,-5.7493825,-7.3893824,-5.069382,-3.0493822,-0.85938233,3.0306177,-3.2593822,-3.2693822,-0.7393823,-2.1293824,-1.9293823,-0.9493823,-2.8293824,-2.6593823,-2.7793822,-3.8093824,-4.7593822,-2.8193824,-2.5593824,-2.2593822,-2.4893823,-1.8493823,-0.059382323,-1.0593823,-1.1493824,-1.1293824,0.19061768,-1.1893823,-1.7493824,-1.5093824,-0.6193823,-1.3493823,-2.9093823,-3.9193823,-2.7293823,-5.339382,-2.8993824,-3.5893824,-4.379382,-4.319382,-4.2493825,-5.049382,-4.279382,-4.6193824,-4.7193823,-4.3293824,-4.2193823,-3.8493824,-3.5593824,-2.7193823,-2.2493823
4.0206175,5.2406178,5.200618,6.0106177,3.1706176,-4.2893825,-7.0093822,-7.7893825,-6.359382,-5.6393824,-5.4793825,-1.1693823,2.9706178,-1.1893823,-2.8393824,-1.7693824,-2.9193823,-1.9993824,-1.3193823,-0.77938235,0.85061765,1.7006177,1.2306176,0.9906177,1.9806176,-0.07938232,-0.39938232,-0.059382323,0.24061768,1.3406177,-1.0793823,-0.9493823,-0.7993823,-1.0593823,-0.41938233,-0.66938233,0.22061768,0.29061767,-1.1293824,-0.9893823,-1.6193824,-1.5693823,-2.2593822,-2.9893823,-4.5793824,-3.8093824,-4.8693824,-4.5393825,-4.279382,-5.0193825,-7.049382,-7.0193825,-6.589382,-5.609382,-4.4993825,-4.3693824,-3.3393824
3.3506176,4.8106174,4.950618,5.5906177,4.5206175,2.2006178,-0.13938232,0.9206177,-1.7693824,-3.1493824,-4.819382,-4.3293824,-1.3693824,-0.71938235,0.18061768,-0.4393823,-3.2293823,-2.1393824,-0.5493823,-1.1893823,0.020617675,0.9206177,0.72061765,-0.35938233,1.2506176,1.4206177,2.3306177,-1.8393823,1.4506177,0.110617675,0.48061767,-0.5793823,0.6906177,1.6206176,1.0606177,-0.89938235,0.14061767,-1.3693824,-0.83938235,-0.20938233,-0.099382326,0.09061768,-0.059382323,-0.45938233,-0.85938233,-3.3293824,-3.3393824,-4.339382,-3.5593824,-3.5793824,-5.0593824,-3.5893824,-4.0993824,-3.5493822,-4.9093823,-4.1993823,-3.3693824
6.7406178,7.4606175,5.0906177,6.1906176,5.0206175,3.7306178,2.5106177,0.3106177,3.5806177,-3.3393824,-4.4993825,-5.089382,-3.6593823,-3.1993823,-4.1193824,-3.9793823,-4.0393825,-3.3793824,-2.2493823,-0.29938233,0.5706177,3.2706177,1.6406177,1.8306177,1.9006177,1.6706177,1.7206177,1.6106176,1.0406177,2.4306176,1.8506176,1.6106176,1.7006177,1.4606177,2.6106176,1.7706177,1.9306177,2.5106177,3.1806176,1.5506177,1.3006177,0.48061767,0.25061768,1.0606177,1.9806176,1.6906177,1.2806177,-0.28938234,-0.66938233,-2.4193823,-1.7993823,-1.6393824,-1.4793823,-2.2493823,-1.8593823,-1.9093823,-2.1693823
3.4806178,4.5406175,5.220618,6.0706177,4.1706176,4.640618,3.0606177,1.8806176,1.2306176,-1.8693824,-6.2893825,-6.2193823,-6.2593822,-6.529382,-5.1393824,-5.359382,-5.819382,-6.0193825,-5.839382,-3.2993822,-3.2993822,0.53061765,0.97061765,0.48061767,1.2806177,2.1306176,1.2706177,1.3606176,2.8706176,1.8706176,2.7406178,2.1206176,2.3206177,2.5906177,2.3406177,2.9306176,3.6606176,2.5606177,1.0706177,3.3306177,2.9206176,2.5606177,3.5106177,2.7606177,3.9206176,3.4906178,3.6606176,2.0506177,3.9306176,2.3706176,2.7406178,1.9306177,-0.08938232,-1.4993824,-0.59938234,-1.0893823,-1.3793824
-2.1193824,4.1306176,3.9306176,3.7806177,3.5306177,4.2106175,3.5606177,2.7106178,5.120618,1.0906177,-2.4093823,-3.4993823,-3.6693823,-2.9593823,-3.3693824,-1.9193823,-0.13938232,0.9306177,-2.1993823,-0.6393823,-0.6893823,-0.59938234,0.60061765,0.91061765,2.3606176,-0.39938232,2.7106178,1.5206177,1.6206176,1.6006176,1.1406177,2.7806177,2.6706176,2.8506176,2.8906176,1.3906177,2.7506177,4.0306177,3.7006178,3.8906176,4.470618,4.3006177,4.3106174,3.8606176,5.390618,3.8206177,2.6206176,3.6906176,1.9606177,4.8006177,3.4706178,-0.4093823,-0.41938233,-1.4593823,0.8706177,1.2206177,1.9206177
3.2506177,1.2006177,3.3606176,4.3106174,4.3806176,4.4206176,1.3406177,-0.029382324,5.7606177,0.16061768,-0.7993823,-1.6193824,-2.9193823,-1.1693823,-0.8793823,-0.8193823,-0.9593823,-1.7493824,0.4306177,1.1706177,0.060617674,1.2406176,1.6406177,0.41061768,1.5006176,1.2806177,-1.2693824,-0.08938232,1.7706177,-0.7993823,1.9506177,2.5306177,1.7306176,2.6806176,2.5806177,1.6706177,3.2706177,2.5006177,4.3206177,4.4806175,2.7606177,3.7306178,4.720618,2.5306177,2.5206177,7.410618,2.3406177,3.1306176,5.3806176,1.0506177,-0.009382324,-0.78938234,-4.299382,-6.089382,-4.3093824,-0.7393823,-0.45938233
3.2106178,2.9706178,0.7906177,2.0006177,4.3206177,3.4606178,2.8506176,3.4906178,3.3406177,3.1806176,1.4506177,-0.32938233,0.19061768,1.1306176,-1.3593823,-0.6893823,-2.3193824,-1.8493823,-1.7593824,-0.72938234,-0.96938235,-0.8193823,-0.4093823,-1.0293823,-1.1593823,-2.1793823,-1.6693823,0.27061766,0.84061766,1.0506177,2.2306178,2.3506176,2.4106176,1.1506177,0.32061768,3.8706176,3.9806178,2.5506177,5.3806176,2.8406177,4.600618,4.5706177,4.160618,4.8006177,2.5106177,6.6506176,6.100618,3.9506178,1.2306176,1.6006176,4.5306177,5.640618,5.390618,1.0106177,-4.549382,-1.8993824,-2.4093823
1.1506177,0.8106177,1.9106177,4.6306176,3.8506176,3.7506177,4.2706175,3.7706177,2.3006177,1.4206177,4.220618,2.6906176,3.2206178,1.9006177,0.09061768,1.5806177,-2.7393823,-0.8893823,-0.4393823,-1.2293823,-0.53938234,-1.8493823,-1.6093823,-1.6093823,-2.4293823,-2.3593824,-1.9893823,-0.96938235,-0.64938235,-0.099382326,1.5506177,2.1206176,2.9606178,1.7306176,2.6206176,1.3406177,0.6806177,3.2506177,6.2906175,3.8106177,1.5706177,3.3906176,1.4506177,4.3606176,5.2906175,7.850618,3.3306177,6.720618,4.6906176,2.9906178,7.7706175,6.0206175,7.180618,5.910618,7.3806176,1.8806176,1.3606176
5.2606177,6.0706177,4.5706177,4.2406178,1.8206177,2.6806176,2.2206178,3.7606177,2.8306177,2.5406177,3.1706176,3.7106178,1.7606177,0.97061765,0.08061767,-0.5593823,-0.52938235,1.6406177,-2.1293824,-2.4893823,-1.9793823,-2.6493824,-4.629382,-2.4693823,-2.4393823,-0.65938234,-0.049382325,-1.2493824,1.2906177,1.1306176,-1.3893824,-0.15938233,-0.24938232,-0.18938233,1.7806177,1.3806176,1.4006177,1.5606177,2.7306178,3.4206176,2.7706177,3.6306176,4.4406176,2.7406178,-1.3993824,5.350618,4.5706177,5.8206177,6.620618,6.3006177,7.0506177,7.120618,8.540618,7.8806176,6.120618,2.4206176,3.4306176
3.1006176,4.3106174,3.6506176,0.45061767,1.5606177,1.7906177,3.2606177,3.2606177,4.390618,4.4406176,3.0306177,3.6206176,-1.0993823,1.4606177,-2.4893823,-0.7593823,0.08061767,0.030617677,2.3106177,1.5206177,-1.5193824,-0.60938233,0.9806177,-0.59938234,-0.7393823,-0.16938232,-0.83938235,-1.2993823,3.6706176,3.3706176,0.65061766,0.5406177,1.1506177,-1.5593823,2.0006177,1.0906177,0.10061768,0.72061765,2.3506176,3.1006176,3.2906177,3.7506177,4.220618,4.7806177,5.200618,1.1906177,5.450618,4.120618,5.6506176,5.5206175,6.0506177,8.600617,9.050617,8.640617,-10.169382,10.950618,8.690618
3.7406178,3.9206176,2.8006177,3.1706176,3.9906178,4.450618,3.4806178,2.8206177,2.7006178,2.1506176,1.9906176,2.2606177,-0.7493823,0.19061768,-1.7493824,-1.4193823,0.39061767,2.5906177,1.9806176,3.0206177,0.3706177,2.9706178,2.8306177,-2.8193824,-0.6993823,-0.07938232,0.17061767,-0.5493823,-5.4293823,3.3506176,3.0906177,-1.6493824,-1.1493824,-0.099382326,1.9806176,-0.21938233,0.83061767,-0.8193823,1.6806177,-1.9893823,0.27061766,0.7006177,2.5006177,3.0306177,3.4806178,1.4906176,3.1706176,2.5606177,3.6106176,4.9606175,5.8606176,9.280618,10.000618,8.820618,-6.9793825,7.4906178,6.4906178
2.7306178,3.5206177,4.6506176,3.2006178,3.1206176,3.4306176,3.8006177,1.9506177,0.6306177,0.38061768,-0.049382325,-1.7893823,0.6306177,-0.36938232,-1.8393823,-2.2993822,1.2306176,3.0206177,3.2806177,1.2506176,3.2806177,1.1106176,-0.3493823,1.4506177,1.0606177,1.8906177,-0.6393823,-2.6193824,-3.6493824,-1.8793824,1.8306177,2.9906178,-0.019382324,-2.0593824,1.7806177,0.010617676,0.27061766,-1.4193823,1.7206177,2.7106178,-0.27938232,-1.1693823,-1.8393823,-0.47938234,1.1506177,0.71061766,2.5006177,2.2806177,1.2106177,4.390618,6.470618,4.8806176,7.330618,9.490618,-8.599382,8.250618,5.700618
2.3206177,2.9006176,2.9806178,5.220618,3.6106176,1.1506177,0.4306177,0.65061766,-0.97938234,1.1906177,1.0406177,1.0406177,-1.4293823,1.3606176,2.4706178,0.71061766,0.6706177,1.9606177,-0.7993823,4.3006177,2.8206177,0.10061768,2.0406177,2.2806177,2.0106177,4.8406177,1.6206176,0.9806177,-2.7593822,-0.78938234,-3.3993824,-0.49938232,3.7706177,-4.069382,-6.6793823,-4.319382,-2.7793822,-0.26938233,1.8206177,-0.65938234,-0.9593823,-1.4893823,-0.6393823,-2.8093824,0.47061768,-0.13938232,2.7906177,3.1806176,1.4106177,2.6406176,3.0206177,7.4606175,8.230618,8.190618,7.720618,5.2706175,0.3406177
3.1306176,2.9606178,1.9906176,3.1206176,1.7506176,2.8606176,0.44061768,-1.4093823,-1.3493823,1.2406176,-0.14938232,-1.1593823,-3.3493824,-1.3693824,1.4106177,2.7606177,1.1806177,1.2706177,1.3306177,2.8206177,1.6406177,3.5306177,2.7106178,1.8406177,4.1706176,4.950618,0.97061765,3.0106177,-0.7693823,-0.5793823,-3.5293822,-0.85938233,-0.16938232,3.1006176,7.4206176,-1.6093823,1.7906177,3.7706177,2.1706176,-1.6293824,-0.7393823,-2.3093824,-3.7193823,-1.7293823,-3.8493824,0.020617675,-0.7993823,3.2006178,2.5506177,1.6706177,1.7306176,2.6506176,4.2106175,4.4606175,6.6306176,1.0206177,0.16061768
5.8606176,7.4206176,6.8006177,5.120618,3.4406176,3.5906177,-0.3193823,-2.3493824,-2.7493823,-1.3893824,1.4106177,0.9306177,0.33061767,-7.6993823,-2.9993823,1.2306176,2.8006177,1.9406177,0.6206177,-0.9593823,0.7506177,1.0006176,2.9806178,1.8006177,4.0006175,2.6106176,3.2206178,3.3706176,-4.2593822,-2.3093824,0.13061768,-0.3193823,0.60061765,-0.22938232,-0.9293823,-0.29938233,1.0006176,1.6706177,2.2206178,1.0506177,-0.44938233,-2.1593823,-3.9193823,-3.9693823,-1.3993824,2.0206177,3.0706177,2.0906177,4.430618,2.8006177,3.6506176,0.3706177,-4.069382,2.1006176,5.220618,-1.8393823,1.9406177
1.4406177,3.6806176,7.5606174,8.660618,8.250618,6.7306175,-2.7293823,-3.9793823,-4.379382,5.4206176,-3.3793824,0.91061765,2.7906177,4.7906175,-5.1193824,0.58061767,3.8206177,4.9006176,5.7906175,5.660618,6.0306177,1.1906177,3.2306178,3.9306176,4.330618,-2.9393823,0.66061765,0.47061768,-3.8893824,-1.6493824,-0.099382326,1.2106177,1.4306177,-0.60938233,-0.9293823,-2.3593824,-1.2793823,-1.0593823,0.3706177,-0.46938232,-0.78938234,2.5206177,1.8506176,-0.6993823,-0.6193823,-0.53938234,-0.23938233,0.32061768,6.200618,5.660618,1.5806177,-4.2493825,-0.019382324,7.2606177,5.9606175,-0.059382323,2.6106176
4.5906177,0.59061766,1.1806177,2.0106177,4.4906178,8.390617,0.25061768,-1.7193823,0.020617675,4.7706175,-4.069382,-2.4193823,0.66061765,2.4306176,-0.5493823,-5.2893825,-0.46938232,1.4406177,3.5806177,5.6506176,6.620618,3.6406176,-0.11938232,4.3806176,-2.8093824,-0.35938233,4.450618,2.6006176,-3.4493823,-4.2193823,-2.5693824,-0.7493823,-1.6993823,-2.4693823,-3.3993824,-3.3193824,-1.5793823,-2.2493823,-1.1293824,-2.7293823,-1.0493823,1.1406177,4.2906175,2.1606176,7.1306176,-0.4093823,0.7306177,-0.26938233,0.8606177,1.7706177,0.20061767,0.8206177,1.6106176,3.2606177,9.150618,0.050617676,1.4406177
11.260617,10.830618,-0.9993823,-5.9093823,0.78061765,3.3306177,5.200618,2.0706177,1.1106176,1.2406176,-5.8293824,-3.4393823,-0.83938235,0.39061767,3.3506176,4.470618,-0.46938232,-4.0393825,0.8006177,3.2906177,7.1506176,4.3006177,-2.9693823,2.7806177,1.3706176,0.6306177,0.58061767,-5.029382,-4.5393825,-4.2093825,-2.8293824,-0.9893823,0.7406177,1.8506176,0.8706177,1.3106177,-6.049382,-1.0193824,-0.29938233,2.3806176,-0.13938232,1.5606177,1.5006176,1.6506177,-0.96938235,-1.0893823,-1.3293823,2.3806176,0.21061768,0.91061765,4.910618,1.5206177,1.0006176,1.4606177,3.5306177,-4.2293825,-3.4793823
-7.4493823,-1.9693823,-3.6293824,-6.4493823,-3.0493822,0.21061768,1.8106177,-0.24938232,1.1906177,1.0806177,-3.5693824,-2.7293823,-1.3693824,-1.1693823,0.89061767,3.1406176,5.390618,-2.5093822,5.4406176,2.3206177,2.6706176,2.0406177,-1.3293823,-3.6093824,-2.1993823,6.176758E-4,-0.9293823,-2.9593823,2.3306177,1.8106177,-1.7393823,1.1806177,2.2406178,3.3606176,-1.3593823,-0.48938233,0.58061767,-0.8293823,-0.5793823,-1.4893823,-0.33938232,1.2406176,0.28061768,1.0906177,2.1706176,3.0606177,-1.0793823,-0.29938233,-3.8593824,-6.4593825,-3.5693824,-0.5693823,-0.71938235,3.1206176,0.5506177,-2.1393824,-3.7893822
-7.4393826,-6.1593823,-0.9993823,-7.3293824,-2.8793824,2.9306176,4.8406177,3.7806177,-6.7293825,-1.8993824,-0.13938232,-0.8893823,-1.8793824,-3.8093824,-2.3593824,-0.6993823,2.0606177,-4.029382,-1.5893823,2.7006178,5.6906176,5.4806175,1.1506177,-3.1293824,-0.16938232,4.2606177,4.8206177,5.450618,4.3606176,3.4406176,-1.8393823,1.3506176,0.83061767,0.3106177,-1.5293823,-0.42938232,-1.8193823,-0.27938232,-0.16938232,0.9206177,-1.1593823,0.33061767,-0.6293823,2.5706177,4.2606177,-1.5693823,-2.1693823,-2.4493823,-3.6793823,-4.549382,-2.3993824,-0.22938232,1.9406177,4.7406178,5.830618,2.2806177,-4.4993825
