json/gfs_20240717_06.json
{"header": { "discipline":0, "disciplineName":"Meteorological products", "gribEdition":2, "gribLength":78996, "center":7, "centerName":"US National Weather Service - NCEP(WMC)", "subcenter":0, "refTime":"2024-07-17T06:00:00.000Z", "significanceOfRT":1, "significanceOfRTName":"Start of forecast", "productStatus":0, "productStatusName":"Operational products", "productType":1, "productTypeName":"Forecast products", "productDefinitionTemplate":0, "productDefinitionTemplateName":"Analysis/forecast at horizontal level/layer at a point in time", "parameterCategory":2, "parameterCategoryName":"Momentum", "parameterNumber":2, "parameterNumberName":"U-component_of_wind", "parameterUnit":"m.s-1", "genProcessType":2, "genProcessTypeName":"Forecast", "forecastTime":0, "surface1Type":103, "surface1TypeName":"Specified height level above ground", "surface1Value":10.0, "surface2Type":255, "surface2TypeName":"Missing", "surface2Value":0.0, "gridDefinitionTemplate":0, "gridDefinitionTemplateName":"Latitude_Longitude", "numberPoints":65160, "shape":6, "shapeName":"Earth spherical with radius of 6,371,229.0 m", "gridUnits":"degrees", "resolution":48, "winds":"true", "scanMode":0, "nx":360, "ny":181, "basicAngle":0, "lo1":0.0, "la1":90.0, "lo2":359.0, "la2":-90.0, "dx":1.0, "dy":1.0 }, "data":
[rows 100 to 124 of 181, columns 58 to 115 of 360]
-9.457825,-8.857824,-9.377825,-7.897825,-7.7678246,-8.597825,-9.347825,-9.1978245,-8.067824,-8.527824,-8.227825,-7.3878245,-7.897825,-9.207825,-10.047825,-10.057825,-10.047825,-10.727825,-10.617825,-10.507825,-10.587825,-9.987824,-9.557825,-8.497825,-8.837825,-8.877825,-9.047825,-8.217825,-7.487825,-7.6778245,-7.8478246,-7.357825,-8.1578245,-7.987825,-7.9378247,-8.717825,-8.317824,-7.1578245,-8.007825,-8.117825,-7.9978247,-7.1178246,-7.9578247,-8.677825,-9.097825,-8.997825,-9.327825,-9.247825,-9.777824,-9.427825,-9.267825,-8.377825,-8.227825,-8.317824,-7.2478247,-7.507825,-7.987825,-8.857824
-9.707825,-10.527824,-8.847825,-8.897824,-8.487824,-8.117825,-8.817824,-10.087825,-9.687824,-8.627825,-8.717825,-7.6178246,-7.9578247,-8.557825,-9.627825,-10.037825,-10.647824,-10.727825,-10.537825,-10.637825,-10.617825,-10.057825,-9.837825,-9.107824,-9.267825,-8.987824,-8.627825,-8.627825,-7.6978245,-7.9478245,-7.297825,-6.7878246,-7.237825,-7.487825,-7.8678246,-8.167825,-8.787825,-8.497825,-7.397825,-7.0378246,-7.987825,-8.887825,-7.9778247,-7.897825,-7.9078245,-7.987825,-9.107824,-8.837825,-8.517825,-8.347825,-8.397824,-7.527825,-7.4578247,-7.9378247,-8.037825,-7.897825,-8.1578245,-8.237824
-10.737824,-10.587825,-10.867825,-9.557825,-8.617825,-9.637825,-9.467825,-9.517825,-9.887825,-10.167825,-9.367825,-9.767825,-9.187824,-8.767825,-9.437824,-10.117825,-10.517825,-10.4078245,-10.4478245,-10.067824,-10.377825,-10.077825,-10.357824,-9.897824,-9.107824,-9.067824,-9.137825,-8.417825,-8.267825,-7.6978245,-7.0578246,-6.9978247,-7.527825,-7.467825,-7.5778246,-7.3078246,-8.377825,-6.3078246,-7.1878247,-7.797825,-8.057825,-8.257825,-6.7678246,-7.3878245,-6.357825,-7.277825,-7.3878245,-8.427825,-8.467825,-8.397824,-7.7678246,-7.257825,-6.857825,-7.4178247,-7.777825,-8.417825,-7.6578245,-7.1878247
-9.617825,-10.057825,-11.097825,-10.207825,-9.237824,-9.497825,-10.977825,-10.737824,-10.457825,-9.847825,-10.127825,-10.177825,-9.9478245,-9.897824,-9.977825,-10.257825,-10.237824,-10.577825,-10.637825,-10.267825,-10.4078245,-10.187824,-10.597825,-10.537825,-10.097825,-9.587825,-8.887825,-8.737824,-8.487824,-7.8678246,-7.027825,-6.9078245,-7.8478246,-7.9278245,-7.647825,-8.367825,-7.9378247,-8.107824,-8.067824,-7.357825,-6.6778245,-7.8478246,-6.277825,-8.287825,-7.1178246,-7.9578247,-6.717825,-7.9578247,-7.607825,-7.5578246,-7.087825,-7.3878245,-9.067824,-8.4478245,-8.037825,-7.6678247,-7.2278247,-7.3278246
-9.917825,-9.567824,-9.667825,-11.037825,-11.557825,-10.897824,-11.217825,-11.267825,-10.547825,-10.397824,-10.6578245,-10.537825,-9.957825,-10.827825,-10.417825,-10.487824,-10.787825,-10.897824,-11.077825,-10.547825,-10.327825,-10.617825,-10.707825,-10.6978245,-10.147824,-9.667825,-9.367825,-8.957825,-9.007825,-8.1578245,-7.587825,-7.237825,-7.527825,-7.5178246,-7.4978247,-8.167825,-6.837825,-7.107825,-6.9778247,-7.5178246,-7.107825,-5.7678246,-6.627825,-6.777825,-7.257825,-6.627825,-6.987825,-7.397825,-6.087825,-5.9978247,-5.987825,-8.317824,-8.537825,-8.6578245,-7.817825,-6.9478245,-5.8878245,-7.4778247
-11.517825,-10.6578245,-10.387825,-10.347825,-10.547825,-11.357824,-11.027824,-11.227825,-11.957825,-11.837825,-11.887825,-10.647824,-11.017825,-11.467825,-10.967825,-11.617825,-11.057825,-11.177825,-11.337825,-11.397824,-11.327825,-11.427825,-11.727825,-11.347825,-10.967825,-9.847825,-9.347825,-9.4078245,-9.357824,-9.307825,-7.9278245,-7.3678246,-7.7678246,-7.067825,-6.837825,-6.147825,-5.237825,-5.9278245,-5.8678246,-6.3278246,-5.2878246,-5.3678246,-5.1978245,-6.3878245,-6.8678246,-5.6178246,-5.8278246,-6.877825,-5.527825,-5.587825,-7.467825,-8.427825,-7.897825,-7.6878247,-6.967825,-6.6978245,-6.237825,-6.6378245
-9.057825,-7.9178247,-7.6678247,-10.167825,-10.787825,-11.137825,-11.477825,-11.287825,-12.387825,-12.027824,-11.467825,-11.167825,-11.247825,-11.557825,-11.877825,-12.1578245,-11.617825,-11.847825,-11.4478245,-11.247825,-11.427825,-11.647824,-11.287825,-11.327825,-10.877825,-10.317824,-10.117825,-9.637825,-9.747825,-9.047825,-8.037825,-7.817825,-7.377825,-6.6978245,-6.4178247,-5.1378245,-4.4178247,-3.7878246,-4.467825,-4.2078247,-4.027825,-4.147825,-5.857825,-4.3078246,-4.987825,-5.337825,-5.9778247,-5.467825,-5.107825,-5.837825,-8.117825,-8.397824,-7.2478247,-6.4078245,-5.9378247,-5.6778245,-5.9178247,-6.257825
-7.2878246,-8.507825,-11.217825,-11.797825,-11.617825,-11.507825,-11.577825,-11.587825,-12.277824,-11.547825,-11.267825,-11.167825,-11.317824,-11.667825,-12.087825,-11.887825,-11.927825,-12.367825,-11.857824,-11.637825,-11.187824,-11.257825,-11.097825,-10.487824,-10.057825,-9.597825,-9.4078245,-8.787825,-8.747825,-8.557825,-8.397824,-7.987825,-7.107825,-5.7678246,-5.1178246,-4.4178247,-4.8278246,-3.6378248,-2.0478246,-2.1478248,-1.4778247,-2.3678248,-4.087825,-5.5778246,-4.587825,-3.7578247,-3.7678246,-4.5378246,-3.9278247,-4.9278245,-7.1578245,-7.6778245,-6.4278245,-5.6878247,-5.4278245,-6.1678247,-6.397825,-7.6378245
-6.757825,-10.857824,-11.757825,-11.027824,-10.917825,-10.877825,-11.667825,-10.267825,-11.467825,-11.047825,-10.997825,-11.007825,-11.477825,-11.707825,-12.917825,-12.967825,-13.357824,-13.027824,-12.1578245,-11.527824,-11.027824,-10.827825,-10.347825,-9.397824,-9.327825,-8.787825,-7.627825,-7.1978245,-6.607825,-6.3078246,-6.487825,-6.897825,-6.647825,-5.8078246,-4.5178246,-3.9178247,-3.6678247,-3.4778247,-3.1378248,-1.3378247,0.27217528,0.6021753,-2.5178246,-2.9978247,-3.0978248,-2.8178246,-4.4078245,-3.2578247,-2.3278246,-3.6578248,-6.3878245,-6.897825,-6.1178246,-5.4178247,-6.5578246,-7.357825,-7.5378246,-8.917825
-10.257825,-11.477825,-11.047825,-9.027824,-10.307825,-10.1578245,-10.287825,-10.067824,-10.367825,-10.307825,-10.287825,-10.937824,-11.917825,-13.237824,-13.737824,-13.417825,-12.9478245,-12.587825,-12.087825,-11.807825,-11.577825,-10.827825,-10.537825,-9.837825,-9.1578245,-9.467825,-8.737824,-8.017825,-6.8078246,-5.127825,-4.4978247,-4.6978245,-3.7478247,-4.6178246,-4.967825,-3.7778246,-2.2278247,-2.6378248,-2.1278248,-1.7378247,-1.3378247,0.9021753,-0.12782471,-2.6778247,-3.6078248,-2.0478246,-3.6378248,-2.8978248,0.5821753,-2.5778246,-4.0378246,-5.9178247,-6.5378246,-6.217825,-6.8078246,-6.6878247,-8.137825,-8.717825
-9.307825,-10.527824,-10.437824,-9.267825,-9.457825,-9.787825,-9.667825,-9.9078245,-9.427825,-9.707825,-11.077825,-12.167825,-12.517825,-12.477825,-12.917825,-11.927825,-12.267825,-13.137825,-12.747825,-12.677825,-12.347825,-11.397824,-10.627825,-10.477825,-9.817824,-9.1578245,-8.667825,-8.487824,-7.777825,-6.5978246,-5.6378245,-2.7378247,-2.5378246,-2.1478248,-3.7678246,-2.8678248,-2.3778248,-0.6578247,-1.1478248,-1.6478248,-0.31782472,-0.047824707,0.7421753,-0.15782471,-1.6878247,-0.31782472,-0.3978247,-0.9078247,-0.09782471,-0.3078247,-1.7778248,-4.277825,-6.147825,-5.9778247,-5.8278246,-5.7478247,-7.1878247,-8.437824
-9.477825,-10.047825,-8.987824,-9.857824,-9.397824,-8.707825,-9.287825,-9.027824,-9.107824,-12.017825,-13.077825,-12.437824,-12.267825,-12.297825,-12.077825,-12.617825,-13.067824,-13.1978245,-13.067824,-11.817824,-12.727825,-11.667825,-11.377825,-10.967825,-10.167825,-9.627825,-9.1978245,-8.707825,-7.987825,-6.7278247,-5.6878247,-4.587825,-2.6878247,-1.8278247,-1.9978247,-1.4478247,-1.3378247,-2.0678246,-0.7778247,1.0421753,0.2221753,1.0221753,1.4821754,1.9321753,2.0521753,1.3821753,2.4521754,1.3421752,-0.5278247,0.11217529,0.3921753,-1.7478247,-5.4378247,-4.2878246,-5.5378246,-5.6578245,-7.4478245,-7.9478245
-9.417825,-9.327825,-8.857824,-7.737825,-9.507825,-7.9378247,-8.187824,-8.977825,-11.707825,-12.6578245,-11.937824,-11.717825,-12.277824,-12.627825,-12.437824,-12.987824,-12.867825,-13.097825,-12.647824,-12.027824,-11.707825,-11.577825,-11.317824,-10.767825,-10.057825,-9.1578245,-8.867825,-8.287825,-7.4978247,-7.7278247,-6.2878246,-6.297825,-5.9578247,-3.5978248,-1.8778247,-1.6678247,-0.8778247,-2.0678246,-2.2278247,-1.9878247,1.3521752,2.1521752,2.0821753,1.6621753,3.3621752,3.9621754,2.8721752,2.9221754,2.2721753,2.1221752,1.1821753,-0.09782471,-3.3278246,-2.8278246,-4.1378245,-4.7878246,-4.9078245,-3.3678248
-8.577825,-9.257825,-8.397824,-7.9278245,-7.2278247,-8.087825,-10.117825,-11.877825,-11.717825,-12.467825,-10.4478245,-11.467825,-11.587825,-11.267825,-12.6978245,-12.317824,-12.4478245,-12.337825,-12.4078245,-12.327825,-11.367825,-10.607824,-11.247825,-10.317824,-9.287825,-7.9478245,-7.2678246,-7.6378245,-6.547825,-6.3678246,-5.8278246,-6.4578247,-6.0378246,-6.6678247,-6.297825,-6.607825,-5.0778246,-3.5178246,-2.9678247,-2.5878248,-2.2778246,0.88217527,2.9021752,4.242175,2.4421754,1.0221753,3.2721753,3.5721753,2.6621752,3.8721752,2.2621753,1.3221753,0.43217528,-2.2478247,-2.6178248,-3.0578246,-1.3878247,-1.4578247
-6.317825,-7.3078246,-7.817825,-6.757825,-7.087825,-8.387825,-9.397824,-9.277824,-10.587825,-10.777824,-11.297825,-10.787825,-11.167825,-11.4078245,-11.467825,-11.807825,-12.187824,-12.097825,-11.807825,-11.1578245,-11.127825,-10.807825,-10.357824,-9.6578245,-8.807825,-8.1978245,-7.5578246,-7.0378246,-6.337825,-5.3078246,-5.4378247,-5.4378247,-5.5578246,-5.817825,-5.2278247,-5.5378246,-5.527825,-6.0178246,-4.9178247,-4.797825,-4.1378245,-3.8778248,-1.9478247,2.3921752,2.0921752,4.122175,6.182175,4.9421754,3.5621753,5.3621755,2.3121753,1.3521752,0.4221753,-0.037824705,-2.2378247,-1.2878247,-0.4278247,-0.41782472
-3.9178247,-6.1678247,-7.0178246,-6.4178247,-6.4378247,-7.8478246,-7.1178246,-9.687824,-9.477825,-10.437824,-10.347825,-10.337825,-10.257825,-11.397824,-10.797825,-11.457825,-11.537825,-11.317824,-10.347825,-10.4078245,-9.817824,-9.667825,-9.257825,-8.177825,-7.3078246,-7.107825,-6.027825,-6.627825,-7.5378246,-4.9378247,-4.4478245,-4.4978247,-4.217825,-3.5478246,-4.9478245,-3.6078248,-3.7478247,-3.7978246,-3.4278247,-2.5378246,-2.9778247,-2.7278247,-2.8378248,-3.8578248,0.9121753,2.8821752,4.9221754,5.0621753,4.7121754,5.0421753,3.7921753,2.3721752,1.6321753,1.1321753,0.9721753,0.1321753,2.0121753,0.9121753
-2.2278247,-3.9378247,-7.1378245,-6.587825,-5.467825,-7.4778247,-7.817825,-8.317824,-8.727825,-9.057825,-10.037825,-9.577825,-10.1578245,-10.797825,-10.337825,-9.847825,-10.567824,-10.587825,-8.057825,-9.597825,-8.357824,-8.9478245,-8.567824,-7.4578247,-7.067825,-6.1378245,-7.237825,-6.7478247,-5.397825,-5.1578245,-4.067825,-3.6378248,-3.6578248,-2.3078246,-2.3578248,-2.6378248,-2.5178246,-2.2578247,-1.7778248,-1.5078247,-1.5778247,-1.7878247,-0.28782472,-1.2778248,-2.0278246,-1.7878247,-1.0078247,3.9421754,4.9221754,4.5521755,4.5521755,4.4021754,2.7421753,3.2421753,2.8221753,1.5021753,3.0821753,2.0421753
-1.1378247,-5.297825,-5.5778246,-7.3078246,-5.357825,-5.627825,-7.3878245,-7.027825,-7.5978246,-6.7278247,-8.307825,-9.427825,-8.867825,-10.187824,-10.207825,-9.377825,-9.557825,-8.747825,-8.717825,-8.037825,-7.7078247,-7.7078247,-7.8678246,-7.8278246,-6.4078245,-5.9078245,-5.107825,-4.0978246,-4.507825,-3.8478248,-2.8078246,-2.7578247,-2.1578248,-1.9078248,-1.0278248,-1.7278247,-1.7278247,-1.9578247,-0.9078247,0.2221753,0.43217528,-0.9178247,0.5421753,0.062175293,-0.5778247,-0.8978247,-1.7178247,-0.027824707,4.5421753,5.8421755,6.3221755,7.182175,6.3121753,6.3021755,4.122175,2.8121753,2.6821754,2.9521754
0.23217529,-3.4078248,-4.277825,-5.757825,-5.0578246,-3.6278248,-5.2678246,-5.877825,-7.4278245,-7.3678246,-7.7878246,-9.017825,-8.067824,-9.107824,-9.1978245,-8.777824,-8.567824,-7.6378245,-7.9578247,-8.587825,-7.337825,-7.587825,-6.4078245,-6.317825,-5.1878247,-4.7278247,-4.4278245,-3.7878246,-2.9878247,-2.2378247,-0.4678247,-1.0978247,0.3721753,0.03217529,-0.5178247,-1.1978247,-0.12782471,-0.4978247,0.7821753,-0.4878247,-0.107824706,0.2121753,0.08217529,0.43217528,1.3221753,2.1921754,1.1521753,0.3921753,2.3121753,10.212175,7.1721754,5.782175,5.5721755,7.762175,5.5721755,4.8821754,3.9621754,3.7621753
1.2521753,0.042175293,-1.9078248,-2.7878246,-6.027825,-4.3878245,-4.817825,-5.3678246,-6.1778245,-6.9578247,-6.5778246,-7.717825,-7.987825,-7.9278245,-7.6378245,-7.7878246,-7.127825,-6.757825,-6.0978246,-7.1178246,-5.9978247,-6.0178246,-5.797825,-5.9378247,-4.2278247,-4.1778245,-2.6278248,-1.9078248,-1.2978247,-0.24782471,-0.5678247,-1.0778247,0.12217529,0.5621753,1.2521753,2.8621752,-0.3978247,0.022175293,0.3521753,0.1621753,-0.18782471,0.5821753,1.8821753,0.5621753,2.7321754,2.0521753,2.3121753,3.6621752,2.8521752,2.6021752,6.0721755,6.992175,6.2921753,7.932175,6.012175,5.8321753,3.0221753,2.9421754
3.0121753,2.5321753,-0.7278247,-1.8978248,-3.4378247,-4.357825,-2.6778247,-4.717825,-4.8278246,-5.6778245,-5.277825,-6.5578246,-6.1778245,-6.1678247,-6.7878246,-6.377825,-6.397825,-5.9278245,-5.3078246,-5.357825,-6.547825,-4.9778247,-4.3278246,-3.7178247,-1.7778248,-2.4478247,-0.21782471,0.2821753,-0.09782471,2.2321754,0.8621753,1.3021753,2.2621753,0.9321753,1.1421753,2.2821753,1.5021753,2.9321754,2.8221753,1.0521753,2.5521753,0.7021753,1.4521753,1.7221752,3.3321753,2.4721754,4.1721754,3.4821754,4.7121754,3.0621753,5.2121754,6.7121754,7.4621754,6.6521754,6.0021753,5.662175,6.2121754,3.2221754
5.7721753,4.0721755,-0.6078247,-1.6378247,-1.9078248,-5.1778245,-3.0178246,-2.8878248,-3.6978247,-4.987825,-4.237825,-6.067825,-4.4978247,-5.5778246,-6.067825,-5.6778245,-6.5978246,-5.7678246,-4.0578246,-5.377825,-5.0978246,-4.7078247,-4.217825,-1.6278247,-0.9378247,-1.0578247,0.5021753,2.3021753,3.0921752,3.2621753,3.9821754,4.1721754,2.0921752,2.7121754,2.8021753,3.1221752,3.4721754,2.7921753,4.8221755,4.7721753,2.1221752,2.4221754,2.0921752,3.4221754,2.7521753,2.4621754,3.6921754,3.2521753,4.9421754,4.932175,1.0021753,3.7221754,5.5521755,8.752175,7.4221754,7.9621754,7.032175,3.5621753
7.2521753,5.222175,1.0421753,-0.9478247,-1.2678246,-0.9678247,-2.9778247,-2.3878248,-3.5878248,-3.7978246,-3.6278248,-4.0178246,-4.527825,-4.2478247,-3.5378246,-5.9378247,-4.257825,-5.8678246,-4.0578246,-3.7378247,-3.9478247,-2.7378247,-1.3878247,-0.3578247,1.7221752,1.7121753,2.4621754,3.8921752,3.2521753,4.5421753,5.642175,5.682175,4.932175,5.122175,5.3621755,3.7821753,4.722175,4.6121755,3.8321753,5.2721753,5.142175,3.7121754,2.6921754,3.8421752,3.4621754,3.8921752,2.3521752,2.5721753,2.5221753,4.182175,4.122175,2.0821753,5.8121753,5.852175,9.002175,7.5021753,7.0721755,5.9221754
5.282175,6.5621753,2.7821753,-0.6878247,-0.08782471,-0.017824708,-1.0878247,-3.2078247,-2.7078247,-2.8578248,-3.6978247,-3.3478248,-2.7578247,-2.8778248,-3.6278248,-3.3578248,-4.7878246,-3.7578247,-2.6478248,-1.9178247,-1.0678247,-0.077824704,0.9321753,1.1021752,1.3621753,-0.3678247,0.8021753,2.0421753,2.2821753,3.3521752,3.9121752,5.1521754,7.3321753,6.722175,6.9621754,6.2921753,5.2321754,5.2921753,3.8221753,5.392175,5.5821753,6.9221754,6.0221753,5.1721754,3.8521752,4.8821754,2.9221754,3.2721753,2.8621752,2.6721754,4.5221753,3.0221753,3.5021753,4.3021755,9.422175,8.862175,8.352176,6.472175
4.782175,5.722175,2.6121752,0.9221753,0.49217528,0.08217529,-0.8178247,-2.3478248,-2.9678247,-3.5478246,-2.7178247,-3.1678247,-1.8778247,-2.0578246,-0.5978247,-1.9478247,-3.3278246,-1.5178246,-0.9778247,1.0021753,0.4121753,0.27217528,0.69217527,1.5321753,0.9121753,0.4121753,2.2021754,2.9421754,2.0621753,2.1121752,3.3221753,3.9521754,4.0621753,5.1121755,7.1721754,7.682175,7.242175,6.0921755,4.7921753,6.1721754,6.222175,6.3121753,7.5921755,7.182175,4.8121753,4.3221755,4.4621754,3.8321753,3.7321754,4.0721755,3.1321752,3.3921752,1.6721753,2.6521752,1.5521753,9.462175,7.1921754,4.622175
