json/gfs_20240719_00.json
{"header": { "discipline":0, "disciplineName":"Meteorological products", "gribEdition":2, "gribLength":79796, "center":7, "centerName":"US National Weather Service - NCEP(WMC)", "subcenter":0, "refTime":"2024-07-19T00:00:00.000Z", "significanceOfRT":1, "significanceOfRTName":"Start of forecast", "productStatus":0, "productStatusName":"Operational products", "productType":1, "productTypeName":"Forecast products", "productDefinitionTemplate":0, "productDefinitionTemplateName":"Analysis/forecast at horizontal level/layer at a point in time", "parameterCategory":2, "parameterCategoryName":"Momentum", "parameterNumber":3, "parameterNumberName":"V-component_of_wind", "parameterUnit":"m.s-1", "genProcessType":2, "genProcessTypeName":"Forecast", "forecastTime":0, "surface1Type":103, "surface1TypeName":"Specified height level above ground", "surface1Value":10.0, "surface2Type":255, "surface2TypeName":"Missing", "surface2Value":0.0, "gridDefinitionTemplate":0, "gridDefinitionTemplateName":"Latitude_Longitude", "numberPoints":65160, "shape":6, "shapeName":"Earth spherical with radius of 6,371,229.0 m", "gridUnits":"degrees", "resolution":48, "winds":"true", "scanMode":0, "nx":360, "ny":181, "basicAngle":0, "lo1":0.0, "la1":90.0, "lo2":359.0, "la2":-90.0, "dx":1.0, "dy":1.0 }, "data":
[rows 108 to 134 of 181, columns 0 to 60 of 360]
3.540437,5.240437,5.2704372,4.990437,6.430437,6.7704372,6.700437,7.780437,8.600437,9.440437,10.150437,11.030437,5.2704372,0.910437,1.980437,3.980437,0.99043703,-0.36956298,-0.50956297,-0.05956299,-1.629563,-1.119563,-0.869563,-0.599563,-1.739563,-1.249563,-0.33956298,-0.11956299,0.530437,0.840437,-1.129563,-2.049563,-0.109562986,0.700437,0.830437,0.23043701,-1.089563,-0.569563,1.470437,2.6404371,3.060437,3.3904371,4.090437,5.140437,2.680437,1.940437,1.310437,0.98043704,1.490437,-0.049562987,2.060437,2.850437,3.770437,4.260437,5.5204372,5.240437,4.200437,4.180437,3.570437,1.070437,2.540437
3.620437,5.110437,5.440437,5.200437,5.190437,5.790437,6.880437,7.000437,7.060437,8.240437,9.180437,8.630437,8.620437,0.260437,-0.819563,3.240437,4.320437,3.200437,-1.949563,-1.289563,-0.489563,-1.319563,-0.999563,0.500437,-0.479563,-1.079563,-1.519563,0.630437,0.500437,0.520437,-0.739563,-1.939563,-1.859563,-0.269563,-0.51956296,-1.199563,-0.529563,1.380437,2.240437,2.780437,3.370437,3.710437,4.040437,4.560437,2.730437,0.810437,0.35043702,-0.12956299,0.430437,-0.249563,1.090437,1.890437,2.770437,3.210437,4.000437,5.390437,2.700437,3.510437,2.200437,-0.319563,1.170437
4.430437,5.120437,5.670437,5.300437,5.510437,5.760437,5.630437,5.960437,6.720437,7.570437,8.100437,8.470437,8.870437,5.950437,-0.009562988,0.360437,2.510437,3.870437,2.170437,0.61043704,-2.099563,-2.249563,-1.899563,-0.689563,-0.94956297,-1.349563,-0.349563,-1.059563,0.520437,-1.399563,-1.539563,-1.6695629,-1.649563,-1.459563,-0.779563,-3.139563,-1.909563,-0.529563,0.940437,2.540437,3.650437,4.050437,3.850437,3.460437,2.300437,0.37043703,0.500437,-0.919563,-0.36956298,0.460437,0.25043702,1.060437,2.170437,2.580437,3.170437,4.010437,2.860437,3.330437,1.820437,-1.649563,-1.5495629
3.150437,3.480437,3.860437,4.530437,5.690437,5.970437,5.690437,6.310437,6.090437,6.030437,6.960437,7.890437,8.110437,7.510437,0.19043702,0.680437,1.170437,0.950437,3.870437,3.000437,0.430437,-1.029563,-2.179563,-1.899563,-1.899563,0.99043703,1.710437,-0.619563,-2.3595629,-1.769563,-1.329563,-0.449563,-1.569563,-2.579563,-1.619563,-1.709563,-2.899563,-0.82956296,0.390437,1.520437,3.370437,4.560437,4.210437,3.340437,0.80043703,1.170437,-0.259563,-0.299563,-0.51956296,-1.579563,-0.009562988,1.390437,2.970437,2.980437,2.580437,-0.37956297,3.350437,4.2704372,3.700437,-1.519563,-1.459563
3.550437,5.350437,5.840437,5.150437,4.140437,5.0204372,5.610437,5.500437,5.510437,6.260437,6.400437,5.940437,6.820437,6.070437,4.810437,1.620437,0.31043702,1.140437,1.480437,4.0204372,3.1404371,-2.269563,1.3304371,-3.299563,-2.249563,-1.949563,-1.139563,-1.719563,-1.569563,-2.999563,-2.479563,-1.489563,-2.699563,-3.119563,-2.309563,-1.259563,-3.329563,-1.739563,-0.169563,1.090437,2.950437,4.490437,5.310437,4.490437,0.510437,2.430437,2.500437,0.390437,-0.289563,-1.579563,0.67043704,2.170437,1.880437,1.520437,0.950437,1.280437,1.620437,3.930437,3.130437,-0.589563,-1.389563
3.430437,5.100437,6.030437,5.680437,5.950437,6.810437,6.180437,5.050437,5.400437,6.010437,6.050437,6.220437,7.140437,7.090437,7.740437,0.23043701,-0.789563,-2.399563,1.030437,4.410437,3.880437,2.980437,-0.419563,0.13043702,-3.369563,-2.349563,-3.139563,-4.219563,-3.189563,-0.11956299,-0.959563,-1.709563,-2.539563,-3.069563,-3.209563,-2.069563,-4.879563,-2.699563,-1.079563,0.300437,1.890437,3.910437,4.7704372,4.790437,-1.059563,-1.619563,-0.94956297,0.890437,0.13043702,-1.679563,0.18043701,2.420437,2.830437,-0.07956299,0.20043701,0.320437,1.150437,1.370437,2.250437,1.630437,-0.799563
5.840437,5.450437,4.830437,5.640437,6.150437,6.510437,7.080437,7.140437,5.820437,4.590437,5.980437,6.570437,6.860437,6.300437,7.130437,2.850437,-0.529563,0.270437,3.320437,3.200437,4.530437,5.250437,3.8904371,1.710437,-0.689563,-2.6095629,-1.879563,-2.319563,-0.749563,-1.319563,-0.359563,-0.629563,-1.7995629,-3.579563,-2.679563,-2.649563,-6.609563,-4.259563,-2.309563,-0.07956299,1.7004371,2.800437,3.520437,2.340437,1.3304371,1.540437,-1.579563,-0.15956299,-3.369563,-2.189563,-0.529563,1.120437,2.980437,1.9504371,2.290437,2.560437,0.640437,-0.719563,0.31043702,0.570437,1.420437
2.870437,2.970437,3.410437,3.520437,4.400437,5.070437,5.410437,5.930437,6.530437,6.690437,3.980437,4.970437,5.430437,6.430437,6.950437,1.2004371,0.710437,0.34043702,3.290437,2.600437,3.510437,4.700437,3.080437,3.480437,3.960437,1.930437,1.400437,-0.349563,-1.249563,-0.739563,0.73043704,0.060437012,-2.519563,-3.879563,-7.549563,-8.909563,-8.509563,-6.119563,-4.079563,-2.229563,-0.37956297,1.210437,2.230437,2.620437,1.620437,1.560437,0.260437,-1.729563,0.11043701,1.760437,2.240437,2.280437,2.680437,3.590437,4.360437,4.400437,4.190437,1.930437,-0.50956297,-0.729563,-0.429563
3.330437,3.150437,4.260437,4.700437,3.510437,2.660437,3.310437,3.920437,5.110437,6.5204372,7.040437,6.050437,5.100437,5.040437,5.050437,3.480437,0.15043701,0.140437,2.330437,2.580437,4.410437,4.000437,4.000437,3.650437,2.6404371,3.650437,4.050437,1.7004371,0.13043702,-1.789563,-1.249563,0.41043702,-2.939563,-8.149563,-10.799563,-10.779563,-9.519563,-7.279563,-5.199563,-3.569563,-1.699563,-0.419563,0.55043703,1.240437,1.060437,0.870437,1.190437,0.910437,-0.109562986,0.480437,1.030437,1.620437,2.080437,2.570437,3.180437,3.950437,4.310437,4.140437,3.450437,2.940437,-0.629563
4.450437,4.7704372,4.560437,5.410437,4.250437,4.340437,3.790437,4.880437,4.450437,3.090437,3.310437,5.400437,6.030437,6.980437,4.470437,4.900437,0.660437,0.460437,0.850437,2.960437,3.850437,4.5204372,4.570437,3.060437,3.830437,3.310437,3.700437,1.390437,1.400437,0.890437,0.21043701,-1.289563,-1.449563,-8.759563,-11.759563,-10.879563,-9.439563,-8.769563,-6.919563,-5.449563,-3.729563,-2.419563,-1.179563,-0.23956299,0.23043701,0.41043702,0.44043702,0.55043703,0.710437,1.060437,1.570437,1.960437,1.820437,2.050437,2.550437,3.110437,3.550437,3.700437,3.920437,4.0204372,3.900437
3.590437,4.000437,4.670437,4.000437,4.420437,3.660437,3.080437,2.710437,3.530437,3.450437,3.780437,3.730437,3.420437,4.350437,4.910437,3.1404371,0.19043702,0.35043702,0.940437,1.9504371,3.410437,4.080437,2.920437,3.240437,3.840437,3.460437,3.060437,3.340437,0.830437,-1.719563,-0.49956298,-0.969563,5.350437,1.250437,-13.159563,-11.719563,-10.919563,-9.619563,-8.419563,-7.149563,-5.439563,-4.029563,-2.679563,-1.269563,-0.719563,-0.33956298,0.35043702,0.940437,1.820437,2.270437,2.380437,2.250437,2.320437,2.6404371,2.620437,2.660437,2.930437,3.330437,2.650437,2.3904371,2.520437
2.420437,3.3904371,4.000437,4.140437,2.760437,2.930437,2.740437,3.250437,2.040437,1.800437,2.930437,3.420437,2.100437,2.920437,2.490437,3.030437,1.190437,0.100437015,1.390437,1.9504371,4.070437,3.570437,2.470437,2.500437,2.790437,3.060437,2.330437,2.970437,4.370117E-4,-1.089563,1.470437,1.440437,12.520437,6.7704372,-13.639563,-12.929563,-11.829563,-10.719563,-9.679563,-8.269563,-7.039563,-5.499563,-3.419563,-2.229563,-1.459563,-0.049562987,0.24043702,1.160437,2.080437,2.750437,3.510437,4.050437,3.850437,2.260437,1.890437,2.160437,2.6404371,2.570437,3.160437,3.250437,3.060437
0.890437,3.330437,2.580437,1.930437,3.120437,3.590437,3.250437,2.990437,0.86043704,0.750437,1.310437,2.150437,0.61043704,0.940437,0.460437,0.830437,0.20043701,-2.509563,0.05043701,0.28043702,0.530437,3.000437,3.310437,2.380437,2.350437,2.460437,1.370437,-1.079563,-1.9195629,-1.689563,1.630437,11.020437,14.220437,2.490437,-11.639563,-13.109563,-12.279563,-10.899563,-10.039563,-9.819563,-8.519563,-6.359563,-4.879563,-3.139563,-1.479563,-2.199563,-0.43956298,1.390437,1.890437,2.490437,2.870437,3.260437,3.800437,3.990437,3.650437,3.730437,1.900437,1.870437,1.850437,2.440437,2.360437
4.050437,0.960437,3.650437,2.290437,0.850437,1.660437,0.620437,1.610437,2.780437,-1.7995629,-0.389563,-0.489563,-0.629563,-1.019563,-0.21956299,-0.429563,-0.51956296,-0.879563,-3.369563,-0.419563,0.680437,0.700437,1.400437,0.520437,0.820437,1.150437,1.3304371,-1.849563,-2.019563,1.070437,3.750437,12.960437,14.450437,11.410437,-6.109563,-11.369563,-11.819563,-12.579563,-11.329563,-9.409563,-8.489563,-7.009563,-5.689563,-3.769563,-1.489563,0.400437,1.230437,1.710437,2.530437,2.790437,2.220437,2.710437,3.690437,3.830437,4.450437,3.910437,2.590437,1.750437,1.650437,1.190437,0.92043704
2.270437,2.790437,1.630437,1.670437,0.320437,0.690437,-0.839563,0.580437,-0.19956298,0.44043702,-2.349563,-1.309563,-2.529563,-2.679563,-2.289563,-1.559563,-2.059563,-1.539563,-2.759563,-0.739563,-2.009563,-2.439563,-3.349563,-2.159563,-1.2995629,-0.37956297,-1.759563,-0.429563,-0.779563,-1.719563,8.300437,10.530437,12.690437,12.710437,-4.239563,-8.579563,-12.189563,-11.079563,-10.549563,-9.199563,-8.999563,-7.409563,-5.199563,-4.289563,-2.149563,-0.12956299,1.120437,1.960437,2.790437,3.750437,3.850437,4.120437,4.510437,4.070437,3.450437,2.800437,3.020437,2.020437,0.620437,0.31043702,0.220437
3.020437,2.490437,2.590437,3.240437,2.1404371,1.090437,0.19043702,-0.919563,-2.199563,-2.949563,-0.479563,-1.749563,-2.779563,-3.169563,-3.139563,-3.399563,-3.849563,-3.039563,-3.579563,-4.809563,-4.2295628,-4.319563,1.0804371,-1.339563,-1.379563,-1.479563,0.20043701,0.020437011,0.12043701,5.540437,8.620437,8.160437,9.660437,11.160437,8.260437,-6.889563,-9.879563,-10.469563,-10.449563,-10.559563,-9.239563,-7.079563,-5.899563,-4.269563,-2.979563,-1.429563,0.20043701,2.100437,3.080437,3.800437,3.820437,4.960437,4.080437,3.660437,4.100437,2.420437,2.600437,2.500437,2.360437,1.970437,1.190437
4.450437,4.300437,3.900437,3.980437,3.740437,3.1404371,1.910437,1.630437,-0.50956297,-1.359563,-2.849563,-2.429563,-4.159563,-2.539563,-3.409563,-3.149563,-5.239563,-3.549563,-6.219563,-3.579563,-1.619563,-2.269563,-1.749563,-1.399563,-1.489563,-2.239563,-0.07956299,1.920437,4.950437,7.090437,6.490437,6.910437,7.2704372,8.990437,10.580437,4.760437,-6.929563,-8.699563,-9.419563,-10.309563,-9.749563,-8.749563,-7.359563,-5.929563,-4.179563,-2.439563,-0.17956299,1.780437,3.210437,4.420437,5.680437,5.350437,6.690437,6.480437,6.260437,5.290437,2.8904371,2.850437,3.1404371,2.930437,2.000437
5.380437,5.560437,5.380437,4.840437,4.800437,4.610437,3.620437,3.020437,1.170437,-1.219563,-1.609563,-2.689563,-4.449563,-5.399563,-5.139563,-6.169563,-6.499563,-5.309563,-5.289563,-7.089563,-5.559563,-1.729563,0.710437,0.700437,-0.779563,0.770437,1.130437,3.380437,3.510437,5.970437,6.460437,5.310437,5.730437,5.130437,6.580437,7.330437,-2.309563,-8.359563,-9.749563,-10.909563,-10.579563,-9.789563,-8.559563,-6.609563,-5.119563,-2.489563,-0.859563,1.250437,3.160437,4.000437,4.730437,5.370437,5.250437,4.490437,5.090437,5.180437,4.100437,2.850437,3.040437,2.190437,1.980437
7.890437,8.570437,7.600437,7.820437,8.170437,8.210437,8.160437,8.580437,8.670437,6.630437,-0.619563,-2.829563,-4.209563,-6.039563,-6.129563,-6.389563,-7.459563,-8.369563,-7.549563,-6.459563,-5.359563,-4.669563,-4.7295628,-3.449563,-2.329563,-1.229563,0.80043703,1.630437,2.590437,3.940437,5.210437,6.470437,4.990437,3.480437,3.700437,5.980437,5.230437,-4.489563,-9.829563,-10.559563,-11.479563,-11.129563,-9.499563,-8.169563,-5.749563,-3.429563,-0.94956297,0.750437,2.3904371,4.030437,5.170437,6.010437,5.920437,7.190437,7.670437,6.860437,5.880437,5.000437,4.240437,3.050437,2.680437
7.530437,7.430437,7.980437,8.120437,8.960437,8.670437,8.810437,8.390437,8.230437,7.320437,6.330437,4.100437,-3.629563,-6.649563,-8.259563,-8.319563,-8.009563,-7.759563,-8.219563,-8.069563,-6.509563,-6.079563,-5.269563,-4.639563,-2.969563,-2.649563,0.17043701,1.470437,1.810437,1.9504371,2.110437,4.080437,4.340437,2.340437,1.470437,3.230437,4.150437,2.050437,-8.049563,-11.869563,-11.249563,-11.209563,-10.059563,-9.009563,-6.239563,-3.599563,-1.729563,0.650437,2.970437,4.470437,5.890437,7.000437,8.200437,7.880437,8.070437,7.660437,7.140437,7.100437,6.110437,5.660437,2.940437
6.260437,7.190437,7.300437,7.590437,8.760437,9.060437,9.190437,8.240437,8.700437,7.930437,7.450437,6.890437,6.820437,-2.789563,-9.519563,-10.099563,-9.989563,-10.199563,-9.119563,-8.789563,-8.399563,-7.149563,-6.849563,-4.689563,-2.039563,-1.629563,-0.12956299,1.270437,2.710437,3.690437,1.760437,1.460437,3.110437,0.270437,-0.75956297,2.260437,3.920437,4.320437,-3.719563,-9.009563,-11.889563,-12.059563,-10.809563,-8.839563,-6.7295628,-4.839563,-1.7995629,0.890437,3.170437,4.760437,5.880437,7.220437,7.620437,8.100437,8.340437,7.610437,7.590437,8.190437,7.7704372,7.070437,6.820437
6.920437,7.720437,7.640437,8.240437,8.920437,9.620437,10.270437,11.070437,9.780437,8.670437,8.320437,8.130437,8.030437,5.750437,2.630437,-13.399563,-12.989563,-11.989563,-11.049563,-10.249563,-10.349563,-8.599563,-7.059563,-5.179563,-3.119563,-1.889563,-0.419563,-2.289563,3.970437,8.000437,-1.349563,-2.629563,-1.189563,-1.009563,-3.979563,-0.459563,1.640437,6.300437,-3.829563,-11.149563,-12.269563,-12.719563,-11.299563,-8.699563,-7.149563,-4.849563,-1.989563,0.99043703,3.180437,4.410437,6.180437,7.460437,8.170437,8.320437,7.980437,7.780437,7.900437,7.430437,7.090437,6.540437,6.010437
7.430437,8.220437,8.870437,9.580437,10.290437,11.080437,11.170437,9.700437,10.450437,10.400437,7.680437,8.720437,11.840437,8.260437,-3.169563,-2.939563,-15.379563,-16.099564,-13.739563,-13.579563,-11.289563,-9.649563,-7.099563,-6.239563,-4.469563,-2.549563,-4.339563,-3.239563,1.110437,9.910437,9.180437,-2.119563,0.360437,-0.549563,-1.979563,-4.209563,-1.589563,1.500437,9.020437,-15.729563,-12.129563,-11.959563,-10.029563,-8.749563,-6.959563,-4.569563,-1.319563,1.390437,3.200437,5.190437,6.880437,8.130437,9.100437,9.160437,8.060437,8.040437,8.030437,8.270437,7.2704372,5.870437,5.530437
7.670437,8.050437,8.980437,9.860437,10.440437,10.460437,11.820437,10.650437,10.430437,10.290437,8.950437,11.210437,13.070437,14.690437,-4.559563,-9.369563,-15.539563,-15.909563,-16.929564,-15.249563,-13.669563,-11.459563,-9.639563,-5.929563,-6.319563,-5.039563,-6.019563,-4.089563,-1.489563,4.170437,8.430437,8.050437,8.650437,-0.939563,1.160437,-4.319563,-3.3595629,-1.319563,-2.649563,-3.449563,-7.159563,-10.249563,-8.679563,-8.189563,-6.869563,-4.969563,-2.249563,0.67043704,3.810437,5.360437,6.740437,8.010437,8.470437,10.230437,9.360437,8.150437,7.880437,8.260437,8.090437,7.830437,7.090437
8.210437,8.670437,9.410437,9.920437,10.860437,11.740437,11.850437,13.210437,11.580437,11.470437,11.280437,12.850437,13.550437,16.560436,-3.8595629,-10.149563,-17.469563,-17.479563,-17.399563,-15.169563,-14.169563,-13.189563,-10.159563,-8.569563,-6.149563,-5.519563,-4.509563,-2.959563,-0.36956298,2.880437,5.380437,6.680437,6.820437,8.450437,3.020437,-2.679563,-6.239563,-5.779563,-5.349563,-4.699563,-8.679563,-9.499563,-8.279563,-8.199563,-7.159563,-5.009563,-1.719563,0.870437,3.170437,5.280437,6.690437,7.980437,9.650437,9.790437,9.040437,8.530437,9.230437,9.210437,8.160437,8.360437,8.640437
8.010437,9.020437,9.760437,10.450437,10.740437,11.290437,11.000437,12.500437,13.900437,14.200437,13.630437,13.800437,13.960437,15.670437,-2.649563,-9.109563,-17.619562,-20.199562,-19.619562,-17.489563,-14.819563,-13.799563,-12.339563,-9.859563,-8.729563,-5.7295628,-3.8595629,-0.82956296,-2.049563,0.320437,3.910437,5.820437,7.110437,6.470437,5.920437,6.030437,-5.739563,-7.329563,-5.699563,-6.849563,-8.529563,-8.959563,-7.969563,-7.689563,-6.649563,-4.259563,-1.819563,1.030437,3.360437,5.2704372,7.000437,8.780437,9.140437,8.180437,7.490437,8.540437,8.270437,8.790437,8.540437,9.550437,9.620437
8.330437,8.560437,8.940437,9.990437,10.310437,10.820437,10.920437,12.430437,13.680437,15.880437,14.600437,15.720437,17.150436,20.560436,-6.049563,-8.639563,-15.399563,-20.749563,-21.499563,-20.129562,-17.559563,-15.639563,-14.559563,-12.269563,-9.759563,-7.769563,-6.069563,-3.669563,-2.479563,0.830437,3.760437,5.970437,6.810437,8.020437,6.000437,9.070437,-6.529563,-7.469563,-5.059563,-7.739563,-9.719563,-9.789563,-8.769563,-7.299563,-5.439563,-4.379563,-1.309563,1.400437,3.700437,5.880437,7.250437,8.020437,7.610437,6.900437,6.660437,8.210437,8.850437,8.840437,9.410437,9.060437,9.270437
