json/gfs_20240718_18.json
{"header": { "discipline":0, "disciplineName":"Meteorological products", "gribEdition":2, "gribLength":79962, "center":7, "centerName":"US National Weather Service - NCEP(WMC)", "subcenter":0, "refTime":"2024-07-18T18:00:00.000Z", "significanceOfRT":1, "significanceOfRTName":"Start of forecast", "productStatus":0, "productStatusName":"Operational products", "productType":1, "productTypeName":"Forecast products", "productDefinitionTemplate":0, "productDefinitionTemplateName":"Analysis/forecast at horizontal level/layer at a point in time", "parameterCategory":2, "parameterCategoryName":"Momentum", "parameterNumber":3, "parameterNumberName":"V-component_of_wind", "parameterUnit":"m.s-1", "genProcessType":2, "genProcessTypeName":"Forecast", "forecastTime":0, "surface1Type":103, "surface1TypeName":"Specified height level above ground", "surface1Value":10.0, "surface2Type":255, "surface2TypeName":"Missing", "surface2Value":0.0, "gridDefinitionTemplate":0, "gridDefinitionTemplateName":"Latitude_Longitude", "numberPoints":65160, "shape":6, "shapeName":"Earth spherical with radius of 6,371,229.0 m", "gridUnits":"degrees", "resolution":48, "winds":"true", "scanMode":0, "nx":360, "ny":181, "basicAngle":0, "lo1":0.0, "la1":90.0, "lo2":359.0, "la2":-90.0, "dx":1.0, "dy":1.0 }, "data":
[rows 108 to 134 of 181, columns 0 to 59 of 360]
0.66604495,2.2560449,3.836045,4.506045,4.526045,4.406045,4.856045,5.266045,6.556045,7.546045,8.236045,9.556045,5.926045,1.8060449,-0.9839551,-1.5639551,2.176045,1.776045,0.29604492,0.20604493,1.026045,-0.4839551,0.21604492,1.406045,-0.103955075,1.526045,0.22604492,-0.023955079,-0.7339551,2.086045,-1.2839551,-1.6639551,-0.3539551,0.74604493,0.03604492,1.3460449,0.49604493,1.536045,2.986045,3.0560448,2.966045,3.186045,3.8160448,4.636045,4.336045,1.9660449,1.676045,0.5960449,-0.12395508,-0.12395508,2.446045,2.846045,2.986045,2.666045,3.886045,5.216045,3.486045,3.936045,4.6660447,1.906045
1.786045,1.536045,3.2860448,4.796045,4.566045,4.756045,5.336045,5.476045,5.866045,7.316045,8.586045,8.456045,8.396045,2.976045,0.31604493,-0.31395507,1.7560449,1.9360449,2.426045,-1.833955,-1.5339551,-0.56395507,0.32604492,-0.8739551,0.7760449,-1.4139551,-2.663955,-1.9439551,-1.6539551,-0.36395508,2.2460449,0.80604494,-1.9239551,0.22604492,1.2460449,-0.25395507,-0.3839551,0.24604492,1.0560449,1.916045,2.946045,3.626045,3.616045,3.3160448,3.156045,0.5360449,-0.95395505,0.18604492,1.026045,-0.36395508,1.296045,2.0660448,2.146045,2.706045,3.206045,5.026045,4.726045,3.696045,4.826045,1.4760449
1.0960449,1.8160449,4.156045,4.446045,4.4160447,4.8760448,5.346045,5.226045,5.776045,6.306045,7.786045,8.116045,8.116045,7.476045,0.09604492,4.596045,1.9460449,-2.403955,-3.123955,0.18604492,-1.7439551,-1.6739551,0.9560449,0.93604493,0.85604495,2.716045,3.686045,1.166045,0.7560449,0.3360449,1.5660449,0.60604495,0.5760449,-1.6639551,0.54604495,-0.89395505,-1.593955,-0.50395507,1.0860449,2.5160449,3.426045,3.836045,3.7560449,1.776045,2.0160449,1.3760449,0.4860449,-0.76395506,-0.5439551,-1.0039551,0.6560449,1.4660449,2.2660449,3.0260448,2.956045,3.4960449,6.256045,2.5360448,5.986045,-1.723955
3.166045,3.5660448,3.836045,4.566045,5.096045,4.796045,5.206045,5.946045,6.546045,6.046045,6.616045,7.446045,8.106045,7.476045,1.7560449,4.076045,2.856045,1.146045,-0.50395507,-0.25395507,-2.553955,0.03604492,-0.8039551,-0.42395508,-0.50395507,0.2660449,0.05604492,0.5160449,-0.28395507,1.2460449,-0.03395508,0.06604492,-0.51395506,-1.073955,-1.1939551,-1.1239551,-2.173955,-1.0239551,0.7560449,2.2660449,3.676045,4.356045,4.506045,4.316045,2.416045,0.6560449,1.286045,-0.50395507,-0.6039551,-0.45395508,0.4560449,1.516045,2.456045,3.0060449,3.656045,4.076045,6.266045,3.346045,3.446045,0.8760449
2.7860448,2.9960449,2.706045,3.366045,3.856045,4.506045,4.226045,5.606045,5.676045,5.946045,5.676045,5.456045,7.086045,6.796045,4.976045,3.446045,2.716045,3.206045,1.5060449,-3.133955,-2.763955,-4.003955,-3.293955,-2.313955,-1.9439551,-2.633955,-2.513955,-0.51395506,0.016044922,0.7560449,-0.89395505,-1.6539551,-1.463955,-2.633955,-2.9539552,-1.2739551,-2.9539552,-1.2639551,0.34604493,1.8260449,2.976045,5.006045,6.086045,6.3760448,1.516045,1.636045,2.5260448,0.8760449,-0.82395506,-0.0039550783,1.1860449,1.7260449,1.636045,1.5860449,2.0260448,1.8760449,3.686045,3.8160448,3.5160449,4.796045
3.336045,4.036045,5.1860447,5.496045,5.3760448,3.346045,4.206045,4.266045,3.956045,4.426045,4.356045,4.766045,5.8760448,6.676045,8.226045,3.706045,1.0660449,-1.8039551,1.886045,3.5060449,3.196045,-0.51395506,-2.293955,-1.2839551,-0.9139551,0.38604492,-1.2639551,-2.7439551,-2.803955,-1.473955,-1.6639551,-2.673955,-1.9339551,-2.393955,-4.193955,-2.593955,-4.773955,-2.7239552,-0.5539551,0.98604494,2.0560448,4.596045,6.636045,8.286045,-1.483955,-0.6139551,-0.8639551,0.5960449,-0.8439551,0.21604492,0.9760449,2.0260448,0.21604492,-0.50395507,-0.14395508,1.026045,2.356045,2.7960448,1.8360449,2.5460448
4.546045,3.396045,3.926045,4.756045,5.156045,5.756045,5.806045,4.106045,3.866045,3.936045,3.8060448,4.586045,4.236045,4.966045,6.3960447,3.696045,0.4860449,-0.43395507,2.196045,2.896045,3.176045,3.826045,2.586045,-3.2339551,-3.653955,-0.31395507,-2.2139552,-1.8039551,-1.3939551,-2.1939552,-1.3139551,-2.333955,-2.113955,-2.4339552,-2.133955,-3.2239552,-6.983955,-4.0639553,-1.7939551,0.046044923,1.9960449,4.346045,6.796045,9.626045,2.956045,4.596045,0.43604493,0.03604492,0.06604492,0.12604493,0.86604494,2.096045,3.206045,-1.2539551,0.23604493,0.13604492,1.136045,1.5560449,1.8160449,0.38604492
3.596045,3.4960449,3.186045,3.7560449,4.076045,4.326045,4.386045,5.496045,5.696045,2.2960448,2.676045,2.926045,3.586045,3.946045,5.606045,3.956045,-0.63395506,2.706045,3.336045,4.886045,3.366045,0.7560449,3.116045,2.7960448,1.2360449,-2.2339551,-0.9939551,-1.1739551,-1.9039551,-1.723955,2.086045,-0.22395508,-3.4739552,-2.603955,-4.163955,-9.293955,-7.923955,-5.273955,-2.7439551,-1.213955,0.4860449,3.076045,5.346045,6.346045,4.216045,2.2660449,3.2460449,-0.88395506,1.146045,1.1260449,2.0460448,2.646045,2.7560449,3.346045,2.886045,1.7260449,1.156045,0.8460449,0.6260449,0.3360449
2.616045,2.606045,2.9960449,2.676045,2.9960449,3.226045,3.956045,4.1860447,4.1660447,5.046045,4.206045,1.9360449,2.586045,3.2860448,3.906045,4.456045,1.8460449,1.3760449,5.676045,5.6460447,5.766045,5.076045,2.7960448,3.7460449,1.426045,0.9560449,-2.263955,-3.813955,-0.9039551,0.14604492,-1.4939551,-0.7139551,-3.283955,-7.543955,-8.153955,-10.213955,-9.333955,-7.223955,-4.803955,-2.9439552,-1.0139551,0.8260449,2.406045,3.216045,2.726045,2.2560449,2.3160448,1.8660449,2.226045,2.986045,2.7660449,2.7560449,3.3160448,3.486045,4.6260448,4.346045,2.856045,2.0260448,2.126045,1.5960449
2.5060449,3.836045,2.686045,3.0660448,2.476045,2.456045,2.686045,1.796045,2.906045,3.3060448,4.056045,5.1660447,4.206045,0.7560449,1.0660449,3.866045,2.576045,1.896045,4.076045,3.8160448,6.736045,6.6460447,5.8960447,4.036045,2.146045,-1.113955,-2.163955,-3.2239552,-3.9639552,-2.113955,-0.51395506,-1.4239551,-2.9639552,-10.963955,-11.373955,-10.213955,-9.273955,-8.383955,-6.523955,-4.923955,-3.273955,-1.5139551,-0.0039550783,1.516045,2.086045,2.186045,2.366045,2.426045,2.596045,2.886045,3.2560449,3.426045,3.2560449,3.486045,3.406045,4.326045,3.696045,3.5260448,3.5460448,3.346045
3.0560448,2.636045,3.386045,3.166045,2.5560448,2.916045,2.636045,3.156045,3.076045,3.196045,1.896045,2.5160449,3.2960448,3.5460448,0.9560449,-0.013955078,1.136045,0.8260449,2.166045,3.646045,4.506045,4.266045,4.036045,3.5460448,1.666045,1.776045,-0.31395507,-2.563955,-2.033955,-2.133955,-0.6739551,-1.9039551,-2.873955,-13.023955,-11.883955,-11.523955,-10.283955,-9.373955,-8.013955,-6.673955,-4.913955,-3.2539551,-1.2839551,0.006044922,0.5160449,1.0560449,1.906045,2.3160448,2.7460449,2.736045,2.866045,2.616045,2.216045,2.8060448,3.0260448,3.196045,3.346045,2.956045,2.846045,3.486045
3.906045,2.876045,1.8760449,1.8660449,1.2360449,1.3560449,2.196045,1.526045,1.926045,2.696045,2.416045,2.2860448,2.236045,1.0660449,1.776045,2.156045,-1.333955,0.05604492,2.486045,1.536045,2.2960448,2.626045,2.0560448,1.9760449,3.136045,2.716045,3.966045,1.886045,-1.113955,-4.0839553,2.486045,-1.4139551,-6.3539553,-13.463955,-12.503955,-11.763955,-11.103955,-9.963955,-8.803955,-7.543955,-6.0839553,-4.743955,-3.2139552,-1.613955,-0.8539551,0.5860449,1.5860449,2.2560449,2.5560448,3.0060449,2.836045,2.376045,0.5760449,1.9360449,2.436045,2.706045,2.7760448,2.676045,2.926045,1.9860449
1.8260449,1.916045,2.956045,2.136045,1.906045,2.5060449,1.536045,0.9760449,1.0760449,1.546045,1.2360449,0.5760449,1.2460449,1.9960449,1.666045,0.09604492,-0.70395505,-3.783955,0.10604492,0.6460449,4.246045,4.176045,3.346045,1.3160449,1.9860449,1.4360449,2.0260448,1.3460449,-1.6439551,-3.103955,-0.6539551,8.8860445,-9.723955,-12.423955,-12.853955,-12.663955,-11.513955,-10.453955,-9.313955,-8.733955,-7.433955,-5.3139553,-3.883955,-2.543955,-0.25395507,0.74604493,1.786045,2.386045,2.976045,3.326045,3.5460448,3.4960449,3.2860448,1.3760449,1.9360449,2.396045,2.936045,2.826045,2.476045,2.386045
3.326045,1.046045,1.7260449,0.7060449,2.216045,1.5860449,1.906045,-0.44395506,-0.6239551,-0.5339551,-0.08395508,-0.57395506,0.13604492,-0.6139551,1.6260449,1.7160449,0.7060449,-1.8139551,-3.273955,0.7160449,1.5660449,1.4460449,1.3760449,3.146045,2.466045,-0.83395505,0.5360449,-0.9339551,-0.36395508,2.5660448,4.8760448,7.766045,-4.3339553,-11.3639555,-12.663955,-12.6139555,-11.323956,-10.723955,-9.553955,-7.483955,-7.113955,-5.8139553,-3.813955,-1.5539551,0.09604492,1.676045,2.5260448,3.086045,2.906045,2.966045,3.686045,3.666045,2.636045,2.136045,1.3360449,1.3460449,1.926045,2.3160448,2.136045,2.166045
2.2460449,1.4760449,1.5760449,-0.5339551,0.32604492,0.7860449,0.54604495,0.99604493,-0.6839551,-0.5539551,-0.57395506,-0.50395507,-1.3739551,-0.7439551,-0.6539551,-0.20395508,0.27604493,1.166045,-1.2539551,-0.64395505,-1.0439551,-2.0039551,-1.213955,-0.28395507,-2.033955,1.9860449,2.2960448,2.366045,3.236045,2.5060449,10.1360445,8.586045,1.5560449,-7.0639553,-11.343955,-12.273955,-11.203955,-10.063955,-8.723955,-7.513955,-6.693955,-5.223955,-3.423955,-1.733955,0.7660449,1.9660449,3.2860448,3.146045,3.396045,2.896045,3.876045,4.036045,4.486045,4.606045,2.5360448,1.176045,1.026045,1.3160449,1.136045,1.5860449
0.20604493,-0.3539551,0.16604492,-0.4139551,-1.103955,-0.9839551,-1.223955,-0.8739551,-0.3839551,-0.42395508,-1.093955,-0.6239551,-2.4539552,-1.703955,-1.213955,-0.6139551,-1.4939551,-1.613955,-1.2639551,-4.523955,-4.453955,-2.7139552,1.8160449,0.6960449,-0.17395508,-1.6539551,0.12604493,-1.9039551,3.966045,11.026045,11.716045,7.706045,1.906045,-3.7339551,-8.963955,-11.873955,-11.743955,-10.503955,-9.603955,-8.823956,-6.913955,-5.3539553,-3.673955,-1.833955,0.29604492,1.3360449,2.606045,4.136045,4.706045,4.966045,4.786045,3.856045,3.8060448,3.3160448,3.5360448,2.696045,2.096045,1.3760449,0.8360449,0.2660449
2.5360448,1.3160449,-0.5239551,-1.853955,-1.1639551,-1.1639551,-1.4339551,-1.9039551,-3.363955,-1.8139551,-2.283955,-2.343955,-3.013955,-2.093955,-2.0039551,-0.4139551,-1.093955,-1.233955,-3.2339551,-2.633955,-0.28395507,0.03604492,1.016045,0.85604495,-0.33395508,0.8460449,4.6460447,5.466045,7.756045,7.1260448,9.6360445,11.936045,3.596045,-3.2439551,-7.5639553,-10.703955,-11.653955,-10.793955,-10.143955,-9.553955,-7.403955,-5.453955,-4.543955,-2.913955,-1.4339551,1.136045,3.0360448,3.586045,4.6660447,4.716045,4.786045,3.926045,3.966045,2.976045,2.386045,2.4960449,1.5960449,1.526045,1.0760449,-0.40395507
3.7860448,2.346045,1.1160449,-0.14395508,-1.7939551,-2.1939552,-3.403955,-2.2539551,-3.903955,-5.503955,-3.7439551,-3.383955,-4.753955,-2.893955,-3.323955,-2.773955,-2.063955,-2.023955,-3.383955,-4.293955,-3.863955,-0.2639551,0.8960449,3.206045,4.846045,4.506045,5.6460447,4.406045,6.576045,5.296045,7.366045,8.766045,7.816045,-0.03395508,-4.803955,-7.193955,-10.693955,-10.893955,-11.473955,-10.003955,-8.343955,-6.8739552,-5.5639553,-3.2539551,-0.28395507,2.076045,3.7560449,4.926045,5.596045,6.426045,6.586045,6.536045,5.966045,4.256045,3.726045,3.226045,3.186045,2.886045,0.4860449,-0.23395509
5.596045,5.136045,3.436045,1.6160449,-0.95395505,-2.783955,-3.563955,-2.923955,-3.4939551,-5.033955,-6.843955,-5.783955,-5.183955,-5.363955,-4.173955,-4.3539553,-3.2339551,-2.6939552,-2.4439552,-3.4639552,-1.7539551,-0.7939551,-0.4139551,0.6260449,1.2160449,2.146045,3.7660449,4.556045,3.4960449,3.126045,3.5260448,5.616045,6.496045,1.8560449,-5.483955,-7.113955,-10.563955,-11.813955,-11.443955,-9.933955,-8.673955,-7.663955,-5.213955,-2.7539551,0.27604493,1.9460449,3.216045,5.1860447,5.496045,6.6660447,6.496045,5.996045,5.826045,5.726045,5.276045,4.4160447,3.466045,4.1660447,2.5160449,0.7560449
6.346045,6.046045,6.246045,5.696045,3.136045,-0.6539551,-3.893955,-5.053955,-5.693955,-6.663955,-6.463955,-6.783955,-6.613955,-5.733955,-5.113955,-4.673955,-5.683955,-3.633955,-2.4639552,-2.833955,-2.103955,-1.7739551,-1.2639551,0.4260449,1.2460449,0.9060449,2.356045,3.686045,5.536045,2.626045,1.8660449,1.2560449,3.476045,4.746045,-3.283955,-10.343955,-11.383955,-11.903955,-9.763955,-9.413955,-7.8339553,-7.423955,-5.433955,-3.163955,-0.75395507,1.886045,3.086045,4.216045,5.6460447,6.756045,6.886045,6.776045,6.866045,6.036045,5.506045,4.856045,4.566045,3.926045,2.656045,2.396045
10.736045,9.316045,8.736045,9.596045,10.456045,7.676045,-0.07395508,-5.023955,-7.493955,-7.743955,-7.983955,-8.423955,-9.393955,-8.713955,-6.133955,-6.493955,-5.783955,-5.3539553,-2.9839551,-1.8039551,-2.563955,-0.6239551,0.06604492,1.7160449,0.61604494,0.5860449,1.6860449,0.8460449,3.236045,2.466045,-2.083955,0.03604492,0.7860449,3.0260448,8.716045,-8.063955,-12.003955,-11.093955,-9.453955,-7.783955,-8.343955,-7.503955,-5.443955,-3.423955,-0.39395508,1.796045,3.206045,5.036045,6.336045,6.506045,6.796045,7.526045,7.536045,7.026045,6.496045,6.136045,5.1860447,3.616045,2.7460449,1.2560449
10.316045,9.936045,9.586045,10.466045,11.666045,11.286045,4.606045,0.55604494,-7.113955,-10.273955,-10.713955,-11.013955,-10.463955,-9.103955,-9.813955,-8.943955,-7.653955,-6.713955,-5.793955,-3.823955,-2.4839551,-1.5239551,-0.0039550783,0.17604493,0.8460449,1.9760449,8.246045,-0.88395506,-0.7239551,1.8360449,-0.5439551,-2.073955,-5.273955,-4.733955,-0.28395507,-0.50395507,-7.723955,-4.793955,-6.053955,-7.073955,-8.323956,-8.093955,-5.943955,-3.4639552,-0.8539551,0.9060449,3.186045,4.706045,5.946045,6.656045,7.596045,8.716045,7.586045,8.566045,7.6860447,7.006045,7.6460447,6.546045,3.616045,2.636045
11.316045,11.176044,11.606045,12.536045,12.816045,13.366045,12.806045,10.316045,-4.043955,-10.233955,-12.133955,-13.643955,-13.883955,-11.083955,-9.8639555,-10.543955,-9.3639555,-9.063955,-7.503955,-5.023955,-3.783955,-2.9539552,-1.2639551,0.9660449,2.106045,2.356045,7.996045,8.736045,-1.853955,-0.9339551,-4.993955,-2.7439551,-3.533955,-7.003955,-9.003955,-5.013955,-5.993955,-8.303955,-7.893955,-8.533955,-8.693955,-7.643955,-5.533955,-3.9339552,-1.4139551,1.2460449,4.006045,4.946045,6.1460447,6.986045,7.696045,8.086045,8.766045,8.656045,8.196045,7.516045,7.366045,7.076045,6.476045,5.466045
11.606045,12.896045,14.446045,14.336045,13.706045,13.686045,15.816045,9.926044,-4.533955,-8.843955,-12.573956,-13.413955,-16.793955,-14.953955,-13.593955,-12.023955,-12.3639555,-10.023955,-8.663955,-7.173955,-3.9739552,-2.0039551,-0.42395508,1.6860449,2.086045,0.06604492,2.606045,9.616045,12.416045,-0.23395509,-3.573955,-3.4439552,-4.203955,-5.5839553,-7.043955,-7.093955,-6.073955,-4.8739552,-6.8539553,-10.083955,-9.043955,-7.0839553,-6.153955,-4.633955,-1.593955,1.276045,3.2560449,4.1860447,6.076045,7.056045,8.016045,8.816045,8.306045,8.8860445,9.036045,8.546045,7.976045,7.066045,6.256045,4.836045
13.026045,13.946045,14.656045,14.586045,15.686045,15.286045,17.426044,17.526045,-4.233955,-9.233955,-13.373955,-12.913955,-17.903955,-18.063955,-16.903955,-15.543955,-14.733955,-12.683955,-10.323956,-8.023955,-4.113955,-2.133955,-0.6539551,-0.2639551,0.5360449,2.466045,1.8160449,3.9960449,4.716045,10.126045,8.196045,3.376045,-4.953955,-7.683955,-8.873955,-6.963955,-5.683955,-5.023955,-7.553955,-8.833955,-8.103955,-7.453955,-6.773955,-4.383955,-1.1439551,0.4260449,2.946045,4.716045,6.016045,7.466045,8.676044,8.876045,9.076045,8.836045,9.346045,8.946045,7.816045,7.3760448,6.516045,5.316045
13.076045,14.456045,14.776045,14.666045,16.196045,15.536045,17.796045,22.486046,-0.9839551,-3.083955,-14.273955,-10.993955,-9.723955,-18.503956,-19.443954,-19.143955,-16.643955,-13.993955,-11.263955,-8.743955,-5.973955,-3.783955,-1.953955,-0.82395506,0.44604492,0.3360449,-0.16395508,0.10604492,3.606045,5.906045,5.996045,4.766045,4.316045,-7.163955,-7.753955,-7.823955,-8.413955,-6.033955,-7.803955,-9.153955,-8.403955,-7.8339553,-6.383955,-4.013955,-2.273955,0.03604492,3.0260448,4.746045,6.6660447,8.076045,8.596045,8.246045,8.576045,7.956045,7.8760448,7.856045,7.706045,7.6660447,7.306045,7.4160447
13.396045,14.996045,15.096045,13.756045,14.456045,15.656045,15.126045,17.246044,19.456045,16.706045,-7.183955,-10.073956,-9.593955,-10.753955,-19.323956,-20.533955,-19.093956,-16.403955,-12.843955,-10.223955,-7.223955,-4.863955,-3.383955,-1.6539551,-0.42395508,-0.7839551,-0.69395506,0.24604492,1.0860449,2.946045,4.806045,4.596045,5.656045,-8.053955,-8.093955,-9.103955,-9.013955,-7.323955,-8.633955,-9.233955,-8.883955,-7.963955,-6.143955,-4.5639553,-2.893955,0.006044922,2.576045,3.646045,6.316045,7.786045,8.616045,9.106045,8.916045,8.036045,7.966045,8.196045,8.616045,8.346045,8.366045,8.336045
