json/gfs_20240719_06.json
{"header": { "discipline":0, "disciplineName":"Meteorological products", "gribEdition":2, "gribLength":79745, "center":7, "centerName":"US National Weather Service - NCEP(WMC)", "subcenter":0, "refTime":"2024-07-19T06:00:00.000Z", "significanceOfRT":1, "significanceOfRTName":"Start of forecast", "productStatus":0, "productStatusName":"Operational products", "productType":1, "productTypeName":"Forecast products", "productDefinitionTemplate":0, "productDefinitionTemplateName":"Analysis/forecast at horizontal level/layer at a point in time", "parameterCategory":2, "parameterCategoryName":"Momentum", "parameterNumber":3, "parameterNumberName":"V-component_of_wind", "parameterUnit":"m.s-1", "genProcessType":2, "genProcessTypeName":"Forecast", "forecastTime":0, "surface1Type":103, "surface1TypeName":"Specified height level above ground", "surface1Value":10.0, "surface2Type":255, "surface2TypeName":"Missing", "surface2Value":0.0, "gridDefinitionTemplate":0, "gridDefinitionTemplateName":"Latitude_Longitude", "numberPoints":65160, "shape":6, "shapeName":"Earth spherical with radius of 6,371,229.0 m", "gridUnits":"degrees", "resolution":48, "winds":"true", "scanMode":0, "nx":360, "ny":181, "basicAngle":0, "lo1":0.0, "la1":90.0, "lo2":359.0, "la2":-90.0, "dx":1.0, "dy":1.0 }, "data":
[rows 52 to 77 of 181, columns 174 to 231 of 360]
9.502349,4.1923485,8.382349,9.542349,8.532349,7.7823486,7.3823485,6.1723485,6.122349,5.122349,5.6823487,5.602349,6.2823486,5.0723486,3.6123486,2.7623487,1.5623486,0.22234863,-0.79765135,-3.5676513,-3.9176514,-5.167651,-4.5376515,-5.2876515,-6.4276514,-6.6576514,-6.127651,-6.0276513,-6.2776513,-6.4076514,-5.9876513,-6.2176514,-6.417651,-7.127651,-1.2376513,-1.4876513,-1.1576514,-0.91765136,-1.9076514,-1.5876514,-1.5476514,-1.7376513,-1.8576514,-3.0176513,-3.5976515,0.16234863,-0.49765137,-1.9476514,-1.2376513,-3.7476513,-4.6576514,-1.8776513,2.6523485,4.5723486,3.5723486,2.0023487,0.88234866,-0.5876514
6.5023484,6.9923487,8.122349,8.332349,8.142348,6.872349,5.8823485,6.1923485,5.0123487,4.1623487,4.3823485,4.6523485,3.5923486,2.6223485,2.3223486,1.2323487,0.7923486,-1.0876514,-0.47765136,-2.8176513,-3.1476514,-2.5576513,-4.957651,-6.1576514,-7.0076513,-6.897651,-6.6376514,-6.437651,-6.0976515,-5.7776513,-5.3676515,-5.1376514,-1.9576514,-2.2976513,-2.7376513,-2.6476514,-2.6176515,-2.9076514,-2.8076513,-2.5676513,-2.3276513,-2.5776513,-2.6376514,-2.1176515,-0.23765136,-0.97765136,-1.3476514,-0.6276514,-0.8776514,-1.3676513,1.6123487,2.9323487,5.082349,3.9223487,2.6723487,1.6423486,0.33234864,-1.3976513
6.4223485,6.7523484,7.1123486,7.4923487,6.9723487,6.1323485,4.3223486,4.2323484,4.7023487,3.4523487,3.3823485,3.2023487,2.7823486,1.3823487,0.6223486,0.12234864,-0.86765134,-1.9776514,-2.2676513,-2.2776513,-3.2776513,-4.1176515,-5.7376513,-6.6576514,-7.207651,-6.9276514,-6.127651,-6.457651,-7.4476514,-4.4476514,-4.5276513,-3.6576514,-4.4976516,-4.3876514,-3.7676513,-3.7076514,-3.3976514,-2.9076514,-1.7976514,-2.1476514,-2.0776513,-1.5076513,-1.6576514,-1.7076514,-1.7076514,-2.1476514,-1.8776513,-1.6476513,-2.0476513,-1.2676513,3.9623487,4.542349,4.8023486,3.0123487,2.3223486,1.3223486,-0.60765135,-2.6276515
5.2623487,6.042349,6.1923485,6.6523485,6.6123486,5.7723484,4.7323484,4.542349,3.8923485,3.2223487,2.4023485,3.1723487,1.9323486,1.1723486,0.51234865,0.022348633,-1.1676514,-2.2476513,-1.9576514,-2.8976514,-3.9976513,-5.437651,-6.167651,-6.6176515,-7.417651,-6.9976516,-5.6376514,-5.4276514,-5.9876513,-4.8676515,-5.167651,-4.9276514,-4.7576513,-4.5776515,-4.0776515,-3.9176514,-4.0876513,-3.3376513,-1.6476513,-1.8476514,-1.4876513,-1.2476513,-1.7876514,-1.6876514,-2.6576514,-1.8676513,0.07234863,-0.92765135,1.3623487,4.4823484,5.9523487,4.8023486,3.7023487,2.5723486,2.1923487,-0.07765137,-2.2376513,-3.3076513
6.4723487,6.392349,5.7823486,5.3623486,5.622349,5.2123485,4.4223485,4.1923485,3.4723487,2.8323486,2.8023486,2.0323486,1.1223487,0.59234864,-0.19765137,0.11234863,-1.7176514,-2.3876514,-2.9676514,-4.2676516,-4.6376514,-5.0376515,-6.207651,-6.0076513,-6.1376514,-6.2876515,-6.0376515,-5.647651,-5.4276514,-6.0176516,-5.0776515,-5.1576514,-4.957651,-5.0676513,-4.1376514,-4.2376513,-2.9276514,-1.8776513,-2.3376513,-1.6076514,-0.6376514,-0.60765135,-1.0576514,-0.31765136,-0.8276514,0.10234863,-0.26765138,-1.2376513,5.0223484,4.602349,4.892349,4.1323485,2.6223485,2.4323487,0.50234866,-1.4976513,-2.4576514,-3.4576514
5.3423486,4.9923487,4.8623486,4.7623487,4.7523484,4.5523486,4.2423487,2.9123487,2.4223487,1.8523487,1.5223486,0.96234864,1.3323486,0.75234866,0.31234863,-0.10765137,-1.7776513,-2.3776515,-2.6576514,-3.2976513,-4.5776515,-5.7776513,-6.0476513,-6.0876513,-6.1576514,-6.127651,-6.4876513,-7.3276515,-6.7176514,-5.2576513,-5.6976514,-5.2276516,-5.2276516,-4.7676516,-4.357651,-4.2576513,-3.0976515,-1.9576514,-2.7276514,-0.06765137,0.35234863,-1.2176514,-1.4676514,0.052348632,0.042348634,2.0923486,2.0523486,4.4123487,3.9023485,4.1523485,3.6323485,2.0623486,2.6323485,1.9023486,-0.92765135,-1.9676514,-2.4976513,-4.0176516
5.4923487,4.6923485,4.3023486,4.3223486,4.1523485,4.1523485,3.9223487,2.8823485,2.1823487,1.2323487,1.4423486,0.76234865,0.9123486,0.40234864,0.28234863,-0.087651365,-0.9576514,-1.5276513,-2.0276513,-2.7276514,-4.0976515,-5.1576514,-5.3076515,-5.9076514,-5.707651,-6.957651,-6.4276514,-6.0176516,-5.357651,-5.7576513,-4.6176515,-5.0276513,-4.207651,-2.9276514,-3.6476514,-2.9276514,-2.2576513,0.47234863,0.5623486,-0.74765134,-1.6176513,-1.7376513,-1.1676514,5.332349,4.142349,3.7623487,3.0523486,2.8523486,3.5423486,2.8023486,2.7923486,2.1323485,0.47234863,-0.09765137,-1.4076514,-2.5276513,-3.9376514,-4.8376513
4.812349,4.3623486,3.1923487,3.8523486,2.9323487,3.9523487,3.1723487,2.1623487,2.0223486,-0.18765137,0.9923486,0.25234863,-0.15765136,-0.14765137,-0.007651367,-0.7576514,-1.8176514,-2.7576513,-2.9976513,-4.0176516,-4.7976513,-5.2376513,-5.607651,-6.3476515,-6.437651,-5.9676514,-5.6576514,-5.5876513,-5.187651,-4.0676513,-3.5076513,-3.7976513,-3.4176514,-4.0276513,-0.66765136,0.30234864,-0.27765137,-0.33765137,-0.7076514,-0.6976514,-0.36765137,2.1723487,5.9923487,4.9623485,3.9223487,2.3423486,2.6123486,2.9823487,2.7623487,1.8823487,0.9123486,0.35234863,-0.37765136,-1.0976514,-2.4076514,-3.0276513,-3.5476513,-4.5876513
3.5823486,3.5723486,3.0023487,2.1923487,1.3723487,2.4523487,2.4723487,1.1823486,-0.27765137,0.8623486,0.27234864,-1.2276514,-1.5876514,-1.1876514,-1.3276514,-1.3276514,-2.2576513,-2.5476513,-3.3476515,-3.8776515,-4.1976514,-4.9076514,-5.4776516,-6.0976515,-5.8876514,-5.9476514,-5.7976513,-4.187651,-3.5776513,-3.9976513,-4.3276515,-3.0776513,-0.97765136,-1.3176514,-1.8876513,-0.5776514,-0.79765135,-0.48765138,-0.33765137,-0.9576514,3.1523485,4.5323486,4.582349,3.5923486,2.8323486,2.4523487,1.7723486,2.4123487,1.3523487,0.37234864,0.51234865,-0.71765137,-1.3076514,-1.8976513,-2.2776513,-3.3176513,-3.8276513,-4.417651
3.3223486,3.2723486,2.2223487,1.1923486,0.34234864,1.2123486,1.3623487,0.32234862,-0.8376514,-0.92765135,-0.7676514,-0.7576514,-0.5176514,-0.99765134,-1.9876513,-2.6476514,-2.9076514,-2.9776514,-3.4776514,-3.2776513,-4.7376513,-5.6176515,-5.6176515,-6.2476516,-4.897651,-5.2576513,-5.3476515,-5.357651,-4.1576514,-3.1376514,-1.9476514,-2.0976515,-1.8776513,-2.8376513,-3.2376513,0.6623486,-2.3076513,2.7923486,2.7323487,2.9423487,3.2223487,2.8323486,2.8223486,2.3123486,1.9323486,1.7623487,1.4823487,1.4823487,0.77234864,-0.20765136,-1.2576513,-1.9576514,-1.9376514,-2.2076514,-2.8376513,-2.9476514,-3.3576515,-3.8576515
2.0323486,1.8123486,1.1623486,0.72234863,0.52234864,2.2923486,1.9223486,0.12234864,-0.22765137,-0.6876514,-1.5676514,-0.8976514,-0.17765136,-0.8876514,-2.4176514,-3.1776514,-3.3276513,-3.3776515,-3.4576514,-4.2876515,-4.2176514,-4.397651,-3.9376514,-4.127651,-4.0076513,-4.2676516,-3.0176513,-3.2276514,-2.6876514,-3.0176513,-3.2376513,-2.9176514,-1.7976514,-3.7376513,3.1623487,2.5023487,2.2423487,2.0423486,1.6123487,1.6223487,1.4123486,1.3223486,1.5823486,-0.017651368,1.2023486,0.6823486,1.8823487,0.10234863,-0.78765136,-0.98765135,-2.8276513,-2.8776515,-2.7276514,-2.8876514,-2.9176514,-2.8676515,-3.2676513,-3.3176513
1.5823486,1.2923486,-0.34765136,-0.22765137,0.32234862,1.1123487,1.1323487,0.32234862,-0.39765137,-1.5776514,-1.2476513,-1.3676513,-1.9876513,-1.3076514,-1.7976514,-3.1676514,-4.0476513,-4.0776515,-4.5676513,-4.4476514,-4.207651,-3.8876514,-4.6776514,-4.5576515,-4.1976514,-4.0976515,-4.357651,-5.0476513,-0.5876514,-2.8276513,-1.2276514,-1.5976514,1.5123487,0.90234864,1.0823486,1.0323486,0.9823486,0.69234866,0.36234865,-0.087651365,-0.117651366,-0.24765137,-0.26765138,-0.38765135,0.21234864,0.48234862,0.65234864,-1.3976513,-1.4876513,-2.4876513,-3.1576514,-3.1076515,-3.1276515,-3.0176513,-2.8876514,-2.9976513,-3.1476514,-3.1876514
0.9223486,-0.33765137,-0.43765137,-0.99765134,1.1123487,1.7123486,0.21234864,0.37234864,-0.19765137,-0.9576514,-1.2976514,-2.9076514,-1.9076514,-1.4376514,-2.3376513,-2.1776514,-1.4676514,-2.2476513,-3.0476513,-4.5276513,-4.6976514,-5.1176515,-4.5976515,-4.8476515,-5.2776513,-5.0276513,-2.2376513,-0.74765134,-1.4876513,-1.7576513,-0.79765135,0.7323486,0.48234862,0.21234864,0.20234863,0.16234863,-0.30765137,-0.30765137,-0.45765138,-0.44765136,-0.53765136,-1.4376514,-0.26765138,-0.6976514,-0.42765138,0.022348633,-0.55765134,-1.2176514,-2.6176515,-3.1076515,-3.2776513,-3.4776514,-3.3676515,-3.0276513,-3.2176514,-3.2776513,-3.3476515,-3.6476514
0.52234864,-0.09765137,-0.90765136,0.10234863,0.6023486,0.6823486,0.5523486,0.43234864,0.38234863,-1.7576513,-2.4176514,-2.3776515,-2.0976515,-1.5276513,-2.4076514,-3.4276514,-1.9876513,-2.2476513,-2.6376514,-3.4576514,-1.7076514,-3.6376514,-3.5776513,-0.92765135,-2.4876513,-1.3976513,-1.2776513,-1.7776513,-1.7776513,-2.2176514,-0.6276514,-1.1976514,-0.47765136,-0.85765135,-0.8876514,-1.8976513,-2.1876514,-2.4676514,-2.1576514,-0.23765136,-1.0376514,-1.7376513,-1.0476514,-0.35765135,-0.007651367,-0.42765138,-0.98765135,-2.1676514,-3.1676514,-3.6076515,-3.5476513,-3.3976514,-3.7176514,-3.0976515,-2.8376513,-3.2476513,-3.2276514,-3.0476513
0.21234864,0.012348633,-1.2076514,-0.5776514,0.6823486,0.6623486,0.57234865,0.18234864,-0.8176514,-2.1476514,-2.5476513,-3.1576514,-3.9076514,-3.4576514,-2.9976513,-2.8076513,-3.4776514,-2.1076515,-2.5776513,-2.4076514,-2.5576513,-2.9076514,-2.5176513,-1.5576514,-2.5076513,-2.4776514,-2.4076514,-2.0276513,-2.0276513,-1.8676513,-2.2376513,-1.6776514,-0.98765135,-1.3076514,-1.9876513,-2.7276514,-2.0076513,-1.7776513,-0.5776514,-0.66765136,-1.1376513,-0.98765135,0.30234864,0.33234864,0.50234866,-0.84765136,-1.8376514,-3.2676513,-3.4376514,-3.7176514,-3.9176514,-3.9376514,-3.8776515,-3.4176514,-3.2876513,-3.6376514,-3.9576514,-3.2976513
0.18234864,-0.96765137,-1.7776513,0.58234864,0.9323486,0.7923486,1.7023486,-0.057651367,-0.31765136,-2.1176515,-2.2776513,-2.9976513,-3.7276514,-4.2576513,-3.6876514,-2.9676514,-2.5676513,-1.6076514,-2.3876514,-2.4876513,-3.1076515,-3.3276513,-2.3476515,-2.9276514,-2.3876514,-3.4376514,-2.5476513,-2.6276515,-2.3076513,-2.7776513,-1.9276514,-1.3476514,-1.3176514,-1.6876514,-2.4176514,-2.1376514,-1.8776513,-1.5276513,-1.7776513,-1.9176514,-1.4076514,-0.35765135,-0.087651365,-0.46765137,-1.1776514,-2.0876513,-2.8476515,-3.2976513,-3.7976513,-3.8476515,-3.8676515,-4.1776514,-4.0576515,-4.127651,-4.5776515,-4.2976513,-4.7276516,-4.1376514
-0.92765135,-1.5376514,-1.7976514,-0.47765136,0.95234865,-0.37765136,1.3123486,0.13234863,-0.52765137,-1.6576514,-2.6176515,-3.6676514,-2.7676513,-4.2876515,-4.9776516,-2.2976513,-1.6376513,-2.3976514,-3.0176513,-3.1876514,-3.2576513,-3.1376514,-2.0576513,-2.5976515,-3.0076513,-4.5276513,-0.86765134,-4.4476514,-3.1476514,-2.6576514,-2.1376514,-2.1576514,-2.0376513,-2.5976515,-2.7276514,-2.0876513,-2.3876514,-0.8276514,0.47234863,0.13234863,-0.48765138,-0.7576514,-0.96765137,-0.09765137,-1.9276514,-2.4276514,-2.8376513,-3.6476514,-4.0776515,-4.127651,-4.127651,-4.2776513,-4.167651,-5.9476514,-6.0576515,-5.8876514,-5.2976513,-5.0676513
-0.53765136,-0.6376514,-0.8776514,0.07234863,0.13234863,-0.5876514,0.07234863,-0.53765136,-1.3576514,-1.4176514,-2.2176514,-2.3676515,-3.0176513,-4.2876515,-4.6976514,-2.3576515,-2.4376514,-3.1276515,-3.8676515,-2.9976513,-4.0276513,-2.6276515,-3.1476514,-2.9376514,-1.9576514,-3.1876514,-3.3876514,-5.0276513,-6.1376514,-2.3376513,-1.9376514,-1.5576514,-1.7376513,-1.8976513,-2.6176515,-2.8676515,-0.84765136,-0.79765135,-0.6376514,-0.67765135,-0.59765136,-0.8276514,-0.48765138,-0.53765136,-2.1376514,-2.6476514,-3.3776515,-3.8776515,-4.2376513,-4.7376513,-4.6776514,-4.167651,-5.9876513,-6.707651,-7.9076514,-6.3676515,-6.5476513,-6.3476515
-0.19765137,-0.8876514,-0.52765137,0.47234863,0.15234864,-0.54765135,-0.33765137,-1.3176514,-1.7076514,-2.5276513,-2.5876513,-3.5776513,-4.8676515,-4.3476515,-3.2376513,-3.2676513,-3.3176513,-3.2276514,-4.2776513,-2.0876513,-2.0476513,-1.3276514,-2.1976514,-2.1576514,-3.5076513,-2.5876513,-4.4076514,-3.6476514,-3.7176514,-2.9276514,1.5123487,-0.27765137,-1.8176514,-2.1576514,-2.7676513,-2.3276513,-0.67765135,-1.4576514,-0.99765134,-1.1676514,-1.3876513,-1.2376513,-1.6176513,-2.1576514,-2.4376514,-2.9376514,-3.6376514,-4.5876513,-5.0576515,-5.377651,-5.7276516,-5.4076514,-6.1376514,-7.937651,-7.5076513,-7.4876513,-7.1576514,-5.6976514
-1.1676514,-1.1576514,-0.55765134,1.2923486,-0.18765137,-0.06765137,-0.15765136,-2.3076513,-2.5676513,-2.3676515,-2.4976513,-2.6176515,-5.0276513,-4.2776513,-3.6476514,-1.6976514,-1.5276513,-1.7576513,-1.3276514,-0.98765135,-0.84765136,-1.6076514,-2.1876514,-3.1976514,-4.2576513,-3.7676513,-4.4676514,-2.7776513,-3.1976514,-2.9676514,2.0123487,-4.9076514,-3.3176513,-3.4176514,-3.7576513,-2.0176513,-1.1876514,-1.4676514,-1.9276514,-2.3576515,-0.32765138,-1.0976514,-2.1476514,-3.0576513,-3.6176515,-3.7476513,-3.8676515,-4.8076515,-5.6376514,-5.6776514,-5.3076515,-5.7976513,-7.4476514,-7.8876514,-7.3176513,-8.617651,-8.067652,-4.8376513
-1.2776513,-1.5276513,-1.1176513,-0.12765136,-0.26765138,-1.4476514,-0.9576514,-2.1676514,-0.20765136,-2.6276515,-2.7276514,-2.9376514,-4.4876513,-5.437651,-2.9776514,-2.6776514,-2.9176514,-3.4876513,-2.0976515,-1.6176513,-2.3776515,-1.6276513,-2.8476515,-4.3476515,-2.6276515,-1.9776514,-2.8976514,-1.8776513,-2.5276513,-2.1376514,-3.0276513,-4.5376515,-3.9776514,-4.167651,-4.9676514,-1.0376514,-1.1376513,-1.1476513,-1.1276513,-0.07765137,-1.4276514,-2.1276515,-3.3676515,-3.8576515,-5.147651,-3.9276514,-3.7976513,-4.3276515,-5.5676513,-6.2776513,-6.627651,-7.5776515,-7.3276515,-7.397651,-7.5576515,-7.917651,-7.7176514,-1.9176514
-2.1376514,-2.7076514,-1.2476513,-0.43765137,-0.24765137,-0.41765136,-1.4476514,-1.5176513,-1.6076514,-1.6376513,-1.4776514,-3.4776514,-3.2476513,-3.2876513,-3.6376514,-3.5476513,-1.9176514,-1.0476514,-1.7476513,-1.8176514,-1.8876513,-2.5876513,-2.4676514,-2.5276513,-1.8776513,-0.7076514,-1.3776513,-2.3276513,-2.6376514,-2.4976513,-3.5576513,-4.7376513,-4.8376513,-5.5976515,-5.627651,-1.4976513,-0.85765135,-1.0476514,-1.3976513,-1.4876513,-1.5776514,-1.7876514,-3.0576513,-4.1176515,-3.1776514,-4.187651,-4.8176513,-5.5376515,-5.877651,-6.5776515,-7.5976515,-6.9776516,-5.9476514,-6.957651,-7.127651,-7.417651,-6.8176513,-1.6176513
-3.0676513,-3.6376514,-2.3576515,-1.3576514,-1.1976514,0.25234863,-0.037651367,-0.78765136,-1.9476514,-0.54765135,-2.0376513,-2.5876513,-2.9776514,-2.2876513,-3.7376513,-2.2676513,-1.0176513,-1.9076514,-2.5176513,-2.6876514,-2.8576515,-2.9776514,-3.3076513,-3.3276513,-2.1176515,-1.5176513,-1.9376514,-2.1676514,-2.6976514,-3.5376513,-4.2176514,-4.937651,-5.7276516,-6.9476514,-5.0376515,-2.0376513,-0.24765137,-1.5976514,-1.6976514,-1.4176514,-1.5776514,-1.5476514,-1.6876514,-2.8476515,-3.2276514,-3.4176514,-5.897651,-6.2476516,-5.9276514,-6.0876513,-5.7476516,-6.3076515,-6.957651,-6.3176513,-6.357651,-6.5176516,-5.5176516,-2.9376514
-3.1576514,-3.2076514,-2.8276513,-1.2576513,-1.5376514,-1.3776513,-0.027651368,-0.54765135,-0.5176514,-1.1776514,-2.0076513,-2.4976513,-3.1676514,-3.0176513,-3.2376513,-2.2876513,-1.6176513,-1.6976514,-2.4876513,-3.6476514,-3.7976513,-3.2976513,-2.8976514,-2.8576515,-2.3176513,-2.2076514,-2.6976514,-2.4476514,-3.1976514,-4.2176514,-4.7976513,-5.377651,-6.0576515,-7.357651,-4.5776515,-0.9576514,-1.3076514,-1.8176514,-1.9876513,-2.0876513,-2.1276515,-2.1676514,-2.0576513,-2.8676515,-1.8276514,-2.1676514,-3.6576514,-4.3876514,-3.6676514,-4.7976513,-5.917651,-5.7676516,-4.6976514,-5.5876513,-6.167651,-6.5176516,-6.2676516,-3.7176514
-3.6376514,-3.9076514,-3.7376513,-1.0376514,-0.7676514,-0.8776514,-0.30765137,-1.6976514,-1.7076514,-2.3476515,-2.0676513,-2.4876513,-2.2276514,-2.6876514,-2.2376513,-1.4576514,-2.3576515,-2.8076513,-3.0476513,-4.3176513,-4.417651,-3.6976514,-3.1176515,-2.5676513,-2.3376513,-2.3576515,-2.8976514,-3.1076515,-3.7176514,-4.2376513,-5.0476513,-5.4076514,-6.667651,-7.5576515,-6.7176514,-2.1976514,-0.23765136,-1.7276514,-2.5076513,-2.9176514,-2.7076514,-3.5876513,-3.0676513,-2.8576515,-2.5776513,-3.6276515,-3.0676513,-3.0776513,-4.417651,-4.7576513,-5.0376515,-5.6376514,-6.7176514,-7.0276513,-5.647651,-5.647651,-4.707651,1.1623486
-4.0376515,-3.2476513,-3.6376514,-1.5476514,-1.5276513,-1.1276513,-0.6376514,-1.4376514,-1.9476514,-1.8376514,-2.6876514,-1.9876513,-2.6876514,-2.6876514,-2.5676513,-3.2676513,-3.7476513,-3.6176515,-3.9776514,-4.2676516,-3.8976514,-4.2676516,-3.5576513,-3.3076513,-3.6076515,-4.0076513,-3.4176514,-4.0276513,-4.707651,-4.8676515,-5.0976515,-6.0676513,-6.0376515,-6.857651,-6.0576515,-3.1976514,0.062348634,-1.3076514,-2.8476515,-3.2676513,-4.3676515,-5.6776514,-3.5476513,-3.1876514,-3.6176515,-4.5376515,-4.3076515,-4.0876513,-4.417651,-4.5276513,-4.647651,-4.7976513,-4.5376515,-2.7776513,-4.5376515,-3.4976513,-2.0476513,-2.0176513
