json/gfs_20240719_12.json
{"header": { "discipline":0, "disciplineName":"Meteorological products", "gribEdition":2, "gribLength":79870, "center":7, "centerName":"US National Weather Service - NCEP(WMC)", "subcenter":0, "refTime":"2024-07-19T12:00:00.000Z", "significanceOfRT":1, "significanceOfRTName":"Start of forecast", "productStatus":0, "productStatusName":"Operational products", "productType":1, "productTypeName":"Forecast products", "productDefinitionTemplate":0, "productDefinitionTemplateName":"Analysis/forecast at horizontal level/layer at a point in time", "parameterCategory":2, "parameterCategoryName":"Momentum", "parameterNumber":2, "parameterNumberName":"U-component_of_wind", "parameterUnit":"m.s-1", "genProcessType":2, "genProcessTypeName":"Forecast", "forecastTime":0, "surface1Type":103, "surface1TypeName":"Specified height level above ground", "surface1Value":10.0, "surface2Type":255, "surface2TypeName":"Missing", "surface2Value":0.0, "gridDefinitionTemplate":0, "gridDefinitionTemplateName":"Latitude_Longitude", "numberPoints":65160, "shape":6, "shapeName":"Earth spherical with radius of 6,371,229.0 m", "gridUnits":"degrees", "resolution":48, "winds":"true", "scanMode":0, "nx":360, "ny":181, "basicAngle":0, "lo1":0.0, "la1":90.0, "lo2":359.0, "la2":-90.0, "dx":1.0, "dy":1.0 }, "data":
[rows 52 to 77 of 181, columns 118 to 176 of 360]
-1.2311401,-4.0511403,-4.6111403,-2.09114,-2.53114,-0.98114014,-0.16114014,-1.6711402,-0.67114013,0.9488599,0.24885987,0.71885985,-0.011140137,2.0788598,3.0488598,5.01886,4.45886,5.10886,2.3088598,2.71886,2.39886,3.66886,1.1688598,0.22885986,-0.73114014,-0.64114016,-0.34114015,-3.4911401,-3.03114,-1.3711401,-0.8211401,-1.5611402,0.37885988,-2.27114,-1.3311402,-5.29114,-6.63114,-7.17114,-6.21114,-4.54114,-4.54114,-3.1911402,-4.7811403,-5.5111403,-4.25114,-2.8911402,-1.0011401,3.0388598,4.3888597,4.79886,4.02886,4.14886,3.3088598,3.67886,3.7788599,3.7888598,2.1388597,4.35886,6.2388597
1.9088598,0.60885984,-1.1111401,-2.2311401,0.7388599,0.21885987,1.2088599,2.0288599,0.78885984,1.5488598,0.77885985,1.6588598,6.91886,4.10886,4.83886,6.4488597,6.97886,3.3388598,2.3788598,0.08885986,-0.67114013,-0.5711401,1.8188598,0.71885985,0.048859864,2.40886,1.6788598,0.72885984,-1.8411402,-2.4911401,-0.34114015,0.58885986,1.6788598,1.9888599,3.0488598,-1.3611401,-1.3011402,-0.72114015,0.78885984,-1.8111402,1.0588598,0.53885984,-0.42114013,1.4888599,-0.011140137,1.8188598,3.6288598,3.8188598,3.95886,3.7688599,3.2988598,2.8588598,3.43886,3.46886,2.95886,3.14886,2.0588598,4.03886,3.3388598
2.23886,3.1288598,0.9988599,3.42886,1.3888599,0.52885985,1.2788599,1.1088599,0.70885986,0.7588599,0.63885987,1.4488598,4.11886,7.01886,6.3888597,5.85886,-0.0011401367,-5.60114,-1.8411402,0.24885987,0.7488599,1.6288599,-1.0111401,3.0788598,7.18886,5.4288597,4.31886,3.1088598,0.90885985,-1.7511401,-0.031140137,1.5988599,3.1188598,4.59886,6.2588596,9.26886,9.03886,7.66886,4.83886,4.60886,2.6288598,1.5388598,0.8788599,0.83885986,2.69886,3.1388597,3.0088599,2.3888597,3.1288598,2.8088598,2.3388598,2.0088599,2.73886,2.24886,2.15886,-0.24114014,2.14886,2.19886,1.8188598
1.5988599,1.1888598,-1.4711401,1.9888599,2.3788598,0.51885986,1.3988599,-0.65114015,0.17885986,-0.60114014,1.8688599,2.5688598,5.57886,8.30886,3.17886,-0.32114014,-0.18114014,-0.38114014,1.1788598,-2.3611403,1.4788599,4.05886,6.43886,7.59886,6.85886,5.02886,4.34886,4.47886,3.3088598,2.0788598,2.39886,1.8088598,4.2388597,6.04886,7.37886,9.748859,9.27886,9.09886,8.59886,7.2588596,6.03886,4.04886,3.5588598,2.0188599,3.18886,4.03886,2.1088598,3.5288599,3.2688599,3.3788598,3.19886,1.6588598,1.6988598,2.6188598,1.2888598,-1.2611401,3.47886,2.1188598,1.6888598
0.65885985,0.06885986,-1.2911401,-2.35114,-1.7011402,-0.48114014,-0.5511401,0.34885988,1.3888599,-0.54114014,3.6288598,4.4888597,5.14886,-0.5111401,-0.33114013,0.08885986,0.41885987,-2.3711402,1.8788599,6.95886,6.84886,7.28886,7.97886,7.74886,6.26886,4.35886,4.59886,4.39886,5.20886,3.8588598,3.5188599,4.09886,4.56886,6.05886,7.7188597,9.14886,8.52886,8.60886,8.39886,8.19886,6.89886,5.31886,4.32886,1.0588598,3.0788598,4.45886,5.26886,3.47886,4.68886,5.76886,5.8888597,3.0088599,1.8288598,2.2688599,2.43886,0.8788599,1.3488599,1.5488598,0.12885986
-0.32114014,0.79885983,-2.6811402,-5.39114,-4.91114,2.0588598,-0.32114014,1.9088598,2.6288598,3.6288598,3.72886,1.8888599,1.1488599,1.1488599,-0.85114014,0.40885985,4.4688597,4.6588597,3.5288599,4.77886,5.47886,5.6788597,6.31886,6.6588597,5.9688597,5.77886,5.01886,4.77886,4.79886,4.9288597,5.07886,5.16886,5.5088596,5.84886,5.87886,6.49886,7.1388597,7.11886,8.09886,7.27886,6.58886,5.06886,4.68886,2.19886,2.5388598,4.4888597,5.11886,4.28886,4.6588597,6.05886,7.5088596,5.58886,2.90886,1.3588599,0.79885983,1.9788599,1.1188599,1.9088598,-0.64114016
0.5688599,0.6188599,-0.36114013,-3.82114,-4.4911404,-0.21114014,1.1688598,1.9888599,2.5588598,3.3188598,3.6188598,2.3288598,-0.28114015,1.4988599,4.80886,4.68886,4.5088596,3.17886,3.40886,3.2688599,3.5988598,5.64886,5.54886,5.39886,5.18886,5.01886,4.45886,4.2588596,4.85886,5.08886,5.66886,5.27886,5.99886,6.58886,6.77886,6.35886,7.06886,7.11886,7.10886,6.5088596,6.08886,4.1588597,3.96886,2.72886,2.19886,3.5388598,4.51886,4.29886,5.10886,6.11886,6.37886,5.53886,3.8688598,-1.2911401,1.4988599,1.7188599,2.24886,0.90885985,-0.5711401
-0.65114015,0.6788599,-0.48114014,-2.1611402,-2.10114,1.0888599,1.7988598,2.3688598,2.7988598,3.3688598,2.94886,2.3288598,2.1188598,3.44886,3.7988598,3.8388598,2.40886,2.2788599,2.3388598,1.9488598,2.6388597,3.2988598,3.7888598,3.7988598,3.2888598,3.3088598,3.5188599,3.39886,3.71886,3.74886,4.95886,5.2588596,5.24886,6.05886,6.37886,6.84886,6.79886,6.12886,6.4088597,4.3888597,3.91886,4.12886,4.11886,3.99886,4.01886,3.47886,4.61886,5.05886,5.60886,5.2388597,5.81886,4.33886,3.0888598,-1.1711402,-0.44114015,1.3588599,1.0488598,-0.34114015,-0.8711401
-0.8111401,0.8688599,-0.11114014,-0.92114013,-2.60114,0.71885985,1.8188598,1.8588599,2.3588598,1.8788599,1.6588598,1.6788598,0.9988599,1.4088598,1.2488599,1.4488598,1.9788599,1.4488598,1.1388599,0.76885986,1.3788599,0.83885986,1.8688599,1.8988599,1.9588599,1.9988599,1.7588599,1.8388599,2.67886,3.0788598,3.3788598,4.24886,4.4688597,4.84886,5.14886,5.87886,5.11886,4.80886,4.84886,4.77886,4.76886,4.1788597,4.52886,4.04886,4.37886,3.5988598,4.09886,4.36886,4.1788597,3.71886,3.3088598,2.2788599,2.1088598,1.1388599,-0.0011401367,0.08885986,-0.78114015,-1.4511402,-2.80114
-0.6911401,-0.64114016,-0.8811401,-1.4411402,2.18886,0.95885986,0.7488599,0.64885986,0.58885986,0.21885987,0.41885987,0.38885987,-0.90114015,-0.34114015,-0.25114015,-0.13114014,0.26885986,-0.66114014,-1.0811402,-0.8111401,-0.67114013,-1.5911402,-1.6611401,-0.96114016,-1.0111401,-1.3011402,-0.91114014,-0.8111401,-0.32114014,-0.42114013,0.23885986,1.3088598,1.8188598,2.5288599,2.8888597,4.03886,4.0088596,4.49886,3.89886,3.97886,4.45886,3.8288598,3.39886,2.89886,2.42886,2.3288598,2.0388598,2.0488598,1.7088599,1.8588599,1.7488599,1.1488599,1.7688599,-0.091140136,-1.3011402,-1.7611401,-2.51114,-2.06114,-3.6511402
-0.8711401,0.018859863,-0.33114013,-0.12114014,-0.091140136,-0.20114014,-0.31114015,-0.78114015,-0.48114014,-1.2611401,-1.8011402,-2.6311402,-2.3811402,-2.09114,-1.8811401,-1.7011402,-2.35114,-2.3611403,-2.7111402,-2.4711401,-2.76114,-3.6711402,-3.6611402,-3.08114,-2.59114,-2.6111403,-3.1711402,-2.9411402,-2.4011402,-2.00114,-1.5111401,-1.6811402,0.72885984,0.63885987,0.6988599,1.6288599,3.0988598,2.89886,2.2988598,2.3588598,1.5788598,1.8388599,1.5688598,0.9288599,0.22885986,0.82885987,-0.07114014,-0.92114013,0.058859862,0.82885987,0.45885986,0.20885986,-0.79114014,-1.9211402,-2.7111402,-2.9411402,-3.3911402,-3.9011402,-4.23114
-0.61114013,-1.6311401,-0.5511401,-1.4311402,-0.78114015,-1.3311402,-1.7311401,-1.7011402,-2.05114,-1.6711402,-2.8711402,-3.53114,-3.4911401,-2.78114,-3.1311402,-3.85114,-3.9311402,-4.0911403,-4.54114,-4.0911403,-4.63114,-4.50114,-4.2611403,-4.40114,-3.9411402,-4.20114,-4.8411403,-4.3011403,-4.2611403,-3.81114,-3.1911402,-2.60114,-1.4311402,-0.5111401,0.078859866,0.42885986,0.34885988,1.4488598,0.47885987,-0.011140137,-0.7411401,-0.14114013,-0.49114013,-0.9311401,-1.3511401,-1.4711401,-2.34114,-1.3611401,-1.6811402,-1.1611401,-0.83114016,-1.4911401,-2.4411402,-3.7411401,-3.7211401,-4.12114,-4.37114,-5.47114,-5.10114
0.41885987,0.09885986,0.20885986,-2.07114,-3.07114,-2.56114,-2.9211402,-2.77114,-3.85114,-4.3411403,-3.9311402,-3.6111403,-3.3611403,-4.8411403,-4.27114,-4.17114,-4.87114,-4.93114,-4.65114,-4.7611403,-5.1111403,-4.58114,-4.69114,-5.58114,-5.37114,-5.42114,-5.40114,-5.31114,-5.8011403,-5.15114,-4.0111403,-3.6411402,-2.6511402,-2.00114,-1.3511401,-2.09114,-2.34114,-2.08114,-2.1111403,-2.4511402,-2.3711402,-1.6911402,-2.57114,-3.28114,-2.83114,-2.82114,-3.1311402,-3.34114,-3.2111402,-1.9511402,-2.79114,-2.6511402,-4.43114,-4.5311403,-4.29114,-5.73114,-5.22114,-5.97114,-5.87114
1.3088598,4.99886,4.18886,-0.031140137,-1.0611402,-2.81114,-4.44114,-4.52114,-5.5711403,-4.92114,-4.33114,-4.71114,-5.13114,-5.47114,-5.06114,-5.06114,-4.8411403,-4.8611403,-4.87114,-6.0711403,-5.48114,-5.7611403,-5.64114,-6.23114,-5.98114,-4.92114,-4.39114,-4.37114,-4.21114,-4.52114,-4.64114,-3.4011402,-3.9011402,-4.19114,-3.8911402,-3.56114,-3.31114,-4.5511403,-3.2311401,-4.17114,-3.60114,-3.76114,-3.6711402,-4.38114,-3.6611402,-3.7311401,-3.9211402,-4.35114,-3.9811401,-4.29114,-4.18114,-4.08114,-4.97114,-5.5511403,-5.75114,-5.8011403,-6.68114,-6.52114,-6.46114
1.8388599,1.9788599,1.2588599,-1.5311401,0.54885983,-3.6111403,-4.64114,-4.7611403,-5.60114,-4.98114,-5.19114,-5.27114,-5.75114,-5.22114,-4.46114,-3.9611402,-4.7411404,-5.23114,-4.45114,-5.48114,-5.20114,-5.5111403,-5.41114,-5.3411403,-5.5911403,-4.91114,-4.5711403,-4.23114,-3.4711401,-4.0711403,-4.0511403,-4.73114,-4.9911404,-6.46114,-5.46114,-4.44114,-4.50114,-4.94114,-5.02114,-5.08114,-5.17114,-4.90114,-5.04114,-5.12114,-5.18114,-5.19114,-5.7411404,-5.06114,-5.17114,-5.18114,-5.25114,-5.8411403,-6.13114,-6.67114,-6.37114,-6.46114,-6.6111403,-6.8611403,-6.67114
-3.33114,-2.06114,1.1888598,-0.15114014,-3.33114,-4.47114,-4.7411404,-5.0311403,-5.02114,-5.21114,-6.15114,-5.43114,-5.93114,-6.00114,-5.18114,-5.2811403,-5.89114,-5.92114,-5.4911404,-5.94114,-6.0311403,-5.06114,-4.98114,-5.97114,-5.19114,-5.25114,-4.58114,-3.79114,-3.6911402,-4.73114,-5.27114,-5.2611403,-6.0711403,-4.31114,-7.2811403,-5.2811403,-5.19114,-4.68114,-5.89114,-5.35114,-6.0511403,-5.46114,-6.37114,-5.63114,-6.29114,-6.31114,-5.8611403,-5.88114,-6.37114,-6.15114,-5.8411403,-6.52114,-6.54114,-7.3411403,-7.2811403,-7.16114,-6.7811403,-5.93114,-6.5111403
-6.79114,-7.7811403,-10.22114,-5.81114,-5.89114,-5.45114,-4.87114,-6.0911403,-5.73114,-5.7411404,-5.9911404,-5.9911404,-6.46114,-6.68114,-6.73114,-6.23114,-6.2411404,-6.85114,-6.58114,-5.79114,-5.35114,-4.66114,-4.87114,-5.27114,-5.14114,-4.89114,-4.96114,-3.9311402,-4.2811403,-6.12114,-4.90114,-5.2611403,-6.20114,-6.02114,-7.67114,-6.39114,-6.2411404,-5.66114,-6.62114,-6.7411404,-6.16114,-6.72114,-7.2611403,-6.69114,-6.58114,-6.50114,-6.96114,-7.06114,-6.81114,-6.69114,-6.65114,-7.2611403,-6.4911404,-6.79114,-7.3611403,-7.38114,-7.04114,-5.87114,-5.83114
-8.291141,-9.72114,-9.68114,-7.8211403,-6.7811403,-5.8011403,-5.93114,-5.83114,-6.15114,-5.96114,-6.70114,-7.22114,-8.06114,-7.5911403,-7.72114,-7.77114,-7.70114,-7.21114,-6.41114,-6.15114,-5.27114,-4.5711403,-4.70114,-4.77114,-4.3211403,-5.16114,-4.2811403,-5.14114,-5.7611403,-5.25114,-6.5711403,-5.7411404,-5.92114,-7.41114,-7.92114,-7.46114,-6.7811403,-6.13114,-7.7411404,-7.85114,-6.60114,-7.5911403,-7.58114,-8.03114,-7.93114,-7.5111403,-7.5311403,-7.5111403,-7.73114,-7.10114,-7.0311403,-7.4911404,-7.0711403,-7.35114,-7.41114,-7.17114,-7.43114,-7.10114,-6.89114
-9.541141,-9.31114,-11.39114,-9.001141,-6.5311403,-6.29114,-6.0111403,-6.29114,-6.41114,-6.7811403,-7.08114,-7.88114,-8.35114,-9.20114,-8.70114,-8.501141,-8.01114,-7.18114,-6.46114,-6.35114,-5.5911403,-5.50114,-4.83114,-4.60114,-4.13114,-6.69114,-6.3011403,-5.87114,-4.6111403,-6.87114,-7.2811403,-6.1111403,-7.20114,-6.75114,-7.7611403,-7.23114,-6.98114,-7.3411403,-7.79114,-8.53114,-7.33114,-7.68114,-8.59114,-7.5511403,-8.44114,-7.92114,-8.15114,-8.03114,-7.5511403,-7.16114,-6.9911404,-7.7811403,-7.29114,-6.81114,-6.4911404,-6.97114,-7.68114,-7.63114,-7.70114
-5.47114,-6.64114,-10.20114,-12.3311405,-7.3611403,-5.15114,-5.64114,-6.04114,-7.25114,-6.91114,-7.1111403,-8.48114,-9.11114,-9.49114,-9.43114,-8.21114,-7.97114,-8.14114,-7.47114,-6.8611403,-6.33114,-6.25114,-5.69114,-6.14114,-5.20114,-6.02114,-6.00114,-6.0311403,-6.31114,-6.89114,-6.96114,-7.35114,-7.5111403,-7.83114,-8.46114,-6.98114,-8.95114,-8.06114,-8.501141,-8.97114,-8.59114,-8.24114,-8.32114,-7.75114,-8.18114,-8.18114,-7.71114,-8.40114,-7.70114,-7.81114,-6.77114,-7.1111403,-7.25114,-6.8411403,-7.12114,-6.7811403,-7.2611403,-7.79114,-6.48114
-1.8511401,-0.70114017,1.5188599,-0.91114014,-2.4011402,-4.10114,-5.0911403,-6.15114,-6.75114,-6.93114,-7.22114,-8.27114,-8.8711405,-9.59114,-8.36114,-8.77114,-8.751141,-9.44114,-8.70114,-8.67114,-7.71114,-7.88114,-7.46114,-7.08114,-6.66114,-6.20114,-5.98114,-6.46114,-6.62114,-7.12114,-7.17114,-7.68114,-7.02114,-8.05114,-7.66114,-7.81114,-8.32114,-8.97114,-8.77114,-9.60114,-8.86114,-7.89114,-8.59114,-8.21114,-8.53114,-8.501141,-8.251141,-7.73114,-7.7611403,-7.39114,-7.39114,-7.17114,-7.2811403,-7.4911404,-7.39114,-7.1111403,-8.32114,-7.87114,-6.8011403
-1.7911401,1.0188599,2.19886,-0.9911401,-2.4911401,-3.9011402,-5.10114,-5.08114,-6.16114,-6.47114,-4.5111403,-7.13114,-7.89114,-8.35114,-8.59114,-8.541141,-9.61114,-10.55114,-9.61114,-9.69114,-9.06114,-8.98114,-8.90114,-8.60114,-7.7811403,-7.17114,-6.42114,-6.5111403,-7.2611403,-6.85114,-8.03114,-7.8611403,-7.5111403,-8.13114,-8.02114,-8.21114,-7.54114,-8.66114,-8.85114,-8.05114,-8.44114,-8.43114,-9.20114,-8.90114,-8.53114,-8.42114,-8.251141,-8.61114,-8.03114,-7.67114,-7.22114,-7.15114,-7.60114,-7.3211403,-7.69114,-7.72114,-8.09114,-8.39114,-7.7811403
-6.66114,-2.51114,1.4388598,-1.3911401,-3.08114,-3.9311402,-5.31114,-5.14114,-5.46114,-5.88114,-3.9311402,-4.62114,-9.66114,-7.68114,-9.61114,-10.68114,-9.48114,-9.18114,-10.17114,-9.69114,-9.21114,-9.19114,-9.60114,-9.26114,-8.74114,-7.7811403,-7.18114,-6.16114,-6.04114,-6.90114,-6.71114,-6.8411403,-6.81114,-8.35114,-7.94114,-8.17114,-7.58114,-8.3311405,-8.70114,-8.57114,-8.3711405,-9.31114,-9.1211405,-9.3311405,-9.40114,-9.23114,-8.32114,-8.8311405,-8.66114,-8.19114,-7.7611403,-7.69114,-7.38114,-7.46114,-7.5111403,-7.93114,-8.38114,-8.57114,-9.16114
-5.5111403,-3.2011402,-3.3711402,0.27885985,-0.83114016,-4.20114,-4.8611403,-3.9811401,-3.53114,-4.38114,-4.3011403,-4.45114,-4.60114,-7.60114,-10.90114,-10.90114,-7.7411404,-8.43114,-7.58114,-8.42114,-8.60114,-7.52114,-8.97114,-9.10114,-8.31114,-7.88114,-7.2411404,-6.5111403,-5.68114,-6.2611403,-6.29114,-7.14114,-6.65114,-7.4911404,-8.32114,-6.9911404,-7.0911403,-8.1211405,-8.45114,-8.42114,-8.8711405,-8.73114,-8.88114,-8.8711405,-9.02114,-9.32114,-8.95114,-9.06114,-8.82114,-8.60114,-8.36114,-8.10114,-8.46114,-7.56114,-7.8211403,-7.95114,-8.10114,-8.98114,-8.85114
1.6088599,0.5588599,1.3688599,0.44885987,-0.061140135,1.5888599,-2.09114,-1.0811402,-1.6011401,-2.25114,-1.7611401,-2.2211401,-0.46114013,-1.4411402,-7.93114,-5.42114,-1.5111401,-3.3811402,-4.62114,-3.4511402,-6.8211403,-5.75114,-6.02114,-5.81114,-6.65114,-6.7611403,-5.98114,-6.94114,-5.8611403,-6.04114,-5.92114,-7.1111403,-6.79114,-7.22114,-7.37114,-7.35114,-6.7411404,-8.27114,-9.041141,-9.53114,-9.51114,-8.63114,-7.8211403,-8.85114,-8.69114,-7.9911404,-8.23114,-9.3311405,-8.72114,-8.67114,-8.751141,-8.98114,-8.22114,-8.21114,-7.7411404,-8.14114,-7.72114,-8.36114,-8.49114
6.4488597,7.66886,2.6388597,0.8188599,4.68886,2.8688598,3.49886,4.9888597,3.24886,0.64885986,0.44885987,0.048859864,-0.14114013,7.33886,8.68886,3.73886,2.89886,0.40885985,-0.5511401,-0.45114014,-0.11114014,0.31885988,-1.3111402,-2.4011402,-3.78114,-4.81114,-3.7311401,-4.52114,-5.8611403,-5.23114,-5.7611403,-5.44114,-7.0911403,-7.56114,-6.8411403,-7.5311403,-6.63114,-7.72114,-8.90114,-10.11114,-9.99114,-8.90114,-8.16114,-8.20114,-8.21114,-7.42114,-7.81114,-8.1211405,-8.70114,-8.34114,-8.55114,-9.22114,-8.95114,-8.89114,-8.14114,-8.001141,-7.94114,-8.52114,-8.0811405
