json/gfs_20240725_12.json
{"header": { "discipline":0, "disciplineName":"Meteorological products", "gribEdition":2, "gribLength":79344, "center":7, "centerName":"US National Weather Service - NCEP(WMC)", "subcenter":0, "refTime":"2024-07-25T12:00:00.000Z", "significanceOfRT":1, "significanceOfRTName":"Start of forecast", "productStatus":0, "productStatusName":"Operational products", "productType":1, "productTypeName":"Forecast products", "productDefinitionTemplate":0, "productDefinitionTemplateName":"Analysis/forecast at horizontal level/layer at a point in time", "parameterCategory":2, "parameterCategoryName":"Momentum", "parameterNumber":3, "parameterNumberName":"V-component_of_wind", "parameterUnit":"m.s-1", "genProcessType":2, "genProcessTypeName":"Forecast", "forecastTime":0, "surface1Type":103, "surface1TypeName":"Specified height level above ground", "surface1Value":10.0, "surface2Type":255, "surface2TypeName":"Missing", "surface2Value":0.0, "gridDefinitionTemplate":0, "gridDefinitionTemplateName":"Latitude_Longitude", "numberPoints":65160, "shape":6, "shapeName":"Earth spherical with radius of 6,371,229.0 m", "gridUnits":"degrees", "resolution":48, "winds":"true", "scanMode":0, "nx":360, "ny":181, "basicAngle":0, "lo1":0.0, "la1":90.0, "lo2":359.0, "la2":-90.0, "dx":1.0, "dy":1.0 }, "data":
[rows 135 to 161 of 181, columns 180 to 239 of 360]
3.3438768,4.673877,6.393877,6.653877,9.073877,11.113877,11.943877,12.403877,12.603877,12.503877,12.333877,10.193877,6.583877,5.473877,5.423877,7.703877,5.6938767,4.643877,5.883877,5.913877,4.743877,6.263877,5.413877,3.743877,3.263877,0.45387694,-2.736123,-1.8661231,-4.156123,-2.736123,-3.726123,-2.536123,-0.64612305,-2.506123,-2.246123,-0.97612303,-4.566123,-5.816123,-7.756123,-8.516123,-9.106123,-8.486123,-8.896123,-8.846123,-10.836123,-10.146123,-10.216123,-13.776123,-16.636124,-16.096123,-13.816123,-13.726123,-13.236123,-12.156123,-10.716123,-9.7961235,-8.946123,-7.586123,-5.106123,-3.536123
3.013877,4.253877,5.673877,7.663877,10.233877,10.903877,11.133877,11.993877,13.243877,14.253877,13.603877,10.2038765,5.293877,3.8238769,6.103877,4.633877,6.513877,6.253877,6.9438767,6.053877,6.293877,7.743877,7.033877,4.133877,3.5838768,3.243877,0.91387695,-2.4361231,-4.146123,-2.9061232,-3.576123,-2.4361231,0.47387695,0.39387694,0.13387695,-1.0961231,-3.506123,-5.606123,-7.836123,-10.226123,-10.716123,-10.316123,-10.476123,-9.5461235,-9.416123,-12.596123,-13.196123,-16.996122,-17.346123,-15.696123,-13.5461235,-13.076123,-12.206123,-11.016123,-10.066123,-9.506123,-8.306123,-6.696123,-4.696123,-1.0061231
1.193877,3.733877,6.253877,8.833877,9.993877,10.903877,12.2038765,12.663877,13.603877,15.093877,11.323877,10.813877,6.223877,5.953877,6.023877,5.663877,5.923877,6.353877,7.643877,6.703877,7.773877,7.853877,3.913877,3.643877,3.293877,0.20387696,-0.53612304,-2.736123,-2.6861231,-1.9961231,-1.316123,-0.066123046,2.153877,3.743877,2.663877,1.583877,-1.516123,-4.576123,-11.596123,-12.636123,-12.756123,-11.626123,-11.076123,-9.946123,-6.866123,-11.146123,-15.316123,-15.336123,-14.496123,-13.246123,-13.136123,-12.176123,-10.866123,-10.226123,-9.216123,-8.306123,-6.976123,-5.566123,-2.636123,-1.7161231
0.55387694,2.5938768,5.343877,8.353877,10.113877,11.213877,12.4538765,13.183877,14.033877,14.343877,13.533877,6.833877,6.203877,6.473877,4.633877,6.9438767,6.263877,7.153877,7.753877,7.433877,8.4538765,7.273877,5.673877,5.013877,4.053877,2.5938768,-1.686123,-3.396123,-2.116123,-1.446123,-0.616123,1.723877,3.233877,2.0538769,4.733877,6.403877,1.7538769,-2.256123,-4.576123,-10.916123,-11.866123,-11.206123,-12.166123,-11.246123,-9.936123,-11.566123,-11.146123,-12.506123,-11.876123,-11.516123,-10.996123,-9.696123,-9.176123,-8.806123,-8.146123,-6.996123,-5.7861233,-4.816123,-3.1561232,-1.4761231
0.36387694,2.443877,5.163877,7.753877,9.323877,11.023877,11.623877,12.593877,13.443877,13.853877,11.913877,6.473877,6.703877,4.673877,5.7138767,6.613877,6.263877,5.683877,7.493877,7.843877,8.013877,4.863877,5.123877,5.133877,4.643877,3.963877,0.46387696,-4.046123,-3.056123,-2.6561232,-2.216123,-0.46612304,-0.28612304,0.80387694,4.293877,6.1938767,3.883877,0.60387695,-2.336123,-7.396123,-10.396123,-9.056123,-8.766123,-10.696123,-11.036123,-11.846123,-10.806123,-10.256123,-10.126123,-9.026123,-8.576123,-8.636123,-8.606123,-8.186123,-7.266123,-6.576123,-4.416123,-3.716123,-2.076123,0.32387695
-0.006123047,1.823877,5.013877,7.563877,9.073877,9.363877,9.553877,10.403877,12.053877,12.293877,12.333877,12.343877,6.483877,6.753877,5.473877,6.4638767,5.783877,4.843877,6.483877,5.9438767,7.303877,4.033877,3.993877,5.853877,6.003877,5.783877,4.4638767,-0.616123,-2.466123,-2.266123,-1.8661231,-2.316123,-1.056123,-0.96612304,0.89387697,2.983877,2.003877,0.5638769,-1.166123,-1.6361231,-3.4061232,-5.636123,-6.116123,-7.656123,-7.256123,-7.006123,-6.986123,-7.546123,-8.206123,-7.946123,-8.376123,-7.616123,-6.886123,-5.936123,-5.246123,-3.976123,-2.716123,-3.466123,-1.816123,0.6238769
-0.17612305,2.393877,5.103877,6.433877,7.913877,9.043877,10.163877,8.753877,11.113877,11.483877,11.343877,9.103877,8.263877,7.503877,5.903877,5.893877,4.353877,4.183877,5.773877,5.143877,5.083877,1.7538769,2.5738769,4.003877,5.223877,5.303877,2.233877,0.21387695,-1.016123,-1.206123,-1.8761231,-2.046123,-1.9661231,-1.436123,-0.006123047,1.1338769,1.8638769,0.27387697,-1.4761231,-2.6861231,-3.316123,-3.576123,-4.766123,-6.376123,-6.906123,-7.596123,-7.546123,-7.006123,-7.216123,-7.826123,-6.846123,-5.956123,-5.116123,-4.476123,-3.4361231,-2.1661232,-1.4861231,-0.08612305,3.5938768,2.123877
0.24387695,3.183877,4.553877,5.983877,7.7138767,8.993877,10.7038765,8.873877,10.473877,11.273877,10.443877,10.213877,8.143877,7.223877,6.743877,3.923877,2.533877,1.7838769,2.483877,3.413877,3.5838768,-0.90612304,-0.23612304,-0.11612305,3.5838768,3.863877,4.503877,2.013877,-0.03612305,-2.466123,-2.826123,-2.216123,-1.916123,-2.616123,-1.016123,-0.57612306,0.08387695,0.03387695,-0.15612304,-1.536123,-2.816123,-3.9061232,-4.106123,-4.296123,-4.776123,-5.416123,-6.5561233,-6.356123,-5.736123,-5.726123,-5.696123,-5.166123,-4.696123,-1.2361231,1.7438769,3.123877,2.773877,4.763877,6.323877,6.883877
0.72387695,2.733877,4.043877,5.873877,8.003877,9.093877,9.733877,9.433877,8.913877,10.863877,10.943877,10.923877,9.773877,9.533877,8.4538765,3.3138769,-0.42612305,-2.1861231,-1.4661231,-1.526123,0.45387694,-1.916123,-0.53612304,-1.2561231,-0.49612305,-0.37612304,0.98387694,2.433877,1.8938769,-0.96612304,-2.026123,-2.286123,-2.356123,-1.8761231,-1.706123,-1.776123,-1.7461231,-1.926123,-2.226123,-2.746123,-2.386123,-2.976123,-4.336123,-5.3061233,-5.576123,-5.746123,-4.916123,-4.136123,-3.6661232,-2.356123,-1.8661231,-0.53612304,-0.9961231,1.2638769,1.313877,1.923877,4.2138767,4.733877,6.933877,8.373877
0.573877,2.473877,4.253877,5.383877,6.493877,7.9638767,7.993877,8.033877,8.623877,10.243877,9.983877,8.863877,9.853877,9.993877,11.243877,4.733877,-2.586123,-4.976123,-3.996123,-3.326123,-2.286123,-0.82612306,-2.126123,-2.496123,-2.066123,-1.556123,-0.12612304,-0.14612305,0.80387694,-0.59612304,-1.426123,-1.8561231,-2.796123,-3.496123,-2.496123,-2.556123,-2.086123,-1.2361231,-1.146123,-1.806123,-2.736123,-3.726123,-3.996123,-3.516123,-2.856123,-2.516123,-2.616123,-2.876123,-2.756123,-2.9061232,-2.236123,-1.6261231,-2.206123,-0.616123,0.59387696,2.263877,4.563877,5.633877,6.613877,7.413877
0.7538769,2.863877,4.023877,5.933877,7.173877,7.7138767,7.733877,6.393877,8.603877,9.333877,8.673877,8.603877,8.563877,8.653877,10.843877,2.8238769,0.30387697,-2.756123,-2.9061232,-3.136123,-3.026123,-2.346123,-2.146123,-1.826123,-3.1861231,-2.216123,-2.356123,-1.816123,-1.9761231,-1.516123,-1.7361231,-1.7461231,-2.1861231,-1.2361231,-1.9861231,-1.706123,-2.246123,-2.266123,-1.3861231,-1.6061231,-1.686123,-1.706123,-1.5961231,-2.556123,-2.486123,-3.276123,-3.326123,-1.9861231,-1.806123,-0.926123,-3.536123,-2.356123,-1.8761231,0.13387695,2.193877,3.703877,4.1938767,4.4438767,5.033877,6.733877
1.213877,3.363877,4.2138767,4.893877,5.813877,6.863877,7.243877,8.323877,8.653877,8.173877,8.113877,8.283877,8.113877,7.523877,8.303877,2.3038769,-1.906123,-2.956123,-3.256123,-2.9261231,-2.806123,-2.876123,-3.126123,-2.9361231,-3.556123,-2.886123,-2.606123,-2.776123,-2.136123,-1.906123,-2.296123,-2.496123,-1.566123,-1.656123,-1.946123,-1.906123,-1.086123,-1.016123,-1.7461231,-2.266123,-2.4061232,-2.596123,-2.856123,-2.216123,-1.926123,-2.006123,-2.276123,-4.126123,-3.9061232,-3.146123,-2.1861231,-0.96612304,0.21387695,1.713877,2.233877,2.5738769,3.223877,4.553877,5.343877,6.643877
1.433877,2.963877,3.943877,5.4638767,6.873877,6.763877,7.413877,8.063877,8.353877,7.873877,8.003877,7.003877,5.573877,5.403877,6.1938767,3.133877,-2.646123,-3.846123,-4.386123,-4.216123,-3.816123,-3.516123,-3.056123,-3.6761231,-3.366123,-3.4461231,-2.846123,-3.1761231,-2.226123,-2.4361231,-2.326123,-2.466123,-2.306123,-2.4161232,-2.286123,-2.386123,-2.506123,-2.6961231,-2.546123,-2.886123,-2.236123,-2.1861231,-2.256123,-3.056123,-2.716123,-2.996123,-3.6861231,-3.636123,-2.556123,-1.3861231,-0.28612304,0.943877,1.223877,1.593877,2.123877,3.013877,3.603877,4.9438767,6.263877,7.853877
1.933877,3.113877,4.453877,5.903877,5.293877,7.263877,7.083877,7.123877,6.603877,6.103877,5.013877,3.683877,1.963877,2.663877,3.873877,3.243877,-4.196123,-4.406123,-4.8061233,-5.026123,-4.886123,-4.616123,-4.946123,-4.606123,-4.876123,-4.566123,-4.496123,-4.646123,-4.726123,-3.976123,-3.766123,-3.526123,-3.886123,-3.366123,-3.1961231,-3.026123,-2.9361231,-3.046123,-3.806123,-3.4461231,-3.826123,-3.576123,-4.026123,-4.086123,-3.4261231,-2.4361231,-1.956123,-1.176123,-0.44612303,0.44387695,1.043877,1.593877,1.6238769,1.8938769,2.643877,4.043877,4.763877,5.673877,6.453877,7.973877
2.193877,3.383877,4.453877,4.6938767,6.243877,7.503877,7.863877,6.883877,6.423877,5.003877,3.0738769,1.443877,-0.926123,-0.40612304,1.1538769,1.4938769,-5.486123,-5.676123,-5.746123,-6.126123,-5.956123,-5.516123,-5.156123,-5.066123,-5.766123,-5.626123,-5.626123,-5.266123,-5.466123,-4.276123,-4.126123,-3.9061232,-3.6561232,-3.596123,-3.306123,-3.516123,-3.986123,-5.646123,-5.376123,-5.826123,-6.2861233,-5.706123,-4.756123,-3.9361231,-2.506123,-1.156123,-0.27612305,0.34387696,0.633877,1.663877,2.433877,2.703877,2.963877,3.353877,4.013877,5.023877,5.403877,5.353877,6.283877,7.223877
2.023877,3.173877,4.393877,4.563877,7.483877,8.213877,8.793877,8.993877,7.4638767,4.143877,0.47387695,-1.926123,-3.756123,-3.246123,-1.166123,-2.496123,-5.576123,-6.666123,-6.326123,-6.406123,-6.5561233,-6.096123,-6.086123,-6.066123,-6.216123,-5.866123,-5.626123,-5.316123,-5.206123,-4.796123,-4.396123,-4.656123,-4.636123,-5.236123,-5.736123,-7.296123,-6.996123,-7.346123,-7.636123,-7.226123,-6.5361233,-5.866123,-4.496123,-2.876123,-1.826123,-0.546123,0.42387694,1.333877,1.923877,2.603877,2.853877,3.993877,4.1938767,4.923877,5.6938767,6.383877,6.523877,6.503877,6.133877,6.973877
1.943877,3.733877,3.393877,6.403877,7.373877,8.743877,9.9538765,9.393877,6.663877,3.913877,-2.9361231,-5.026123,-4.816123,-4.396123,-1.686123,-5.086123,-5.636123,-6.706123,-7.2861233,-7.096123,-6.586123,-6.136123,-6.486123,-5.7861233,-6.076123,-5.976123,-5.596123,-5.616123,-5.616123,-5.616123,-5.606123,-5.8061233,-7.066123,-8.656123,-8.686123,-8.776123,-8.676123,-8.866123,-8.416123,-7.956123,-6.916123,-5.196123,-3.4461231,-2.286123,-0.64612305,0.92387694,1.6438769,2.183877,2.683877,3.0838768,3.983877,4.983877,6.063877,6.573877,6.923877,7.483877,7.803877,8.123877,7.783877,7.313877
2.903877,3.693877,4.113877,5.803877,7.783877,9.353877,9.213877,9.063877,9.133877,1.683877,0.25387695,-2.526123,-3.556123,-2.806123,-2.9361231,-5.516123,-4.976123,-5.296123,-6.636123,-7.376123,-8.146123,-7.836123,-7.2861233,-6.886123,-6.0561233,-4.516123,-4.836123,-4.336123,-4.186123,-6.296123,-7.336123,-9.136123,-7.816123,-8.646123,-8.736123,-9.746123,-9.416123,-9.086123,-8.586123,-7.766123,-6.446123,-4.946123,-3.866123,-1.8561231,0.16387695,1.5038769,2.133877,2.773877,3.213877,3.5638769,4.683877,5.543877,6.313877,7.043877,8.053877,8.633877,8.853877,8.933877,9.253877,9.103877
1.3738769,0.823877,3.153877,5.593877,7.503877,8.263877,8.383877,7.853877,7.263877,6.683877,4.613877,1.923877,-0.866123,-2.9161232,-4.066123,-5.026123,-4.8061233,-3.6861231,-3.1861231,-4.136123,-5.516123,-6.336123,-7.3061233,-7.016123,-6.166123,-5.746123,-6.116123,-6.686123,-6.646123,-6.946123,-6.846123,-7.356123,-7.176123,-7.136123,-9.596123,-7.636123,-8.976123,-8.946123,-8.256123,-7.186123,-5.996123,-4.676123,-3.736123,-2.276123,0.25387695,1.2738769,1.583877,2.263877,2.973877,3.623877,4.803877,5.603877,6.153877,6.983877,7.833877,8.583877,8.963877,9.503877,9.323877,9.013877
-1.7361231,-0.45612305,2.3438768,3.973877,4.343877,7.043877,5.903877,6.993877,4.973877,5.473877,4.113877,3.743877,3.283877,2.123877,-2.356123,-5.736123,-5.566123,-5.646123,-5.406123,-5.416123,-5.546123,-5.816123,-6.656123,-7.456123,-7.796123,-7.736123,-7.616123,-6.746123,-6.586123,-6.026123,-5.776123,-5.476123,-5.076123,-4.456123,-4.466123,-3.6761231,-3.986123,-5.0361233,-6.5561233,-5.816123,-4.716123,-4.086123,-2.986123,-2.126123,-0.84612304,1.0038769,1.5338769,2.3138769,2.773877,3.623877,4.613877,5.263877,5.903877,6.273877,7.573877,8.373877,8.513877,8.643877,8.693877,8.853877
-1.776123,0.17387696,1.5038769,2.193877,3.223877,4.273877,5.023877,4.513877,4.363877,4.053877,3.693877,3.423877,3.423877,3.5838768,3.493877,2.223877,0.08387695,-2.026123,-4.096123,-4.906123,-5.466123,-5.716123,-6.176123,-6.356123,-6.366123,-5.986123,-5.466123,-4.956123,-4.576123,-4.146123,-3.976123,-3.986123,-3.636123,-3.486123,-2.9161232,-2.846123,-2.016123,-1.776123,-3.1761231,-3.576123,-3.766123,-2.986123,-3.026123,-2.056123,-1.3561231,0.7538769,1.473877,2.403877,2.763877,3.3038769,4.043877,5.043877,5.543877,6.2138767,6.523877,7.113877,7.583877,7.553877,7.4638767,7.6938767
-1.396123,-0.81612307,0.55387694,1.433877,1.943877,2.543877,3.863877,4.263877,3.763877,4.173877,4.1938767,3.463877,2.993877,2.3238769,1.973877,1.423877,0.693877,-0.09612305,-0.95612305,-1.8661231,-2.396123,-2.746123,-2.9061232,-3.1661232,-3.236123,-3.456123,-3.296123,-3.216123,-3.576123,-3.646123,-3.4261231,-3.316123,-3.4061232,-2.996123,-3.216123,-2.876123,-2.726123,-2.206123,-2.136123,-1.646123,-1.286123,-0.58612305,-1.566123,-0.83612305,-1.0061231,-0.59612304,0.32387695,0.98387694,1.443877,2.373877,3.133877,3.5738769,3.773877,4.323877,4.393877,4.663877,5.093877,5.673877,6.123877,6.513877
-0.22612305,0.55387694,0.96387696,1.583877,2.183877,2.5538769,3.243877,3.993877,4.043877,3.253877,3.443877,3.673877,3.873877,3.503877,2.773877,1.9938769,1.323877,0.90387696,0.41387695,-0.15612304,-0.58612305,-1.276123,-1.826123,-1.946123,-2.276123,-2.586123,-2.966123,-3.1761231,-3.536123,-3.6661232,-3.4061232,-3.596123,-3.496123,-3.496123,-3.316123,-3.576123,-3.326123,-3.306123,-3.1661232,-2.826123,-2.4061232,-2.056123,-1.646123,-1.426123,-1.196123,-1.156123,-1.066123,-0.59612304,0.103876956,0.513877,0.78387696,1.293877,1.563877,1.7838769,1.983877,2.0538769,2.393877,2.893877,3.5838768,3.603877
1.7538769,1.573877,1.823877,2.353877,2.913877,3.183877,3.533877,3.743877,3.923877,4.143877,4.143877,3.753877,2.513877,2.113877,2.5638769,2.5938768,2.133877,1.553877,0.91387695,0.28387696,-0.44612303,-0.94612306,-0.97612303,-1.266123,-1.776123,-2.266123,-2.326123,-2.866123,-3.1561232,-3.376123,-3.336123,-3.516123,-3.576123,-3.516123,-3.4061232,-3.556123,-3.116123,-2.826123,-2.546123,-2.356123,-2.006123,-1.836123,-1.4661231,-1.186123,-1.3461231,-1.076123,-0.806123,-1.156123,-0.90612304,-0.46612304,-0.22612305,0.25387695,0.59387696,0.99387693,0.8138769,1.7738769,1.823877,1.7538769,1.923877,2.523877
2.493877,2.483877,2.423877,2.513877,2.733877,2.963877,3.353877,3.8038769,4.133877,4.083877,4.143877,4.223877,4.233877,3.5938768,3.003877,2.293877,0.90387696,-0.47612303,-0.85612303,-0.89612305,-1.2261231,-1.666123,-2.1861231,-2.6761231,-3.226123,-3.646123,-3.536123,-3.976123,-4.136123,-4.526123,-4.5361233,-4.5361233,-4.326123,-3.966123,-3.516123,-3.146123,-2.726123,-2.546123,-2.326123,-1.916123,-1.536123,-1.556123,-1.666123,-1.4961231,-1.296123,-1.806123,-1.676123,-1.3461231,-1.186123,-1.206123,-0.84612304,-0.796123,-0.69612306,-0.12612304,0.06387696,0.33387697,0.58387697,0.73387694,1.053877,1.163877
2.953877,2.773877,2.673877,2.713877,2.5838768,2.793877,2.8238769,3.103877,3.3338768,3.473877,3.603877,3.5738769,3.373877,3.3238769,3.243877,3.043877,2.8138769,2.403877,1.963877,1.463877,0.98387694,0.22387695,-0.40612304,-1.206123,-2.1661232,-3.1561232,-3.346123,-3.716123,-4.096123,-3.736123,-4.066123,-3.786123,-3.556123,-3.346123,-3.1661232,-3.026123,-2.796123,-2.206123,-1.796123,-0.96612304,-0.57612306,-0.59612304,-0.51612306,-0.60612303,-0.796123,-1.2161231,-1.896123,-2.026123,-1.786123,-1.416123,-1.156123,-0.676123,-0.32612306,-0.23612304,0.27387697,0.40387696,0.44387695,0.16387695,0.013876953,0.573877
1.723877,1.7538769,1.7538769,1.733877,1.813877,1.843877,1.8738769,1.983877,1.973877,2.023877,2.0738769,2.043877,1.8738769,1.823877,1.8838769,2.113877,2.123877,1.543877,1.193877,1.0238769,0.8738769,0.573877,0.40387696,0.33387697,-0.056123048,-0.53612304,-1.326123,-1.776123,-1.956123,-2.146123,-2.456123,-2.766123,-2.716123,-2.486123,-2.096123,-2.036123,-1.7561231,-1.4961231,-1.196123,-0.76612306,-0.52612305,-0.21612304,-0.09612305,0.09387695,0.073876955,-0.44612303,-0.926123,-1.396123,-1.446123,-1.5061231,-1.146123,-0.546123,-0.18612304,-0.076123044,0.013876953,-0.006123047,0.19387695,0.80387694,0.693877,0.44387695
