json/gfs_20240720_00.json
{"header": { "discipline":0, "disciplineName":"Meteorological products", "gribEdition":2, "gribLength":79574, "center":7, "centerName":"US National Weather Service - NCEP(WMC)", "subcenter":0, "refTime":"2024-07-20T00:00:00.000Z", "significanceOfRT":1, "significanceOfRTName":"Start of forecast", "productStatus":0, "productStatusName":"Operational products", "productType":1, "productTypeName":"Forecast products", "productDefinitionTemplate":0, "productDefinitionTemplateName":"Analysis/forecast at horizontal level/layer at a point in time", "parameterCategory":2, "parameterCategoryName":"Momentum", "parameterNumber":2, "parameterNumberName":"U-component_of_wind", "parameterUnit":"m.s-1", "genProcessType":2, "genProcessTypeName":"Forecast", "forecastTime":0, "surface1Type":103, "surface1TypeName":"Specified height level above ground", "surface1Value":10.0, "surface2Type":255, "surface2TypeName":"Missing", "surface2Value":0.0, "gridDefinitionTemplate":0, "gridDefinitionTemplateName":"Latitude_Longitude", "numberPoints":65160, "shape":6, "shapeName":"Earth spherical with radius of 6,371,229.0 m", "gridUnits":"degrees", "resolution":48, "winds":"true", "scanMode":0, "nx":360, "ny":181, "basicAngle":0, "lo1":0.0, "la1":90.0, "lo2":359.0, "la2":-90.0, "dx":1.0, "dy":1.0 }, "data":
[rows 130 to 155 of 181, columns 0 to 56 of 360]
4.4511375,4.7311378,5.1211376,5.1411376,4.9811378,5.8511376,6.051138,6.921138,6.3911376,5.3111377,7.071138,8.401137,9.271137,8.691137,9.201138,10.021137,11.761138,11.651137,12.921138,14.171138,15.871138,15.831138,15.611137,14.391138,14.381138,12.601138,12.871138,13.381138,13.341138,14.721138,14.631138,15.431138,14.231137,12.361137,12.901137,13.931138,13.271137,11.831138,8.141138,5.401138,5.4811378,8.661138,8.761138,7.631138,7.6011376,7.1611376,5.2611375,5.5311375,5.9811378,6.8711376,4.861138,2.3611376,2.4111376,2.5311377,1.1711377,0.4711377,0.3911377
4.6411376,6.0011377,5.7011375,5.1811376,5.4311376,6.2811375,5.7611375,6.8111377,7.4811378,7.8711376,8.641138,8.9911375,9.301138,9.431138,10.861137,10.921138,11.9911375,12.951138,14.051138,15.271137,15.291138,14.981137,15.041138,14.611137,14.691137,15.111137,13.521137,13.341138,12.141138,16.081139,14.4911375,13.931138,12.661138,10.921138,9.511138,12.261138,14.281137,10.311138,6.5811377,4.1811376,5.3711376,4.4911375,3.8311377,6.1611376,7.4811378,6.0211377,5.941138,6.401138,6.5311375,6.6211376,6.671138,0.9911377,-1.3688623,0.5911377,0.7611377,0.2111377,1.1711377
6.5311375,5.9311376,5.3911376,6.861138,6.9711375,6.861138,7.5411377,7.5311375,8.181138,9.731137,9.361137,9.001138,10.461138,10.651137,11.071137,11.951138,12.011138,13.021137,13.261138,14.541138,14.161138,14.061138,16.041138,15.431138,15.971138,14.611137,12.681138,13.951138,10.201138,7.5811377,11.201138,13.541138,11.771137,9.391138,8.141138,9.801138,13.161138,8.261138,1.4811378,0.49113768,1.8311377,5.711138,7.5411377,7.921138,8.871138,8.511138,8.891138,5.9911375,5.821138,6.8711376,-2.1488624,-2.4388623,-2.9188623,0.2111377,-0.7888623,-1.8288623,-1.2088623
7.321138,6.4311376,6.9911375,7.6411376,7.941138,7.0811377,8.141138,8.871138,8.781137,8.831138,9.711138,9.771137,10.851138,11.031137,11.341138,11.301138,11.661138,12.071137,11.381138,12.631138,13.721138,14.051138,14.321137,15.481137,14.191137,16.151138,14.841138,11.361137,10.891138,8.651137,6.0311375,7.8511376,8.041138,8.271137,7.7611375,8.751138,9.9911375,3.1411376,0.6411377,0.1811377,2.0911376,6.171138,6.4911375,7.8511376,8.721138,7.7211375,7.3311377,6.651138,4.8311377,3.5411377,-2.4488623,-4.2588625,-4.928862,-4.6288624,-2.2588623,-2.7888622,-1.7788624
6.901138,7.5611377,8.201138,8.801138,8.431138,8.301138,8.591138,8.361137,9.011138,9.651137,9.751138,10.601138,10.881138,11.131138,11.261138,11.961138,10.911138,11.521137,12.351138,13.211138,13.981137,15.221138,15.111137,15.591138,14.071137,12.901137,12.501138,11.611137,10.321137,10.501138,10.191137,10.821137,9.751138,10.631138,9.881138,9.471138,9.571137,6.0311375,-0.31886232,0.3111377,3.6511376,5.2811375,7.2811375,8.221138,9.071137,9.591138,8.661138,7.691138,4.361138,-1.9088624,-5.2188625,-6.658862,-6.4188623,-3.4988623,-3.0188622,-1.4188623,-1.0788623
5.841138,8.021137,8.591138,9.591138,9.001138,9.171138,9.391138,9.451138,9.371138,10.861137,10.641138,11.091138,11.251138,10.721138,11.011138,10.981137,11.7411375,11.421138,11.471138,12.801138,13.861137,14.481137,15.951138,15.031137,14.961138,15.571137,13.521137,13.361137,13.251138,13.811138,13.881138,13.441137,13.721138,13.351138,11.671138,10.261138,10.621138,0.8911377,0.20113769,1.5811377,4.1811376,4.8911376,8.851138,9.521137,9.851138,9.111137,10.931138,8.541138,-3.3788624,-7.118862,-7.158862,-6.7188625,-4.8988624,-2.8988624,-2.8688624,-2.9288623,-4.2288623
6.7011375,8.111137,9.091138,8.631138,10.091138,9.761138,11.011138,11.531137,11.041138,11.911138,12.041138,11.901137,11.581138,11.231137,11.001138,11.381138,12.2411375,12.051138,12.471138,13.381138,14.431138,13.981137,14.2411375,12.961138,11.451138,13.051138,13.041138,13.641138,14.321137,15.191137,15.541138,15.791138,16.311138,15.041138,13.201138,11.451138,7.841138,1.7511377,0.8111377,2.8811376,4.2711377,5.651138,9.061138,9.921138,0.7211377,-2.7888622,-5.9888625,-8.938862,-9.878862,-8.678863,-6.3388624,-3.6788623,-3.5188622,-3.5788622,-3.0288622,-2.5688622,-3.5888624
6.7611375,8.321137,9.431138,9.791138,10.881138,11.551138,12.551138,12.9911375,13.381138,13.671138,13.901137,13.851138,13.721138,13.001138,12.331138,12.221138,12.371138,13.131138,12.861137,12.021137,12.231137,12.631138,12.521137,13.871138,13.931138,15.111137,16.461138,16.181137,16.621138,16.861137,17.481138,16.341137,16.761137,13.951138,14.321137,12.971138,11.381138,6.5211377,2.7211378,3.3511376,4.7011375,6.0411377,6.691138,-0.8488623,-5.0288625,-6.5488625,-8.128862,-8.478863,-8.868862,-5.7288623,-4.6888623,-4.1888623,-3.2188623,-3.3288622,-2.8388624,-2.5288622,-4.1888623
7.401138,8.571137,9.681138,11.391138,11.951138,13.571137,14.391138,14.811138,14.791138,14.871138,15.711138,16.311138,16.421137,16.451138,15.721138,14.161138,12.521137,12.871138,11.261138,11.791138,12.151137,11.511138,12.531137,13.561138,13.851138,15.811138,17.311138,18.121138,18.441137,18.401138,18.291138,18.111137,16.821138,15.221138,15.161138,15.251138,14.511138,4.9111376,3.4611378,2.8011377,3.7511377,5.4111376,2.5411377,-4.448862,-6.928862,-8.558863,-7.7088623,-5.558862,-4.788862,-4.6888623,-3.8788624,-3.6688623,-1.7888623,-1.5688623,-2.1888623,-4.7288623,-4.7988625
7.361138,9.441137,11.131138,11.831138,12.901137,13.861137,14.941137,15.581138,15.861137,16.791138,16.781137,17.681137,18.431137,19.821138,19.141138,17.391138,13.641138,13.071137,12.361137,12.081138,13.121138,13.501138,13.531137,15.031137,16.221138,17.471138,18.701138,19.871138,21.461138,20.731138,19.741138,18.571138,16.721138,14.401137,12.961138,13.171138,6.1411376,4.2011375,4.921138,6.4711375,7.171138,3.2911377,-3.5788622,-6.2688622,-7.908862,-5.8388624,-4.8988624,-4.0688624,-4.3988624,-4.598862,-3.5888624,-1.6388623,-2.3388624,-3.1588624,-1.6888623,-4.948862,-4.8588624
9.381138,10.871138,11.661138,12.201138,13.511138,14.051138,15.651137,16.161139,16.211138,16.401138,16.741138,15.611137,13.211138,15.321137,18.431137,17.811138,10.551138,12.211138,12.861137,13.251138,13.811138,14.451138,15.171138,16.651138,17.771137,19.061138,21.691137,24.681137,24.291138,21.791138,19.141138,17.061138,15.341138,13.681138,12.781137,5.0611377,8.821137,6.441138,5.9711375,5.8711376,4.381138,-1.1888623,-5.9988623,-7.638862,-6.388862,-4.7388625,-3.8588624,-3.6388624,-3.4488623,-4.3588624,-3.8988624,-4.078862,-3.2288623,-3.1688623,-4.5288625,-5.198862,-4.9988623
10.251138,10.931138,12.121138,12.711138,12.9911375,14.011138,13.541138,13.351138,14.451138,14.121138,14.201138,11.621138,12.101138,12.221138,0.7911377,5.8311377,9.701138,11.561138,12.481137,13.761138,12.7411375,13.591138,15.161138,16.861137,18.241138,23.051138,26.011137,29.281137,25.321138,17.611137,13.941137,10.141138,9.871138,10.661138,8.931138,5.7211375,5.711138,4.921138,5.821138,1.0711377,-4.638862,-6.9988623,-9.788862,-8.588862,-6.9188623,-5.078862,-4.808862,-3.4088624,-4.3188624,-4.0188622,-3.2588623,-3.3888624,-3.9188623,-4.578862,-4.9388623,-5.408862,-4.908862
10.311138,11.451138,11.021137,12.151137,9.231137,10.231137,11.211138,11.391138,10.391138,8.341138,9.381138,9.361137,8.841138,0.0011376953,3.0111377,6.4911375,8.321137,9.611137,12.021137,12.451138,11.611137,12.7411375,14.551138,15.401137,19.281137,22.181137,23.531137,4.9911375,1.6111377,-4.4188623,-4.3988624,0.8711377,4.6611376,6.1411376,-0.1688623,0.82113767,1.1011376,1.7011377,0.7011377,-6.0488625,-9.368862,-11.488862,-10.028862,-7.9788623,-6.6888623,-6.1088624,-5.058862,-4.9788623,-4.7388625,-3.9188623,-3.4488623,-3.4288623,-5.3588624,-6.0288625,-6.8388624,-5.788862,-4.868862
10.331138,10.411138,8.671138,8.711138,9.011138,9.801138,9.801138,9.361137,8.221138,7.4511375,6.881138,6.5311375,4.2211375,2.4111376,4.1611376,6.9311376,7.8711376,9.861137,11.001138,10.021137,10.911138,10.711138,12.121138,12.941137,15.971138,18.281137,-5.288862,-9.078862,-9.458862,-11.938862,-9.048862,-4.9788623,-7.2388625,-6.2488623,-4.788862,-4.7588625,-4.638862,-6.8188624,-9.448862,-11.718863,-13.5088625,-10.958862,-9.518863,-8.818862,-7.908862,-7.2288623,-5.0088625,-4.158862,-3.1588624,-3.1288624,-3.4788623,-4.638862,-5.5288625,-6.7488623,-5.9388623,-5.4788623,-4.9588623
7.7611375,8.211138,8.141138,8.381138,8.201138,8.611137,7.441138,6.7711377,6.1611376,5.901138,6.171138,4.071138,2.0211377,2.9711378,4.4711375,6.8311377,7.5211377,7.841138,6.591138,4.691138,7.691138,8.281137,9.061138,10.251138,11.051138,4.7411375,-8.918862,-9.288862,-12.068862,-12.998862,-14.518863,-12.428863,-12.358862,-9.738862,-8.338862,-10.108862,-12.178863,-12.068862,-13.478863,-14.918862,-12.888863,-10.208862,-10.828862,-9.218863,-8.728863,-7.808862,-5.7288623,-4.388862,-4.848862,-4.288862,-4.5288625,-5.9188623,-6.118862,-5.8788624,-5.5488625,-5.058862,-2.8788624
7.7811375,7.6611376,7.7511377,7.5811377,6.691138,6.3111377,6.7811375,6.4911375,6.341138,4.821138,3.0411377,2.9911377,3.4411378,4.401138,4.821138,5.6211376,5.1011376,4.321138,3.8811376,4.441138,5.5311375,6.841138,6.7511377,6.361138,5.7811375,-4.7288623,-9.698862,-11.808863,-13.978863,-14.688862,-13.928863,-14.638863,-12.188862,-10.988862,-12.038862,-12.188862,-12.818862,-13.138863,-13.078862,-12.248862,-11.628862,-11.748862,-9.778862,-10.018863,-8.518863,-7.4788623,-5.828862,-5.7388625,-6.3388624,-6.808862,-7.3188624,-6.4988623,-5.6688623,-5.6288624,-4.0088625,-1.7388623,-0.8988623
7.4811378,7.841138,7.6211376,7.5411377,6.671138,6.2811375,6.711138,6.0311375,6.211138,5.2711377,4.9811378,5.5611377,5.3111377,4.4811378,4.1611376,3.9811378,3.9211378,2.9011376,3.5811377,4.551138,4.941138,4.9811378,3.8611376,2.1511376,0.63113767,-0.5788623,-10.328862,-10.578862,-11.678863,-14.168862,-14.7588625,-13.028862,-12.178863,-12.288862,-11.408862,-13.018863,-12.328862,-12.568862,-12.348863,-11.668862,-11.318862,-9.668862,-8.658862,-7.9988623,-7.788862,-6.3588624,-5.948862,-6.908862,-6.1088624,-5.8788624,-6.0188622,-5.7988625,-5.078862,-3.0988624,-2.4388623,-1.3888623,0.6711377
7.7611375,7.9511375,7.7211375,7.691138,6.8911376,6.9511375,5.4311376,5.7011375,5.9711375,6.0811377,6.3311377,6.211138,5.321138,5.2011375,5.5111375,5.1411376,4.5611377,4.211138,3.3711376,3.7911377,3.7011378,2.5211377,1.9911377,-0.2988623,-1.6888623,-3.5588622,-6.848862,-9.168862,-11.368862,-13.718863,-12.218863,-11.698862,-11.038862,-11.688862,-11.0088625,-11.168862,-11.748862,-11.648862,-11.698862,-11.478863,-10.418862,-9.128862,-8.058863,-7.2988625,-6.3188624,-5.598862,-4.9188623,-5.038862,-5.2088623,-4.9988623,-5.4588623,-3.4588623,-2.5888624,-1.9688623,-0.8388623,0.2311377,0.7111377
6.4311376,6.671138,4.611138,6.1611376,5.6611376,4.3311377,5.0411377,5.961138,6.0111375,5.6611376,5.5411377,6.9711375,7.4111376,7.7711377,7.2411375,7.381138,6.7811375,4.6811376,4.7311378,4.1211376,3.5311377,2.5211377,1.1611377,-0.5788623,-1.8288623,-4.328862,-5.538862,-4.788862,-12.378862,-12.348863,-11.168862,-10.788862,-9.458862,-10.058863,-11.5088625,-9.888863,-9.888863,-9.688862,-9.418862,-9.188862,-8.818862,-8.338862,-7.698862,-7.1288624,-6.1088624,-5.5188622,-4.288862,-3.5988624,-3.2788622,-2.4688623,-2.1988623,-0.5688623,0.5311377,0.3211377,1.1811377,2.5711377,3.6911378
5.2411375,6.591138,5.7711377,5.801138,5.1011376,3.8511376,5.901138,4.421138,5.5411377,7.131138,5.3111377,6.421138,6.211138,5.6811376,6.941138,8.551138,9.431138,8.221138,5.2711377,5.691138,4.8111377,3.9111376,3.2511377,2.0511377,-1.7188623,-2.5088623,-3.4488623,-4.0088625,-6.538862,-8.468863,-10.958862,-9.588862,-9.478863,-9.338862,-10.178863,-8.578862,-8.578862,-7.9588623,-7.3788624,-6.928862,-7.058862,-6.618862,-5.4788623,-4.8788624,-4.3188624,-4.5888624,-3.9188623,-3.3488624,-2.2088623,-1.1488624,0.3311377,-0.048862305,1.3111377,2.9011376,3.0711377,3.0611377,4.2611375
7.0611377,4.801138,5.131138,6.2411375,5.2011375,6.6611376,5.071138,6.7911377,6.711138,6.941138,7.7511377,7.091138,8.121138,7.861138,7.4111376,6.591138,7.881138,7.2511377,4.4711375,4.4811378,7.341138,6.7811375,4.6411376,2.8011377,2.0511377,-0.3088623,-0.7688623,-2.9888623,-8.208862,-9.358862,-9.608862,-10.228863,-9.798862,-8.898862,-8.418862,-7.7388625,-7.038862,-6.198862,-5.6888623,-5.4888625,-5.1088624,-4.368862,-4.2588625,-3.4688623,-2.6188624,-1.7488623,-1.6088623,-1.3988624,-1.4688623,-0.1688623,1.4211377,2.3511376,3.1011376,3.6711378,5.151138,5.861138,5.861138
4.9511375,5.7311378,6.1211376,5.551138,6.3311377,6.3911376,6.8311377,6.7611375,7.191138,8.141138,8.891138,8.501138,9.531137,9.161138,7.8911376,7.651138,7.2511377,8.291138,9.041138,6.8111377,5.841138,5.941138,5.5211377,5.2811375,2.9911377,2.1311376,1.8211377,-1.2188623,-2.8588624,-4.9788623,-8.048862,-8.688862,-8.298862,-7.5188622,-6.908862,-5.578862,-4.5888624,-4.328862,-3.8888624,-4.0288625,-3.4788623,-2.0488622,-2.1988623,-2.1888623,-1.9488623,-1.4788623,-0.4588623,-0.4188623,-0.048862305,1.4311377,2.6811378,4.071138,5.0211377,5.9711375,4.711138,4.7511377,5.9111376
4.3311377,4.7811375,5.4511375,6.1411376,6.1211376,7.191138,7.301138,7.7711377,8.271137,9.471138,8.841138,8.671138,10.891138,9.321137,8.401137,8.101138,8.061138,9.621138,7.9911375,7.9811378,6.321138,5.5211377,6.461138,4.4311376,3.9611378,2.6611376,2.0611377,0.7211377,0.7711377,-0.6388623,-1.6488624,-2.5088623,-2.7188623,-3.3388624,-3.3588624,-2.8988624,-2.6088624,-1.7388623,-1.3588623,-1.3988624,-1.3588623,-1.5388623,-1.0788623,-0.5788623,0.2111377,0.88113767,0.031137696,0.9711377,2.2511377,1.7411377,1.9411377,4.631138,6.1611376,6.711138,6.691138,5.9511375,7.5811377
3.1311376,3.9911377,4.6211376,4.3311377,5.5811377,6.4111376,7.2611375,8.541138,8.761138,9.561138,10.021137,10.291138,12.561138,9.941137,10.071137,9.441137,9.521137,9.331138,10.181138,8.771137,8.451138,6.711138,5.5411377,5.6811376,4.901138,3.7811377,4.3111377,3.8011377,2.8111377,2.7611377,1.9711376,1.2011377,1.0911376,1.3311377,-0.1288623,-0.5188623,-0.3888623,-0.1788623,-0.5288623,0.2111377,0.7711377,1.0911376,1.1811377,0.7611377,1.4711376,1.1211377,1.8411376,2.0311377,3.0011377,3.3111377,4.611138,4.2711377,7.2911377,7.3711376,6.941138,8.351138,8.791138
3.2211378,3.7811377,3.9511378,5.4111376,6.3311377,7.8911376,8.091138,8.671138,8.851138,9.251138,9.471138,9.581138,10.221138,10.851138,9.601138,9.9911375,9.291138,8.7411375,11.611137,8.731137,7.631138,7.631138,9.381138,7.9711375,7.9111376,7.5611377,6.401138,7.341138,7.421138,6.9811378,6.7011375,6.8311377,6.941138,5.2411375,4.0111375,3.0911376,2.6811378,2.6511376,3.0611377,3.1811378,2.9411378,1.7011377,2.8311377,3.0811377,4.4111376,3.5811377,4.2011375,4.671138,4.5211377,3.7211378,3.7411377,4.7911377,7.2811375,8.211138,9.091138,9.591138,9.881138
3.6611376,4.5411377,5.171138,6.4311376,7.341138,7.901138,8.381138,8.581138,8.571137,8.891138,9.011138,8.941137,9.321137,8.671138,8.011138,8.411138,8.011138,7.8311377,7.711138,7.381138,6.7211375,6.1611376,5.7311378,6.861138,6.2411375,5.5811377,5.0311375,5.3311377,5.6411376,5.5811377,5.1811376,5.4911375,5.1811376,5.2911377,5.401138,4.5811377,4.5611377,4.2311378,4.131138,3.8311377,4.111138,4.461138,4.7011375,3.8111377,3.8011377,3.7411377,3.5811377,2.3711376,2.1211376,2.8511376,6.5011377,6.071138,6.4511375,8.111137,9.551138,11.021137,10.271137
