json/gfs_20240718_06.json
{"header": { "discipline":0, "disciplineName":"Meteorological products", "gribEdition":2, "gribLength":79691, "center":7, "centerName":"US National Weather Service - NCEP(WMC)", "subcenter":0, "refTime":"2024-07-18T06:00:00.000Z", "significanceOfRT":1, "significanceOfRTName":"Start of forecast", "productStatus":0, "productStatusName":"Operational products", "productType":1, "productTypeName":"Forecast products", "productDefinitionTemplate":0, "productDefinitionTemplateName":"Analysis/forecast at horizontal level/layer at a point in time", "parameterCategory":2, "parameterCategoryName":"Momentum", "parameterNumber":3, "parameterNumberName":"V-component_of_wind", "parameterUnit":"m.s-1", "genProcessType":2, "genProcessTypeName":"Forecast", "forecastTime":0, "surface1Type":103, "surface1TypeName":"Specified height level above ground", "surface1Value":10.0, "surface2Type":255, "surface2TypeName":"Missing", "surface2Value":0.0, "gridDefinitionTemplate":0, "gridDefinitionTemplateName":"Latitude_Longitude", "numberPoints":65160, "shape":6, "shapeName":"Earth spherical with radius of 6,371,229.0 m", "gridUnits":"degrees", "resolution":48, "winds":"true", "scanMode":0, "nx":360, "ny":181, "basicAngle":0, "lo1":0.0, "la1":90.0, "lo2":359.0, "la2":-90.0, "dx":1.0, "dy":1.0 }, "data":
[rows 52 to 77 of 181, columns 236 to 294 of 360]
-7.4969435,-7.2069435,2.2430565,-3.1069434,-1.8069434,1.5330566,0.6530566,1.8330567,3.2430565,1.6630566,0.43305665,-1.1569433,-1.5769434,-1.9569434,1.9930567,-0.70694333,2.9230566,2.3130567,-1.9669434,-1.8969433,2.1130567,-0.16694336,-1.3869433,-0.15694337,1.6130567,0.24305664,-0.04694336,-1.1069434,-1.8669434,-3.2169433,-2.2769434,-1.9569434,-1.7969433,-1.6769433,-2.4169433,-3.1369433,-3.9169433,-3.1569433,-2.1469433,-2.3169434,-2.3669434,-0.9069434,0.03305664,0.8330566,-0.32694337,-0.35694337,-0.16694336,0.98305666,3.4830565,3.3630567,3.7230566,10.183057,10.413056,11.863056,11.003057,10.703056,9.753057,9.733057,8.993056
-7.296943,-6.9669433,-0.20694336,1.4030566,-2.7369432,-1.9369434,1.1830566,2.4230566,-0.10694336,-0.9769434,-1.4769434,0.053056642,-0.47694337,1.7630566,2.1830566,3.7430565,5.3230567,0.053056642,2.1230567,0.16305664,2.4630566,1.6130567,-0.31694335,1.3730567,1.6230567,0.22305664,-1.4569434,-1.9369434,-3.0069435,-2.7169433,-2.1269433,-2.1769433,-2.3569434,-2.0869434,-3.6369433,-3.5169435,-3.2569435,-2.6769433,0.47305664,-0.74694335,-0.30694336,0.44305664,0.87305665,0.0130566405,-0.21694335,1.6330566,1.2930566,2.8830566,6.0630565,6.973057,6.5130568,11.033056,11.933057,11.483057,10.403057,10.493056,9.843057,9.753057,8.253057
-7.7869434,-8.526943,-13.366943,-2.1869433,-3.5169435,-0.29694337,-0.46694335,0.42305663,2.6030567,4.913057,1.3630567,0.54305667,0.60305667,4.0430565,3.6430566,-0.21694335,5.6130567,5.0530567,2.9030566,-0.68694335,-1.9069433,0.49305665,1.6230567,0.41305664,-2.1469433,-2.8969433,-1.7069434,-2.3969433,-3.1869433,-2.3769433,-1.2269434,-1.0569434,-0.73694336,-4.0169435,-2.7969434,-2.1169434,0.053056642,-0.05694336,-0.096943356,-0.04694336,0.80305666,1.2130567,-1.6069434,0.42305663,1.5330566,1.5930567,2.9530566,3.6730566,5.5830564,7.433057,10.413056,9.803057,10.963057,10.473057,10.693057,10.443057,8.983057,8.493056,7.703057
-7.8069434,-7.9869432,-8.176944,-6.1269436,-0.80694336,1.0130566,1.3030566,2.0030565,2.1130567,-0.88694334,0.50305665,-0.60694337,-3.8669434,-0.54694337,5.663057,6.0130568,2.2830567,0.79305667,1.4030566,0.24305664,0.6630566,4.2130566,3.2030566,-0.75694335,-2.0469434,-1.8169434,-2.9269433,-2.8769433,-1.8669434,-0.7869434,0.45305663,0.30305663,-0.04694336,-1.8169434,-1.5169433,-0.94694334,-0.6569434,0.67305666,0.82305664,1.8830566,0.19305664,-2.0069435,0.7830566,2.4130566,1.2530566,3.0730567,3.2430565,2.7130566,5.5530567,9.573056,9.313057,9.403057,9.593057,9.333056,8.693057,9.023057,8.553057,6.8230567,6.9630566
-6.4969435,-7.0369434,-7.776943,-8.686943,-3.1269433,-0.37694335,3.2430565,-1.0769434,2.8930566,3.8630567,1.9230566,1.8530567,-1.2469434,-0.26694337,-1.0169433,1.2030567,-1.1369433,0.023056641,0.44305664,3.0230567,4.5430565,3.4930565,-2.4969435,-0.21694335,-0.76694334,-0.9169434,-2.2969434,-2.6469433,-1.8769433,-0.67694336,-0.096943356,-1.2369434,-0.88694334,-0.76694334,-0.35694337,-0.9069434,-1.6169434,0.12305664,1.0630566,1.1130567,0.5930566,1.0030566,1.6330566,1.9030566,2.7430565,2.8330567,2.6630566,7.8230567,7.703057,9.213057,7.3230567,9.163056,8.373056,7.8630567,8.873056,7.493057,7.203057,6.5930567,6.2930565
-6.8869433,-7.4169436,-8.016943,-7.7069435,-6.026943,-2.2069433,-0.9169434,0.79305667,1.3130566,2.8830566,0.68305665,1.4130566,0.25305665,-0.41694337,-0.5869434,-3.4169433,-3.9269433,-5.2269435,-1.7369434,-5.8669434,-9.506944,-9.676944,-3.7269433,-3.3969433,-3.5669434,-4.526943,-4.9069433,-3.2569435,-2.5869434,1.0830567,0.94305664,0.12305664,-0.36694336,0.45305663,1.0430566,1.7930566,1.5530566,1.7530566,0.98305666,0.5930566,0.48305663,0.74305665,1.3130566,2.1730566,2.5830567,6.3130565,6.7330565,6.5830564,7.6130567,7.1130567,7.8530564,7.2530565,7.493057,8.103057,7.5830564,7.2930565,6.6530566,7.3330564,6.4830565
-6.7469435,-7.3269434,-7.5169435,-7.0369434,-5.8469434,-3.9069433,-3.1869433,-2.4469433,-0.95694333,4.3830566,2.3930566,1.8230567,1.7730566,-2.2769434,-3.0969434,4.3730564,2.4430566,3.3230567,0.7730566,-1.3469434,2.7430565,-0.05694336,-0.42694336,1.3330567,0.8430566,-3.0969434,-2.2669435,-0.20694336,1.3430567,1.6930566,-0.30694336,-0.75694335,0.95305663,1.9930567,0.56305665,1.5430566,1.9530567,1.5030566,1.1930566,1.6930566,2.0730567,1.7330567,1.8630567,2.1630566,7.0030565,7.2330565,7.683057,7.4230566,6.7130566,6.9630566,6.7930565,7.2630568,7.7830567,7.1730566,7.3530564,7.243057,7.433057,6.9630566,6.0730567
-7.5569434,-6.9269433,-6.1969433,-5.606943,-4.7369432,-4.4869432,-3.8769433,-4.1669436,-0.02694336,0.75305665,4.0730567,0.88305664,-1.5969434,0.7130566,1.3930566,0.29305664,0.15305664,-0.17694336,0.82305664,1.4330566,1.3730567,3.9230566,3.3030567,0.64305663,1.5730567,-0.74694335,0.19305664,-2.1069434,-0.40694335,0.35305664,0.62305665,0.92305666,2.1430566,1.4930567,1.0830567,0.40305665,-0.16694336,1.1530566,1.2430567,2.2330565,2.0830567,1.8730567,1.3430567,6.183057,7.183057,7.3130565,7.5730567,7.3830566,6.5830564,5.703057,6.3530564,7.0030565,6.8230567,6.493057,6.4830565,6.243057,6.1330566,5.8230567,5.6930566
-6.4669433,-6.6569433,-5.9669433,-5.6869435,-5.3069434,-4.6969433,-4.316943,-4.506943,-4.526943,1.5530566,3.1230567,5.5330567,2.3430567,0.9130566,0.98305666,0.64305663,1.8130566,3.3530567,3.0630567,3.9830565,2.0730567,0.7130566,-0.61694336,2.2130566,2.8230567,-0.23694336,3.6730566,3.1530566,2.9630566,2.4530566,1.9930567,1.6830566,0.98305666,0.28305665,1.9830567,4.0030565,4.413057,4.6130567,4.8630567,1.3630567,3.5130568,1.8230567,1.6930566,5.4430566,6.0930567,7.183057,6.5730567,5.7730565,5.723057,4.5430565,5.7330565,5.163057,6.243057,6.3530564,6.1230564,5.473057,5.183057,4.9030566,4.8530564
-5.4569435,-5.4169436,-5.1469436,-4.9569435,-4.756943,-4.3269434,-5.3469434,-5.1269436,-4.856943,-2.2569435,2.6130567,3.0130568,1.4530567,2.7330565,1.5730567,0.57305664,-0.16694336,0.89305663,5.9830565,5.453057,1.1030567,4.143057,3.0530567,2.7730567,3.3930566,3.9630566,4.3330564,2.5330567,2.4730566,5.6330566,6.2730565,4.5930567,4.7630568,4.8330564,4.743057,4.7130566,5.7630568,5.8630567,5.1230564,4.6530566,3.9630566,2.6130567,1.9430566,1.6130567,5.243057,6.1230564,6.0230565,5.5930567,5.4030566,4.8130565,4.913057,4.223057,5.7130566,5.7530565,5.2130566,4.5130568,3.9430566,4.1730566,3.9330566
-4.6569433,-4.796943,-4.6869435,-4.7369432,-4.9969435,-5.1169434,-5.2369432,-5.2369432,-5.5969434,0.41305664,-5.0769434,0.61305666,2.0530567,1.9030566,0.43305665,-1.2469434,-1.2169434,0.23305663,0.14305665,1.9730567,1.3630567,1.7830566,0.023056641,1.4230566,4.4430566,5.3130565,3.8330567,6.3230567,5.3830566,3.5730567,2.9130566,3.9830565,3.8430567,4.8730564,5.643057,5.453057,5.5130568,4.243057,3.9330566,3.8230567,2.5230567,0.61305666,1.8430567,1.3830566,4.7830567,5.7130566,5.393057,5.4430566,5.3830566,4.9430566,4.3630567,4.413057,4.8330564,4.5030565,4.0530567,3.9130566,4.0330567,3.5830567,2.6930566
-4.256943,-4.3869433,-4.6369433,-4.566943,-4.9069433,-5.3069434,-5.2369432,-5.8869433,-6.1669436,-6.5769434,-5.296943,-4.356943,-1.8669434,4.0230565,1.9130566,0.80305666,-1.4969434,0.10305664,1.8230567,2.2430565,1.3130566,2.1830566,-0.51694334,2.2230566,4.8830566,5.643057,5.4230566,6.2830567,5.9030566,4.6030564,4.5030565,3.2930567,4.143057,3.7230566,3.4830565,4.3630567,4.433057,4.1330566,3.5430567,3.6030567,2.1630566,0.5230566,0.87305665,2.0830567,4.0830564,4.9030566,4.5630565,4.3230567,3.9930565,3.6630566,3.6930566,3.6930566,3.8130567,3.3530567,4.3530564,4.6730566,4.6230564,4.0030565,3.7830567
-4.4069433,-3.8769433,-3.9569433,-4.6769433,-4.4969435,-4.6869435,-5.336943,-5.6169434,-5.7169433,-6.3469434,-6.316943,-3.2269433,0.07305664,1.5930567,1.5730567,0.54305667,-1.2869433,-0.18694335,0.46305665,1.4030566,1.4030566,-0.7869434,-2.9669433,-1.8069434,-0.03694336,5.3130565,3.3830566,5.143057,5.0830564,4.8130565,3.6730566,3.5330567,4.143057,3.3730567,3.5230567,3.5730567,4.0230565,3.8030567,3.0830567,1.8130566,0.93305665,1.4830567,2.5030565,0.11305664,3.1930566,4.3130565,3.5130568,3.2830567,3.2830567,3.1430566,2.7930567,2.8930566,3.1130567,4.0030565,3.8930566,5.0630565,3.5930567,3.5830567,2.4130566
-4.4469433,-4.6969433,-4.5969434,-4.3969436,-4.336943,-4.4769435,-4.606943,-5.006943,-5.2869434,-5.7669435,-5.2669435,-3.8669434,-3.2069433,0.28305665,2.4930565,2.7630568,-0.45694336,-0.7169434,-1.2469434,1.0530566,0.7230566,-0.9069434,0.76305664,2.5730567,0.35305664,3.5130568,2.5830567,5.0630565,4.0130568,2.7730567,2.9330566,3.1330566,3.0030565,2.6930566,1.8030566,2.1530566,2.7930567,1.7130567,1.2830566,0.86305666,0.30305663,1.3930566,1.8030566,1.8430567,2.8030567,3.1930566,2.2430565,2.4130566,2.5230567,2.9430566,2.4330566,2.4730566,3.0330567,3.0530567,3.9030566,3.2730567,5.0030565,4.3730564,4.0530567
-4.8769436,-4.9869432,-4.336943,-3.9169433,-3.8769433,-4.1269436,-4.356943,-4.5169435,-4.8769436,-4.8969436,-4.9269433,-4.276943,-4.2669435,-2.7569435,2.1230567,2.9030566,1.6630566,-0.46694335,-0.23694336,-2.9069433,0.73305666,1.5630566,5.1930566,3.2630568,-1.0369433,3.0330567,2.2930567,4.2330565,3.8330567,3.9930565,4.6330566,3.0530567,2.1430566,1.1730566,0.67305666,1.9730567,1.8630567,0.38305664,0.8430566,0.31305665,1.1830566,2.4630566,2.3530567,1.6530566,2.4130566,1.2830566,1.5830567,2.0930567,1.8530567,2.3630567,2.1030567,2.6130567,2.7130566,2.8930566,3.0530567,3.1830566,4.5230565,5.2530565,4.5730567
-4.5169435,-3.9669433,-3.7569435,-3.8769433,-3.7369432,-3.8469434,-3.7469435,-3.7269433,-3.6569433,-4.3769436,-4.086943,-3.8669434,-3.9069433,-3.2569435,-4.3669434,4.3530564,2.5130568,-1.8969433,-0.33694336,-0.43694335,-0.51694334,-0.27694336,3.6330566,1.1530566,1.4130566,-0.14694336,-0.48694336,3.9530566,3.4230566,2.9430566,2.8130567,2.2830567,1.2730566,-0.01694336,0.35305664,0.76305664,0.7230566,-0.36694336,-0.0069433595,0.11305664,0.9130566,1.4930567,0.46305665,1.0230566,1.3630567,2.6630566,1.5230566,1.2630566,1.8330567,1.4330566,1.6330566,2.3030567,2.0430567,1.8230567,2.0430567,2.6630566,3.4330566,3.4830565,2.6630566
-3.7869434,-3.5769434,-3.4669433,-3.1769433,-3.2869434,-2.8869433,-2.6369433,-2.6469433,-3.2969434,-3.5669434,-3.1069434,-3.6369433,-4.0169435,-4.6469436,-4.0769434,-0.5869434,-0.51694334,-1.5269433,-0.62694335,0.08305664,-0.47694337,-2.0969434,0.7230566,-0.87694335,0.12305664,-0.73694336,1.1330566,1.7130567,1.9830567,1.7530566,0.46305665,-0.46694335,-1.1769433,-0.93694335,0.34305665,0.74305665,-0.26694337,-0.14694336,-0.43694335,0.6530566,0.44305664,0.17305665,-1.2269434,-1.9869434,-0.25694335,-1.1769433,-0.23694336,0.5930566,0.82305664,0.88305664,1.6330566,1.3130566,1.7930566,1.0330566,1.2130567,1.5230566,2.2530565,2.1330566,1.4230566
-4.086943,-3.9869432,-3.5969434,-3.6769433,-3.2569435,-2.8869433,-2.4969435,-1.8869433,-1.8669434,-1.7169434,-2.6669433,-3.2569435,-2.7069433,-3.3269434,-4.006943,-4.4569435,-3.5169435,-1.6669433,-2.7469435,-0.49694335,1.0230566,1.0830567,0.8430566,1.6230567,-0.05694336,-0.38694337,0.43305665,2.2130566,1.9730567,0.07305664,-2.5669434,-3.3269434,-2.3169434,-0.87694335,-0.35694337,0.11305664,-0.26694337,-0.096943356,1.2630566,1.2730566,0.98305666,0.74305665,0.26305664,0.32305664,-1.7869433,-2.5069435,-1.3369434,-1.4769434,0.17305665,0.62305665,-0.32694337,1.1030567,1.4830567,1.5330566,1.2530566,0.9730566,1.5230566,0.94305664,1.3030566
-4.5169435,-3.7469435,-4.6369433,-3.6269433,-3.0469434,-2.6869433,-2.2769434,-1.7969433,-0.82694334,-0.21694335,-1.1969434,-1.2169434,-2.1769433,-2.9469433,-3.6569433,-3.8069434,-4.276943,-3.9769433,-2.6269433,-0.92694336,-0.9769434,0.23305663,0.55305666,-0.46694335,0.26305664,-0.81694335,-0.10694336,1.3230567,0.98305666,-2.3669434,-3.4369433,-3.4269433,-4.1669436,0.19305664,0.17305665,0.40305665,-0.69694334,1.0630566,1.3030566,1.3630567,1.9830567,2.1530566,0.8330566,2.2730567,0.89305663,-1.7669433,-1.2669433,0.61305666,-0.7269434,-1.9469434,-4.836943,-0.13694336,1.0030566,1.7730566,2.2830567,0.24305664,0.14305665,-0.21694335,-0.01694336
-3.6469433,-3.6369433,-3.9169433,-3.6269433,-1.3069434,-1.2969433,0.55305666,0.44305664,1.5030566,1.1230567,-0.18694335,-1.4069433,-2.6469433,-3.0869434,-3.5669434,-4.2669435,-4.9769435,-4.4469433,-3.3469434,-0.11694336,-0.9669434,1.7430567,-0.13694336,-1.8569434,-1.3369434,-2.6369433,-0.98694336,-0.67694336,-1.4369434,-2.0869434,-3.5469434,-4.6169434,-4.9169436,0.5830566,0.03305664,-0.01694336,-0.28694335,2.1930566,0.86305666,1.8030566,2.4630566,1.9130566,0.93305665,-0.41694337,0.36305663,0.29305664,-0.48694336,-0.7169434,-0.6669434,-3.6269433,-0.61694336,1.9430566,0.09305664,-1.0069433,0.37305665,0.0130566405,1.1230567,-0.20694336,-0.29694337
-1.9369434,-2.0869434,-2.7169433,-0.14694336,0.03305664,1.2830566,1.6030567,2.9930565,2.4030566,0.95305663,-0.07694336,-1.4569434,-2.5569434,-3.3269434,-4.0969434,-4.7669435,-4.8669434,-4.6669436,-3.7069433,-1.4669434,1.9230566,-0.34694335,-0.19694336,2.6830566,0.45305663,1.3030566,1.5130566,-0.07694336,0.20305663,-0.01694336,-0.88694334,-1.5069433,-0.45694336,1.3930566,0.41305664,0.03305664,0.41305664,0.94305664,0.85305667,2.2630568,2.1630566,0.85305667,0.36305663,-2.6069434,-0.03694336,2.5530567,-1.4769434,-1.6169434,-2.5869434,-1.2069434,-0.56694335,0.47305664,-0.0069433595,-1.2969433,-4.316943,-2.6669433,1.6530566,-0.7169434,-1.6269433
2.7530565,1.2630566,-0.0069433595,-0.62694335,1.6530566,2.9230566,2.3430567,4.0230565,2.6030567,0.73305666,0.0130566405,-0.92694336,-2.0569434,-3.0369434,-3.7669435,-4.4369435,-4.356943,-3.9969435,-3.8569434,-1.7469434,0.82305664,1.0330566,1.0930567,-0.74694335,-1.3469434,-1.0969434,-0.60694337,-0.5269434,-1.4169433,-1.6969434,-0.43694335,-0.95694333,1.1730566,0.57305664,0.64305663,0.87305665,0.80305666,0.03305664,1.5530566,1.5330566,1.4830567,-0.18694335,-0.99694335,-1.7269434,-1.1169434,-1.1269433,-1.9569434,-2.8069434,-2.0969434,-0.19694336,1.0830567,0.14305665,-0.27694336,-0.33694336,-0.82694334,0.04305664,-0.11694336,-0.38694337,0.22305664
4.973057,3.3230567,1.2330567,-1.0769434,-0.20694336,1.7630566,0.54305667,2.5430567,1.4630567,0.48305663,-0.9669434,-2.0369434,-2.4169433,-3.6269433,-4.2169433,-4.4969435,-3.8069434,-3.3169434,-2.8669434,-3.6169434,1.5230566,1.0230566,1.0130566,0.44305664,0.70305663,0.98305666,-1.7169434,-1.7269434,-2.5469434,-7.9469433,0.75305665,0.5830566,-1.3569434,-0.43694335,0.6630566,-0.22694336,-1.2669433,-0.7269434,1.4730567,2.2530565,0.18305664,-1.4269433,-2.2069433,-2.2469435,-2.1769433,-2.4469433,-1.8769433,-2.3169434,-1.7669433,-1.2969433,-0.81694335,-0.45694336,-0.5869434,0.35305664,-0.07694336,0.06305664,0.7830566,0.053056642,-0.50694335
4.3130565,4.2330565,1.8730567,-1.0169433,0.0130566405,0.37305665,0.30305663,1.5430566,0.6530566,-0.8369434,-0.7769434,-1.6769433,-2.7269433,-3.3469434,-3.9069433,-3.8969433,-3.8969433,-3.5269434,-3.4769433,-2.7569435,-0.67694336,0.76305664,0.99305665,0.6530566,0.6530566,1.7430567,0.9630566,-0.11694336,1.1230567,-2.2969434,1.3830566,1.1330566,-2.5069435,-0.47694337,-1.4669434,-0.07694336,0.32305664,0.07305664,0.0130566405,-0.75694335,-0.45694336,-2.6069434,-2.6969433,-2.3569434,-3.1069434,-2.9469433,-2.2669435,-2.6769433,-1.9369434,-1.4669434,-0.74694335,-0.62694335,-0.33694336,0.04305664,0.06305664,0.85305667,1.6630566,1.1030567,0.94305664
3.9530566,3.4230566,1.4030566,-1.0669434,-1.4069433,-1.2669433,0.21305664,-0.21694335,-0.32694337,-1.2969433,-0.73694336,-1.2069434,-1.9369434,-3.2769434,-3.4969435,-3.6569433,-3.4969435,-4.1969433,-3.3669434,-1.8869433,-0.57694334,0.47305664,0.5930566,0.49305665,-0.20694336,0.68305665,0.37305665,0.79305667,1.9130566,-0.54694337,1.7330567,0.99305665,-0.41694337,-1.0169433,-1.5269433,-0.61694336,-2.4269433,-1.4169433,-1.0769434,-0.82694334,-1.0469433,-3.7369432,-3.3169434,-3.0769434,-2.7269433,-2.7769434,-2.6869433,-2.8769433,-3.2369432,-2.3069434,-2.1069434,-1.9369434,-1.3969433,-0.03694336,1.5430566,1.2330567,0.75305665,1.2930566,1.0430566
2.4230566,1.1930566,-0.45694336,-0.92694336,-0.87694335,-2.3769433,-1.3569434,-1.8369434,-1.1469433,-0.46694335,-1.0769434,-1.5969434,-1.7969433,-2.1069434,-2.1969433,-2.9369433,-3.3869433,-2.6869433,-1.4369434,-0.32694337,0.0130566405,0.44305664,0.46305665,-0.13694336,-0.10694336,0.16305664,0.33305663,2.5030565,2.4030566,2.3930566,3.2830567,2.4430566,1.5130566,1.1230567,-0.79694337,0.0130566405,-1.1469433,-0.27694336,-1.4269433,-1.6969434,-1.1569433,-4.3969436,-4.296943,-4.0169435,-3.4469433,-3.3769433,-3.0669434,-3.8869433,-3.0069435,-2.4769433,-3.3369434,-2.1069434,-1.5169433,-0.02694336,1.3030566,2.1530566,2.2130566,1.4230566,3.0930567
