json/gfs_20240720_06.json
{"header": { "discipline":0, "disciplineName":"Meteorological products", "gribEdition":2, "gribLength":79436, "center":7, "centerName":"US National Weather Service - NCEP(WMC)", "subcenter":0, "refTime":"2024-07-20T06:00:00.000Z", "significanceOfRT":1, "significanceOfRTName":"Start of forecast", "productStatus":0, "productStatusName":"Operational products", "productType":1, "productTypeName":"Forecast products", "productDefinitionTemplate":0, "productDefinitionTemplateName":"Analysis/forecast at horizontal level/layer at a point in time", "parameterCategory":2, "parameterCategoryName":"Momentum", "parameterNumber":3, "parameterNumberName":"V-component_of_wind", "parameterUnit":"m.s-1", "genProcessType":2, "genProcessTypeName":"Forecast", "forecastTime":0, "surface1Type":103, "surface1TypeName":"Specified height level above ground", "surface1Value":10.0, "surface2Type":255, "surface2TypeName":"Missing", "surface2Value":0.0, "gridDefinitionTemplate":0, "gridDefinitionTemplateName":"Latitude_Longitude", "numberPoints":65160, "shape":6, "shapeName":"Earth spherical with radius of 6,371,229.0 m", "gridUnits":"degrees", "resolution":48, "winds":"true", "scanMode":0, "nx":360, "ny":181, "basicAngle":0, "lo1":0.0, "la1":90.0, "lo2":359.0, "la2":-90.0, "dx":1.0, "dy":1.0 }, "data":
[rows 0 to 25 of 181, columns 118 to 176 of 360]
-3.4745214,-3.4245214,-3.3645215,-3.3145216,-3.2545214,-3.1945214,-3.1345215,-3.0745215,-3.0145216,-2.9445214,-2.8845215,-2.8145216,-2.7545214,-2.6845214,-2.6145215,-2.5545216,-2.4845214,-2.4145215,-2.3445215,-2.2745216,-2.2045214,-2.1245215,-2.0545216,-1.9845215,-1.9045215,-1.8345215,-1.7545215,-1.6845214,-1.6045215,-1.5245215,-1.4545215,-1.3745215,-1.2945215,-1.2145215,-1.1345215,-1.0545214,-0.97452146,-0.8945215,-0.8145215,-0.7345215,-0.65452147,-0.5745215,-0.4945215,-0.4145215,-0.33452147,-0.2545215,-0.16452149,-0.08452149,-0.0045214845,0.07547852,0.15547852,0.23547852,0.32547852,0.4054785,0.48547852,0.5654785,0.6454785,0.72547853,0.8054785
-4.4745216,-4.4045215,-4.3445215,-4.2845216,-4.2145214,-4.1445217,-4.0745215,-3.9945214,-3.8945215,-3.7945216,-3.7045214,-3.5945215,-3.4945214,-3.3945215,-3.2845216,-3.1745214,-3.0745215,-2.9645214,-2.8445215,-2.7345214,-2.6245215,-2.5145216,-2.3945215,-2.2845216,-2.1645215,-2.0545216,-1.9345214,-1.8245215,-1.7045215,-1.5945215,-1.4745215,-1.3545215,-1.2445215,-1.1245215,-1.0145215,-0.90452147,-0.78452146,-0.6845215,-0.5645215,-0.45452148,-0.3445215,-0.22452149,-0.11452148,0.0054785158,0.115478516,0.22547852,0.3354785,0.45547852,0.5654785,0.6754785,0.7954785,0.8954785,1.0154785,1.1254785,1.2354785,1.3554785,1.4554785,1.5654786,1.6654785
-4.3745213,-4.3145213,-4.2445216,-4.1645217,-4.0845213,-3.9945214,-3.8945215,-3.7745216,-3.6545215,-3.5245216,-3.3945215,-3.2645216,-3.1345215,-2.9945214,-2.8445215,-2.6945214,-2.5445216,-2.3945215,-2.2245214,-2.0745215,-1.9145215,-1.7545215,-1.6145215,-1.4645215,-1.3245215,-1.1845214,-1.0445215,-0.91452146,-0.7945215,-0.6745215,-0.5545215,-0.4345215,-0.3145215,-0.20452148,-0.08452149,0.025478516,0.13547851,0.24547851,0.3454785,0.44547853,0.5454785,0.6454785,0.7454785,0.83547854,0.9254785,1.0054785,1.0954785,1.1754785,1.2454785,1.3054786,1.3854785,1.4454786,1.5154785,1.5854785,1.6454785,1.7154785,1.7954785,1.8654785,1.9354786
-4.6745214,-4.5245214,-4.3545213,-4.1845217,-4.0145216,-3.8245215,-3.6445215,-3.4645214,-3.2945216,-3.1145215,-2.9545214,-2.7845216,-2.6045215,-2.4245214,-2.2245214,-2.0045214,-1.7845215,-1.5445215,-1.3045214,-1.0745215,-0.90452147,-0.7545215,-0.6145215,-0.4945215,-0.38452148,-0.27452147,-0.16452149,-0.054521486,0.055478517,0.17547852,0.2854785,0.41547853,0.5454785,0.6654785,0.78547853,0.90547854,0.9954785,1.0654786,1.1354785,1.2054785,1.2654785,1.3254786,1.3854785,1.4454786,1.5054785,1.5654786,1.6154785,1.6554785,1.6954786,1.7154785,1.7354785,1.7554785,1.7854785,1.8154786,1.8654785,1.9254785,1.9954785,2.0854785,2.1754785
-4.3245215,-4.2645216,-4.1545215,-4.0145216,-3.8345215,-3.6445215,-3.4545214,-3.2545214,-3.1145215,-2.9745214,-2.8445215,-2.6945214,-2.5045214,-2.3245215,-2.1345215,-1.9445214,-1.7345215,-1.4645215,-1.1245215,-0.72452146,-0.27452147,0.17547852,0.5654785,0.8554785,0.9954785,1.0854785,1.1454785,1.1354785,1.0854785,1.0154785,0.9454785,0.8754785,0.8154785,0.7654785,0.7354785,0.7454785,0.7954785,0.9254785,1.0654786,1.1654785,1.2254785,1.2154785,1.2154785,1.2554785,1.3154786,1.3654785,1.3654785,1.3254786,1.3154786,1.3254786,1.3854785,1.4454786,1.5154785,1.5754786,1.6254785,1.6754785,1.7654785,1.8654785,2.0054786
-3.5445216,-3.4345214,-3.3345215,-3.1845214,-3.1245215,-3.0945215,-3.0045214,-2.9045215,-2.8345215,-2.7245214,-2.6145215,-2.4745214,-2.2945216,-2.1045215,-1.8945215,-1.6845214,-1.4545215,-1.1345215,-0.6745215,-0.054521486,0.6054785,0.9554785,1.0654786,0.9554785,0.8754785,0.8654785,0.83547854,0.7454785,0.65547854,0.6154785,0.6254785,0.5754785,0.48547852,0.35547853,0.20547852,0.115478516,0.09547851,0.16547851,0.3054785,0.5554785,0.8154785,1.0654786,1.1854786,1.2654785,1.3154786,1.3654785,1.4554785,1.5654786,1.6954786,1.7154785,1.6854786,1.5854785,1.4554785,1.3254786,1.1654785,0.9954785,0.8254785,0.6754785,0.5454785
-3.4845214,-3.4145215,-3.3245215,-3.2045214,-3.0345216,-2.8745215,-2.7845216,-2.6945214,-2.5945215,-2.5145216,-2.4445214,-2.3745215,-2.2845216,-2.1645215,-2.0145216,-1.8245215,-1.5945215,-1.3745215,-1.1645215,-0.77452147,-0.044521485,0.6754785,0.8154785,0.52547854,0.5054785,0.9154785,1.1854786,0.9854785,0.52547854,0.15547852,-0.10452148,-0.21452148,-0.2545215,-0.4345215,-0.77452147,-1.0145215,-0.97452146,-0.7945215,-0.6045215,-0.4445215,-0.14452149,0.18547851,0.38547853,0.48547852,0.59547853,0.84547853,1.1154785,1.3454785,1.5154785,1.6454785,1.7554785,1.8754785,2.0254786,2.2154784,2.4054785,2.5654786,2.6854784,2.7854786,2.8754785
-3.0445216,-2.9545214,-2.8945215,-2.8745215,-2.7945216,-2.6845214,-2.5745215,-2.5045214,-2.4345214,-2.3645215,-2.2445214,-2.1145215,-2.0045214,-1.8945215,-1.7445215,-1.5845215,-1.4245214,-1.3045214,-1.2045215,-1.1345215,-0.9845215,-0.6745215,-0.19452149,0.085478514,-0.014521484,-0.18452148,-0.24452148,-0.6845215,-1.1045215,-1.0545214,-0.8645215,-1.0645214,-1.3745215,-1.5645214,-1.7545215,-1.8945215,-1.9645215,-1.9145215,-1.7545215,-1.4945215,-1.1945214,-0.8945215,-0.5645215,-0.14452149,0.23547852,0.5554785,0.84547853,1.0954785,1.3354785,1.5454785,1.7654785,1.9854785,2.1954784,2.4054785,2.6454785,2.9154785,3.2154784,3.4354784,3.5054786
-2.5845215,-2.6245215,-2.6445215,-2.6345215,-2.6045215,-2.5145216,-2.3945215,-2.2645216,-2.1245215,-1.9645215,-1.7945215,-1.6245215,-1.4845215,-1.3445215,-1.2445215,-1.2045215,-1.1545215,-1.0245215,-0.8945215,-0.6345215,-0.3145215,-0.18452148,-0.33452147,-0.4045215,-0.2545215,-0.18452148,-0.30452147,-0.5145215,-0.7445215,-1.0445215,-1.2845215,-1.4245214,-1.6345215,-1.9445214,-2.1145215,-2.0945215,-1.9545215,-1.7745215,-1.5445215,-1.2445215,-0.8645215,-0.4345215,0.015478516,0.4654785,0.9254785,1.3654785,1.8154786,2.2654786,2.6354785,2.9354784,3.2154784,3.4754784,3.7054784,3.8954785,4.0954785,4.3054786,4.5054784,4.6554785,4.7454786
-2.5745215,-2.5245216,-2.5045214,-2.5245216,-2.5245216,-2.5045214,-2.4345214,-2.3445215,-2.2045214,-1.9745215,-1.6145215,-1.3145214,-1.0845215,-0.8845215,-0.7345215,-0.6045215,-0.4945215,-0.39452147,-0.33452147,-0.2845215,-0.2545215,-0.24452148,-0.20452148,0.055478517,0.3354785,0.39547852,0.19547851,-0.024521485,-0.08452149,-0.14452149,-0.2845215,-0.4145215,-0.5145215,-0.5745215,-0.5745215,-0.4945215,-0.33452147,-0.08452149,0.21547851,0.6254785,0.97547853,1.1554785,1.4254785,1.8154786,2.0754786,2.1954784,2.3354785,2.6654785,3.2054784,3.7754786,4.1054783,4.2654786,4.4654784,4.6554785,4.7954783,4.8454785,4.8154783,4.8154783,4.8654785
-2.2445214,-2.2745216,-2.4045215,-2.4645214,-2.5245216,-2.4545214,-2.2445214,-1.9545215,-1.6345215,-1.3245215,-1.0245215,-0.77452147,-0.5545215,-0.3745215,-0.20452148,-0.11452148,-0.024521485,0.085478514,0.23547852,0.36547852,0.48547852,0.52547854,0.52547854,0.4654785,0.39547852,0.39547852,0.45547852,0.6054785,0.78547853,0.83547854,0.78547853,0.7354785,0.7554785,0.8554785,0.97547853,1.0554786,1.1654785,1.2654785,1.3154786,1.4254785,1.7154785,2.1054785,2.4454784,2.6854784,3.0354786,3.4354784,3.6654785,3.8854785,4.1754785,4.3754787,4.4254785,4.4754786,4.4854784,4.6054783,4.8154783,4.8354783,4.6854787,4.5554786,4.5954785
-3.5645216,-3.3145216,-2.6245215,-2.1845214,-1.9345214,-1.7245215,-1.5145215,-1.2345215,-0.8945215,-0.6145215,-0.4045215,-0.15452148,0.10547852,0.26547852,0.3754785,0.4354785,0.4954785,0.59547853,0.6854785,0.7354785,0.7554785,0.7954785,0.83547854,0.8854785,0.9154785,0.6254785,0.3054785,0.4354785,0.7654785,1.2554785,1.6554785,1.8454785,1.8554785,1.8954785,1.8854785,2.0954785,2.3054786,2.3654785,2.4154785,2.3854785,2.4054785,2.7654786,3.2254784,3.5254786,3.7354784,3.9054785,3.9254785,3.8854785,3.9154785,4.0954785,4.0154786,3.8054786,3.7954786,4.0854783,4.4354787,4.6054783,4.7754784,4.9554787,4.9354787
-2.7745216,-2.7545214,-2.6245215,-2.4745214,-2.2645216,-1.9345214,-1.6745214,-1.5645214,-1.4345214,-1.0245215,-0.59452146,-0.20452148,0.055478517,0.41547853,0.38547853,0.22547852,0.44547853,0.6954785,0.8654785,0.9454785,1.0154785,1.1354785,1.2754785,1.0354785,0.9954785,1.2754785,1.4454786,1.5354785,1.5554786,1.4954785,1.7854785,1.9554785,2.2254784,2.4754784,2.6654785,2.8554785,3.0054786,3.1354785,3.2754786,3.2954786,3.3754785,3.3654785,3.3454785,3.7654786,3.7954786,3.5254786,3.4454784,3.4454784,3.4654784,3.6254785,3.9054785,4.1754785,4.4454784,4.7354784,4.8254786,4.8454785,4.8754787,4.9454784,5.0854783
-2.7145214,-2.2945216,-2.1945214,-1.4545215,-1.0145215,-0.72452146,-0.5745215,-0.6045215,-0.8545215,-1.0245215,-1.0745215,-0.9845215,-0.7045215,-0.52452147,-0.38452148,-0.3145215,-0.30452147,-0.42452148,-0.12452149,0.19547851,0.38547853,0.52547854,0.7954785,1.1054785,1.4654785,1.8454785,2.1254785,2.1954784,2.0854785,1.8554785,1.7654785,1.9954785,2.4354784,2.8754785,2.7354784,2.7554786,2.9454784,3.0854785,3.3954785,3.5854785,3.2754786,2.8954785,2.8154786,2.7454786,2.9754784,3.2054784,3.4654784,3.7554786,3.9554784,4.1054783,4.4454784,4.8454785,4.9754786,5.0854783,5.1754785,5.1254787,4.9654784,4.4954786,4.1854787
-2.5745215,-2.2245214,-1.2345215,-1.2245215,-0.84452146,-0.4745215,-0.8545215,-1.2545215,-1.1145215,-1.1145215,-0.96452147,-0.8845215,-0.7545215,-0.5845215,-0.2845215,-0.034521483,0.055478517,0.115478516,0.48547852,0.9854785,0.83547854,0.21547851,-0.044521485,0.8154785,1.4654785,2.1754785,2.7854786,3.2354784,3.0454786,2.9754784,3.7854786,3.7754786,3.7954786,3.8954785,3.7854786,3.7654786,3.7754786,3.8854785,3.9154785,4.1454787,4.4154787,3.9254785,3.8054786,3.9554784,4.1754785,4.2954783,4.4254785,4.4754786,4.3754787,4.1354785,3.9154785,3.8754785,3.7454786,3.7954786,3.9154785,4.0454783,4.1854787,4.4454784,4.6254787
-1.6745214,-1.5945215,-1.1845214,-0.6045215,-0.10452148,0.13547851,0.115478516,0.015478516,-0.21452148,-0.20452148,-0.6045215,-0.6845215,-0.5645215,-0.5145215,0.38547853,1.4754785,1.5954785,1.3154786,0.9154785,0.7954785,0.8954785,1.1254785,2.1654785,3.4854784,4.3054786,3.8154786,3.8354785,4.5154786,4.0754786,3.8154786,3.2754786,2.5654786,2.5054786,4.1954784,5.6454787,5.1054783,4.4954786,4.1554785,4.5054784,4.1054783,3.6354785,3.5354786,3.6854784,3.7654786,3.5854785,3.0854785,2.9554784,3.4054785,3.9954786,4.0554786,3.9854784,4.1154785,4.2854786,4.3054786,4.4454784,4.6354785,4.8254786,4.9754786,4.8654785
1.6154785,1.8154786,1.8354785,1.4454786,1.2054785,1.6954786,2.2354784,2.0454786,1.2054785,0.45547852,0.10547852,0.17547852,0.22547852,0.5054785,0.6654785,0.5554785,1.0054785,0.9854785,0.9954785,1.6554785,1.8354785,2.0754786,2.2654786,2.0754786,2.2454786,1.7154785,1.8554785,1.8654785,2.4654784,2.7454786,2.9154785,3.2454786,3.1454785,3.1254785,3.3854785,3.2654786,3.1554785,3.0054786,2.8654785,2.9354784,2.8654785,2.7454786,2.7554786,2.9354784,3.3454785,3.4754784,3.5954785,3.6754785,3.7254784,3.7554786,3.8854785,3.9654784,4.1054783,4.1154785,4.1954784,4.1054783,3.9254785,3.6354785,3.3354785
0.20547852,0.21547851,-0.2545215,-0.9845215,-1.3645215,-1.7145215,-1.0045215,-1.1545215,-1.3745215,-0.14452149,0.045478515,-0.6445215,0.2554785,1.1454785,0.84547853,0.6954785,0.8854785,1.3254786,1.3454785,1.4854785,1.7854785,2.2454786,2.5154786,2.5154786,1.2354785,0.16547851,-0.034521483,0.36547852,1.1254785,1.6554785,1.8954785,2.2354784,1.7154785,2.0654786,2.8454785,3.3154786,3.4354784,2.4754784,2.3154786,2.3454785,2.3554785,2.1954784,2.0754786,1.9754785,2.0554786,1.9254785,1.7654785,1.9654785,2.0154786,2.1254785,2.4654784,2.5254786,2.7154784,2.9154785,3.0154786,3.2554786,3.7054784,4.0654783,4.4354787
-0.66452146,-0.8845215,-1.1045215,-1.2145215,-1.2245215,-0.8345215,-0.5145215,-0.08452149,-0.4445215,-1.2445215,-1.1745214,0.26547852,-0.17452149,-0.18452148,-0.4045215,-0.08452149,-0.014521484,0.52547854,0.44547853,0.3354785,0.2754785,-0.044521485,-0.59452146,-0.9845215,-0.8245215,-0.5545215,-0.53452146,-0.72452146,2.4254785,0.8654785,-0.08452149,-0.7545215,1.5454785,3.0654786,2.8354785,2.3954785,1.9054785,0.8854785,-0.17452149,-0.66452146,-0.7645215,-0.8545215,-0.8145215,-0.9945215,-0.7045215,-0.26452148,0.13547851,0.90547854,0.8254785,1.7754785,2.5254786,2.9254785,2.7954786,3.1354785,4.6454787,5.5554786,4.8154783,4.1254787,4.1054783
-1.4245214,-1.8745215,-1.7445215,-1.8345215,-2.0745215,-1.9645215,-2.0145216,-2.4845214,-2.1345215,-1.7145215,-1.7745215,-2.0745215,-2.6345215,-2.1845214,-2.5645216,-2.5145216,-2.0645216,-1.8745215,-1.2545215,-0.9445215,-2.5445216,-2.8145216,-3.0245216,-0.7545215,-1.7045215,-2.0645216,-1.8445215,-1.1245215,-1.0745215,-1.4745215,-1.0245215,-0.66452146,-0.9545215,-1.2245215,0.14547852,-0.10452148,-1.4145215,-2.9845214,-3.6445215,-3.2745216,-2.5445216,-0.7545215,-1.3945215,-2.3045216,-0.13452148,0.025478516,-0.10452148,0.14547852,0.83547854,1.6654785,2.1254785,2.7454786,3.3854785,3.1254785,1.8254786,2.3354785,2.6554785,2.7654786,3.8354785
-3.2045214,-2.8345215,-2.5445216,-2.9245214,-3.1945214,-4.1145215,-4.1045213,-3.0845215,-3.2645216,-3.2045214,-2.4845214,-0.9245215,-0.26452148,-2.6345215,-1.6745214,-2.3545215,-2.8845215,0.015478516,-1.6645215,-1.7145215,-1.9245214,-2.8745215,-3.2945216,-3.5145216,-1.4745215,-0.6045215,0.2554785,-0.034521483,-1.0245215,-1.8045214,-2.8245215,-1.9445214,-2.1545215,-4.1945214,-3.5845215,-2.7245214,-2.7045214,-2.5645216,-3.4945214,-5.1045213,-4.4045215,-2.5445216,-3.0945215,-0.4445215,0.3154785,0.9454785,0.5754785,-0.38452148,0.3754785,0.3454785,-1.2345215,0.9354785,-1.2445215,-0.97452146,-0.014521484,-0.4645215,-1.5545214,1.3354785,2.5754786
-3.2645216,-2.9245214,-3.1845214,-3.0945215,-2.9445214,-3.0545216,-3.8545215,-4.9745216,-4.7745214,-3.1445215,-0.14452149,0.41547853,-1.6645215,-3.8745215,-3.4445214,-0.2845215,-1.3045214,-3.0045214,-2.3645215,-2.8145216,-3.6145215,-2.5545216,-0.7645215,-3.4545214,-2.7445214,-0.32452148,1.6954786,0.44547853,-0.23452148,-1.8045214,-2.7645216,-3.4745214,-3.6145215,-2.6245215,-4.0345216,-4.5045214,-5.8845215,-5.2145214,-4.5245214,-0.6745215,2.1654785,0.3354785,1.0854785,2.4054785,-0.18452148,-1.7745215,-2.8445215,-1.5045215,-2.7445214,-2.4845214,-1.1045215,-2.4045215,-6.2245216,-0.4445215,0.9254785,0.53547853,0.10547852,-0.4645215,-1.1945214
-3.6245215,-2.4845214,-1.8345215,-2.7745216,-3.2745216,-3.5945215,-5.9645214,-6.8145213,-6.4445214,-1.8045214,-2.3145216,-0.5845215,2.9854784,4.4754786,3.3054786,2.4054785,0.32547852,-1.3345215,-1.1545215,-2.2645216,-3.6145215,0.83547854,2.5354786,1.0554786,0.7354785,0.71547854,-0.9945215,-2.2445214,-3.0245216,-1.6245215,-1.6845214,-0.8645215,-1.9745215,-2.8145216,-3.8245215,-3.4845214,-4.2845216,-5.6345215,-3.4745214,-3.2745216,-2.6445215,-1.8645215,-4.2345214,-5.7345214,-7.6845217,3.3954785,0.4354785,1.6654785,2.3254786,2.2454786,4.2354784,2.8254786,0.055478517,0.45547852,-1.6945214,-0.6945215,3.4654784,2.1154785,1.6954786
-4.7345214,-3.9145215,-4.8745213,-3.2545214,-4.8145213,-7.2145214,-8.394522,-8.304522,-6.4645214,-1.4645215,0.3154785,2.2554786,2.8354785,2.1054785,-0.12452149,0.085478514,-1.0345215,-1.7045215,-1.7345215,-1.9945215,-2.2045214,-0.21452148,-1.1945214,-1.2545215,-4.2845216,-2.1045215,-1.1045215,0.8954785,0.23547852,-1.8645215,0.9854785,-2.0545216,-4.2945213,-5.2645216,-4.7945213,-5.3245215,-5.4945216,-4.3045216,-2.4445214,-2.4745214,-1.0745215,4.8454785,2.3754785,0.8554785,0.5154785,2.2054784,2.6554785,3.6254785,3.3854785,4.6454787,2.6154785,3.3154786,4.3954787,4.0654783,3.3054786,2.0354786,3.7954786,2.0154786,0.21547851
-2.6645215,-2.8845215,-3.1945214,-4.0845213,-5.4145217,-5.4345217,-5.2845216,-5.6845217,-7.1845217,-1.5045215,-0.5445215,-0.014521484,3.2954786,0.6254785,-0.8845215,-1.4645215,-2.2345214,-5.0245214,-2.3845215,-4.6345215,-2.6545215,-2.5145216,0.14547852,-0.20452148,-2.0545216,-2.7145214,-1.3145214,2.4254785,-1.3245215,-0.13452148,-2.7445214,-4.1845217,-4.4845214,-3.7245214,-2.7145214,-1.9945215,-0.9945215,-1.8145214,-0.6345215,2.5654786,0.5154785,4.8254786,4.7754784,3.6554785,4.5854783,4.5254784,5.2454786,5.2154784,4.0554786,4.2754784,4.2554784,4.1454787,2.6154785,3.5854785,3.2554786,3.4554784,1.2354785,0.8854785,5.1354785
-0.65452147,-1.0145215,-0.23452148,-2.6045215,-3.1745214,-5.8245215,-5.5145216,-7.7345214,-4.7645216,-2.4245214,-1.6045215,-2.1645215,-2.0745215,-2.0845215,-1.6445215,-2.1245215,-1.2245215,-1.1145215,-2.8745215,-2.7845216,-2.9345214,-1.7545215,2.3354785,3.4854784,0.8854785,-0.9545215,0.39547852,-1.0345215,0.8854785,0.20547852,-1.0945215,-1.2345215,-5.8045216,-5.3345213,-4.9045215,-1.0945215,-1.8445215,-2.4445214,2.2754786,3.1354785,1.9054785,1.5654786,3.6454785,4.0754786,4.1654787,4.4754786,4.2154784,4.5554786,3.8154786,2.6854784,3.5554786,3.7454786,1.4654785,1.2454785,2.3954785,1.9654785,0.5454785,1.4654785,3.7654786
