json/gfs_20240718_06.json
{"header": { "discipline":0, "disciplineName":"Meteorological products", "gribEdition":2, "gribLength":79691, "center":7, "centerName":"US National Weather Service - NCEP(WMC)", "subcenter":0, "refTime":"2024-07-18T06:00:00.000Z", "significanceOfRT":1, "significanceOfRTName":"Start of forecast", "productStatus":0, "productStatusName":"Operational products", "productType":1, "productTypeName":"Forecast products", "productDefinitionTemplate":0, "productDefinitionTemplateName":"Analysis/forecast at horizontal level/layer at a point in time", "parameterCategory":2, "parameterCategoryName":"Momentum", "parameterNumber":3, "parameterNumberName":"V-component_of_wind", "parameterUnit":"m.s-1", "genProcessType":2, "genProcessTypeName":"Forecast", "forecastTime":0, "surface1Type":103, "surface1TypeName":"Specified height level above ground", "surface1Value":10.0, "surface2Type":255, "surface2TypeName":"Missing", "surface2Value":0.0, "gridDefinitionTemplate":0, "gridDefinitionTemplateName":"Latitude_Longitude", "numberPoints":65160, "shape":6, "shapeName":"Earth spherical with radius of 6,371,229.0 m", "gridUnits":"degrees", "resolution":48, "winds":"true", "scanMode":0, "nx":360, "ny":181, "basicAngle":0, "lo1":0.0, "la1":90.0, "lo2":359.0, "la2":-90.0, "dx":1.0, "dy":1.0 }, "data":
[rows 104 to 129 of 181, columns 177 to 235 of 360]
1.6030567,2.5230567,3.1330566,3.4830565,3.5530567,3.8530567,3.6330566,3.7030566,3.8330567,4.0730567,4.6330566,4.953057,4.2830567,4.1130567,4.6130567,4.7730565,4.433057,3.7230566,2.6430566,1.9030566,1.1130567,0.64305663,0.62305665,0.61305666,0.42305663,1.1530566,1.4830567,-0.80694336,-0.06694336,0.21305664,1.0330566,-0.35694337,-1.7069434,-1.7069434,-1.6469433,-2.7869434,-2.1769433,-1.4369434,-1.6669433,-0.39694336,-1.6269433,-1.6869434,-1.7969433,-4.0169435,-3.3069434,-3.2069433,-2.4669433,-0.95694333,0.36305663,-0.7769434,-1.4769434,-0.37694335,2.0830567,1.4030566,2.0430567,0.6530566,2.0630567,3.0130568,2.1930566
1.0430566,2.3630567,2.9430566,3.3230567,3.1730566,3.5730567,3.9830565,4.183057,3.9830565,4.0430565,4.0930567,4.4030566,4.973057,5.243057,5.4630566,5.3830566,4.683057,4.0230565,3.4730566,3.1630566,2.4330566,1.4930567,0.74305665,-0.05694336,-0.86694336,-0.81694335,-0.32694337,0.04305664,0.7730566,-1.0669434,-0.8469434,-1.0169433,0.21305664,-1.3369434,-2.4269433,-2.8269434,-3.5469434,-3.1469433,-2.5869434,-2.5969434,-1.9869434,-2.1169434,-2.7269433,-2.7569435,-4.526943,-4.046943,-3.7569435,-3.0269434,-2.6569433,-2.1569433,-1.8369434,-1.4869434,-1.2469434,0.09305664,0.5330566,-0.04694336,0.43305665,2.8130567,1.7430567
-0.39694336,-0.74694335,0.60305667,2.7830567,2.8030567,2.7630568,2.5930567,3.0030565,3.3330567,4.0130568,4.2830567,4.643057,4.973057,5.0330567,4.9630566,5.4030566,5.143057,4.8830566,4.8030567,4.2530565,3.7830567,3.0230567,1.9330566,0.99305665,0.39305663,0.04305664,0.29305664,0.49305665,0.55305666,-0.05694336,0.28305665,-1.3169434,-1.1869434,-0.87694335,-1.6269433,-2.3769433,-3.7269433,-3.7069433,-3.4969435,-3.9369433,-2.1369433,-1.7469434,-3.2469435,-4.526943,-4.2469435,-4.4269433,-4.4469433,-4.4469433,-4.2269435,-3.3869433,-3.0069435,-3.2369432,-2.7869434,-0.81694335,-0.27694336,1.6530566,-1.3269434,-0.9669434,0.30305663
-2.6869433,2.0430567,0.40305665,0.33305663,1.1230567,1.5330566,1.9530567,2.7030566,3.5730567,4.143057,4.5630565,4.6130567,4.8730564,5.4230566,5.7530565,5.5630565,5.4230566,5.3730564,4.893057,4.8430567,4.5330567,4.0130568,3.7230566,3.1530566,2.0430567,0.82305664,-0.46694335,-0.74694335,-0.26694337,0.023056641,0.45305663,0.053056642,-1.7569433,-1.5469433,-1.6769433,-4.1269436,-4.086943,-4.6269436,-4.7269435,-3.9169433,-4.2469435,-3.5769434,-2.8469434,-3.0869434,-3.1069434,-3.6069434,-6.046943,-5.3069434,-5.506943,-3.9769433,-2.9869432,-5.1269436,-3.3069434,-2.9669433,-1.5969434,1.0830567,-0.46694335,-0.95694333,0.19305664
2.4130566,-0.63694334,-1.1669433,-0.07694336,0.03305664,0.98305666,1.3630567,1.5030566,2.0630567,3.2030566,3.8630567,4.3630567,4.7630568,5.433057,5.6930566,5.6730566,5.7530565,5.3530564,5.243057,5.2730565,5.663057,5.8630567,5.3430567,4.6930566,3.9430566,3.1230567,1.9330566,0.27305663,-1.1369433,-1.5369433,-1.4869434,-0.9069434,-0.34694335,0.5330566,-1.4769434,-2.2569435,-2.5469434,-4.4469433,-5.7369432,-5.6969433,-5.816943,-5.4069433,-4.8969436,-4.2469435,-3.0369434,-2.9969435,-5.3269434,-6.2469435,-5.756943,-5.3069434,-3.3069434,-3.2269433,-4.8469434,-4.1169434,-3.3669434,-0.34694335,0.64305663,-1.7469434,-1.5769434
1.2530566,-0.67694336,-0.05694336,-0.46694335,-0.04694336,0.54305667,0.54305667,0.38305664,1.0130566,1.7630566,2.5530567,2.8430567,3.1030567,3.5530567,3.7930567,4.473057,5.0530567,5.4430566,5.9630566,6.1930566,6.0230565,5.7530565,5.0830564,4.473057,4.0730567,3.6530566,2.7930567,0.7130566,-0.64694333,-0.87694335,-1.1569433,-1.7269434,-2.6569433,-2.4169433,-1.2469434,-0.94694334,-0.5369434,0.26305664,-0.0069433595,-3.6969433,-5.1269436,-5.6969433,-5.1269436,-5.276943,-4.606943,-4.7269435,-4.546943,-5.856943,-6.3969436,-5.7069435,-5.6869435,-4.506943,-5.6369433,-4.8869433,-4.276943,-2.0069435,0.13305664,-1.4469434,-0.82694334
0.98305666,0.88305664,1.8130566,2.1130567,0.08305664,-0.75694335,-0.44694337,-0.39694336,0.19305664,-0.16694336,-0.54694337,-0.36694336,0.5830566,1.9630567,2.8630567,3.4930565,4.6130567,4.5030565,4.6130567,5.243057,5.8730564,6.0530567,5.6530566,4.8530564,4.163057,3.6130567,2.6030567,1.5230566,0.54305667,-0.43694335,-0.93694335,-1.6169434,-1.7569433,-3.1369433,-2.7069433,-2.7669435,-1.0469433,-0.93694335,0.23305663,2.2830567,-0.11694336,-0.14694336,-2.1669433,-4.4569435,-4.9369435,-4.4569435,-4.8869433,-6.276943,-7.3669434,-5.9969435,-4.4369435,-4.5969434,-7.1869435,-6.9969435,-4.8069434,-3.6369433,-2.4569433,-1.6769433,-3.2269433
1.9030566,2.3230567,3.0530567,3.8230567,4.2130566,4.203057,5.643057,0.0130566405,-0.15694337,0.69305664,1.5530566,1.3630567,0.80305666,1.0430566,1.4130566,1.2830566,1.8330567,2.8430567,4.1730566,3.5230567,3.8730567,4.3330564,4.5130568,4.2330565,3.6730566,2.8130567,2.0530567,1.6430566,0.43305665,-0.04694336,-1.2569433,-1.5169433,-2.4169433,-2.8369434,-3.2369432,-3.2269433,-2.3969433,-2.3369434,-2.4469433,-1.6369433,2.3030567,0.64305663,1.7030567,0.67305666,-1.4769434,-3.8369434,-4.4069433,-6.0769434,-8.076943,-7.2169433,-5.9569435,-5.776943,-7.026943,-6.9469433,-5.8969436,-4.9069433,-2.9669433,-3.2269433,-4.066943
1.3030566,2.6330566,3.3530567,4.183057,4.8030567,5.0130568,4.9430566,4.8730564,5.3230567,6.3130565,5.8830566,3.8530567,2.7330565,0.81305665,0.6630566,0.5230566,0.7830566,1.9930567,1.5930567,3.4030566,3.3130567,3.0230567,2.1830566,1.4730567,1.3830566,0.98305666,0.74305665,0.82305664,0.51305664,-0.5869434,-1.4469434,-2.0869434,-2.2869434,-3.6069434,-3.7169433,-3.9169433,-4.0569434,-2.7869434,-2.2269433,-1.7069434,0.06305664,-0.5969434,-0.60694337,1.4930567,-0.18694335,0.7730566,-2.5869434,-5.046943,-6.6569433,-6.9969435,-7.5969434,-6.086943,-7.1169434,-6.9869432,-6.6369433,-6.3069434,-3.7669435,-4.6969433,-4.8269434
2.0630567,2.7030566,3.4630566,3.8130567,4.4630566,4.9830565,5.1530566,5.0530567,5.0030565,4.473057,5.3430567,5.3230567,5.0030565,4.8030567,4.243057,1.7930566,0.88305664,1.9730567,1.9030566,2.4330566,3.1630566,3.3630567,3.2030566,1.7430567,-0.5269434,-0.47694337,-0.99694335,0.0030566407,-1.1469433,-2.5369434,-3.8269434,-4.1669436,-4.4369435,-3.8969433,-4.6269436,-4.606943,-5.4269433,-4.9269433,-4.7269435,-3.7369432,-2.3769433,-1.4669434,-0.85694337,-0.8369434,-1.4769434,1.2730566,3.1630566,0.69305664,-5.046943,-7.086943,-7.1869435,-7.4569435,-7.4569435,-8.466944,-7.7169433,-6.7169433,-5.046943,-4.6269436,-6.0369434
3.0330567,3.6830566,3.9230566,4.0630565,4.5630565,5.0330567,5.6230564,5.9630566,6.0930567,5.9230566,6.3030567,6.4230566,5.3130565,4.2630568,4.683057,4.243057,3.3730567,3.2530565,2.6030567,3.2030566,3.5330567,3.3930566,3.0730567,3.4630566,3.6530566,2.3130567,-2.4069433,-3.4669433,-4.0969434,-3.1069434,-3.8569434,-4.9569435,-5.546943,-5.5169435,-4.4669433,-4.526943,-5.8769436,-6.2669435,-5.756943,-4.4869432,-3.4369433,-4.0969434,-1.9269433,-1.8169434,-0.14694336,0.28305665,-2.8769433,0.57305664,0.6630566,-6.4369435,-8.036943,-7.1869435,-7.5969434,-8.616943,-7.8769436,-7.7269435,-7.046943,-5.5369434,-6.8869433
3.2330565,3.8530567,3.8830566,4.3030567,4.6330566,4.8730564,4.8630567,5.413057,5.5330567,4.3830566,4.643057,5.7530565,6.1230564,5.663057,4.9630566,4.3130565,3.4630566,3.2230566,3.6130567,3.6630566,3.9030566,3.9030566,4.143057,3.9930565,3.4330566,3.5130568,3.5930567,0.9030566,-4.1169434,-6.316943,-5.5769434,-5.9969435,-8.886944,-8.376944,-5.1869435,-5.086943,-6.296943,-5.7269435,-5.1269436,-5.9169436,-5.1269436,-4.2669435,-2.9769433,-2.4469433,-1.2669433,-0.7869434,1.4130566,1.2730566,-0.0069433595,1.7730566,-5.526943,-7.1969433,-8.356943,-8.666944,-9.066943,-8.536943,-7.546943,-6.4869432,-7.8069434
3.3630567,2.9530566,3.9430566,3.8130567,3.8230567,4.183057,3.7630568,4.6330566,4.6230564,5.1930566,5.0630565,5.223057,5.413057,4.9630566,4.4030566,4.3530564,3.6930566,4.163057,4.8030567,4.4030566,4.2730565,4.0530567,4.0930567,4.1730566,4.1330566,3.1930566,2.1330566,1.8330567,0.98305666,-4.1169434,-7.046943,-7.6769433,-9.796944,-8.616943,-7.6769433,-7.506943,-5.9369435,-4.2169433,-6.2369432,-7.1569433,-5.4469433,-3.7569435,-3.1069434,-1.0369433,-1.5469433,-1.7369434,-0.99694335,0.11305664,0.60305667,0.61305666,0.69305664,0.36305663,-9.696943,-8.576943,-9.216944,-8.4569435,-8.976943,-7.8969436,-7.256943
1.5830567,2.5030565,3.3630567,3.7130566,3.9930565,3.8830566,5.223057,5.0830564,5.5530567,4.893057,5.453057,6.393057,6.2630568,5.2730565,5.2830567,4.3030567,1.6730566,2.3130567,3.0430567,2.6630566,3.0730567,3.2730567,4.5530567,3.8430567,4.683057,3.5130568,2.9730566,1.6730566,0.50305665,-1.3169434,-4.3769436,-7.6769433,-10.126944,-10.526943,-8.636944,-8.046944,-6.8069434,-3.9069433,-3.0769434,-6.3469434,-5.6769433,-4.296943,-3.1569433,-4.0769434,-4.776943,-2.2369432,-1.5969434,0.27305663,0.14305665,0.23305663,-1.0169433,-0.69694334,-0.75694335,-8.856943,-8.776943,-9.516943,-8.656943,-8.376944,-8.806943
0.7230566,1.5430566,2.7330565,4.5430565,4.493057,3.7930567,4.8030567,4.6530566,4.6530566,5.0830564,5.7730565,5.4030566,5.0130568,5.7630568,5.433057,5.4030566,4.6530566,3.5430567,3.1830566,3.2830567,3.4230566,3.8330567,4.473057,5.3830566,4.8130565,3.1830566,2.3030567,2.0130568,0.70305663,-0.20694336,-3.0569434,-7.3469434,-11.666944,-12.816943,-9.656943,-7.9969435,-5.6869435,-4.9669433,-4.6469436,-5.4769435,-5.0369434,-2.8269434,-2.2669435,-2.9669433,-1.4469434,-0.32694337,-0.63694334,-0.08694336,-0.7169434,-1.4369434,-0.31694335,0.63305664,0.79305667,-7.1469436,-0.21694335,-9.036943,-10.076943,-9.426944,-9.026943
-0.50694335,0.99305665,2.2730567,3.5030565,4.5030565,4.1130567,4.8630567,5.7830567,5.4030566,4.7630568,4.8630567,5.2830567,4.703057,5.223057,5.453057,4.6030564,5.3430567,5.663057,5.0030565,4.5130568,2.9930565,4.4030566,5.2930565,4.9430566,5.183057,5.5430565,5.3730564,5.643057,4.1530566,3.7130566,6.6330566,8.913056,-14.916944,-11.546944,-5.4769435,-2.5369434,-3.7869434,-4.4269433,-5.9469433,-4.2169433,-2.0269434,-2.2169433,-0.39694336,-0.37694335,-0.5869434,-0.61694336,-0.6669434,-0.73694336,0.93305665,0.17305665,-1.9069433,-2.1769433,-2.7269433,-5.6169434,-12.476943,-6.2869434,-10.606943,-10.626944,-10.996943
-0.21694335,1.6530566,2.7330565,3.6930566,4.8830566,5.4030566,5.1730566,5.9630566,4.9630566,4.243057,3.7830567,5.0430565,5.143057,5.0530567,5.3030567,4.3530564,4.6930566,4.4030566,3.8230567,3.3530567,3.7030566,4.1930566,4.973057,5.9830565,2.0530567,2.3730567,1.8530567,2.4030566,1.3030566,1.9730567,5.5130568,5.393057,3.4230566,2.7830567,-2.2969434,-4.8269434,-5.8769436,-5.836943,-4.2369432,-3.1369433,-2.5469434,-3.4669433,-3.8169434,-2.5269434,-2.7069433,-2.1469433,-2.1869433,-1.7369434,-1.1869434,-1.2969433,-2.3369434,-3.6369433,-3.7369432,-3.6269433,-4.4069433,-10.666944,-10.306943,-11.046944,-10.7069435
0.26305664,0.69305664,1.4930567,3.2830567,3.8730567,4.0430565,3.8530567,4.143057,4.1530566,4.3630567,4.2630568,4.6230564,3.6130567,3.6030567,4.0030565,4.723057,5.2630568,4.7530565,4.0530567,2.7130566,3.8230567,3.5430567,4.5630565,-0.67694336,-0.86694336,1.4630567,3.2730567,4.1330566,2.8730567,2.1830566,0.27305663,1.8230567,0.7130566,2.5830567,-1.1769433,-0.57694334,-2.8669434,-3.1169434,-2.1369433,-1.3269434,-0.92694336,-1.5869434,-1.8169434,-1.2869433,-0.5269434,0.7830566,1.2230567,0.09305664,-0.02694336,-0.13694336,-1.4469434,-5.1369433,-4.856943,-4.8269434,-5.8469434,-6.4769435,-5.2269435,-11.076943,-11.866943
-0.17694336,1.0930567,2.7230566,3.5230567,4.4430566,4.3730564,3.9930565,4.0830564,3.4930565,3.2830567,2.8730567,3.4030566,3.2130566,2.1930566,3.8430567,5.0530567,4.1730566,3.3630567,2.9930565,3.5330567,3.8930566,2.5130568,-1.8369434,-3.6769433,-0.0069433595,2.0230567,3.5930567,3.3930566,2.9330566,2.9630566,2.2230566,-1.2369434,-1.1769433,-3.3169434,0.23305663,-2.3469434,-0.7869434,0.8430566,1.2830566,0.34305665,1.1930566,0.56305665,-0.7769434,-0.04694336,-0.30694336,-0.14694336,-0.27694336,-1.2269434,-1.8069434,-1.0869434,-1.7369434,-3.4969435,-5.5369434,-5.2369432,-6.7169433,-6.046943,-8.066943,-5.6569433,-12.526943
-0.12694336,1.6630566,2.9130566,4.0030565,3.7930567,5.243057,5.9630566,5.993057,5.723057,4.5030565,2.6930566,1.7630566,3.1430566,3.5930567,3.5530567,2.7430565,3.4330566,4.163057,5.5830564,5.0830564,3.3030567,-2.2669435,-3.9369433,-0.62694335,-0.02694336,1.4130566,3.6130567,4.433057,3.0530567,4.1730566,2.2030566,2.3730567,-1.3469434,-1.8769433,-1.2169434,-1.5369433,-0.14694336,1.0130566,0.70305663,1.5930567,0.87305665,1.7230567,1.3130566,0.24305664,1.6930566,1.2830566,0.98305666,-0.08694336,-0.38694337,-1.4769434,-3.0669434,-4.0369434,-4.9169436,-6.6269436,-7.2369432,-8.396943,-8.006944,-8.836944,-8.9569435
-0.5369434,1.3730567,3.8030567,4.5930567,4.433057,4.5430565,4.6730566,5.0330567,4.473057,2.8630567,-0.22694336,-0.02694336,2.2930567,3.3430567,4.0430565,3.6330566,3.5830567,4.1230564,6.3630567,5.163057,-2.2169433,-2.6769433,-0.62694335,-0.95694333,1.1630566,1.5330566,2.5130568,3.6230567,4.223057,1.8130566,2.0530567,2.6230567,1.5130566,0.99305665,0.35305664,-0.7169434,0.28305665,2.0730567,1.5030566,3.2930567,2.1430566,1.4030566,1.7930566,2.3630567,1.9430566,2.4530566,2.3830566,1.8130566,0.44305664,-0.70694333,-1.8969433,-3.8269434,-6.046943,-7.0369434,-8.316943,-9.476943,-9.726943,-9.156943,-9.586944
0.73305666,2.3630567,3.5630567,3.6030567,3.0130568,4.3830566,4.4830565,4.7530565,5.3330564,6.7330565,-0.89694333,-0.17694336,1.2830566,2.2930567,3.9830565,4.5530567,5.0030565,5.7530565,2.2630568,-1.5469433,-2.5969434,-2.5969434,-2.1369433,0.80305666,2.5530567,2.8230567,3.3530567,3.1330566,2.3930566,2.9730566,2.0330567,4.243057,4.1130567,0.09305664,0.60305667,-0.9669434,-0.08694336,2.1830566,3.5330567,3.9130566,3.7130566,3.0030565,1.8630567,2.1630566,3.4530566,3.3830566,2.9030566,3.7030566,1.9530567,0.023056641,-0.6669434,-3.0869434,-6.1369433,-9.096943,-8.946943,-9.996943,-11.026943,-10.336944,-10.826943
0.62305665,2.1330566,3.0430567,4.0630565,5.433057,3.7530565,4.0030565,5.0630565,5.8030567,2.9430566,0.82305664,0.10305664,0.94305664,3.2130566,3.2530565,4.0830564,1.6830566,0.60305667,-2.0269434,-2.4369433,-1.5369433,-1.2569433,-0.36694336,1.2830566,2.0830567,3.1130567,4.3530564,4.163057,3.7530565,2.4230566,2.7330565,3.2930567,4.433057,4.433057,1.9230566,0.9130566,1.1530566,1.2330567,2.2430565,2.6630566,2.8230567,2.8830566,2.6230567,2.6030567,2.6830566,4.0330567,4.8630567,4.9830565,4.0430565,2.7930567,2.3330567,-1.7569433,-5.9269433,-8.496943,-10.006944,-10.756944,-12.416944,-12.026943,-11.446943
-0.61694336,0.16305664,4.0230565,6.7830567,6.3530564,5.0230565,5.973057,5.7730565,4.1930566,2.7530565,-0.49694335,-0.64694333,0.93305665,3.5830567,3.2630568,3.3430567,-1.5669434,-1.2569433,-0.68694335,-0.19694336,-0.42694336,0.23305663,1.0030566,1.2130567,3.2030566,4.4230566,3.1930566,4.5130568,4.703057,5.2130566,4.5830564,3.9630566,4.6330566,3.6030567,3.2830567,2.6030567,2.7330565,2.9130566,4.9230566,1.1730566,4.1130567,2.8430567,3.0630567,3.6030567,2.6130567,3.7730567,5.183057,5.243057,4.973057,3.5430567,2.0730567,0.0030566407,-4.6969433,-6.316943,-9.846943,-10.936943,-12.396943,-13.446943,-12.476943
-0.19694336,0.7730566,7.0630565,7.0230565,4.953057,5.9630566,8.533056,8.583056,4.2130566,-0.01694336,-1.3869433,-1.6169434,0.79305667,1.1530566,1.3430567,-2.5669434,-0.88694334,-0.60694337,0.34305665,-0.02694336,0.03305664,0.95305663,1.7530566,3.0130568,4.0830564,4.1130567,4.2130566,4.1230564,4.683057,5.183057,5.163057,4.663057,3.5230567,3.8030567,4.0130568,4.3530564,4.0230565,3.3430567,5.3730564,4.393057,3.4230566,4.0030565,3.0830567,3.6330566,4.6130567,5.2530565,5.5830564,7.5930567,6.433057,4.2530565,3.2830567,-0.41694337,-5.336943,-6.276943,-9.186943,-11.916944,-12.856943,-14.486943,-13.856943
-0.56694335,2.0830567,4.8130565,5.3430567,4.6330566,4.893057,8.133057,9.813057,7.4030566,3.9630566,-3.0069435,-3.3169434,0.24305664,-4.1669436,-1.7869433,-0.99694335,-0.70694333,-0.69694334,-0.33694336,0.38305664,1.3530567,2.3630567,2.7230566,3.9630566,3.6530566,4.493057,4.2630568,3.2530565,5.433057,5.0230565,4.683057,4.3430567,4.183057,4.6230564,4.6530566,3.6730566,2.4530566,4.5630565,5.3530564,1.9030566,4.8130565,3.6730566,3.6230567,4.3830566,5.0030565,5.1030564,6.1930566,8.143057,9.053057,7.2330565,5.9430566,0.5830566,-3.1269433,-7.3969436,-9.496943,-11.996943,-14.556943,-14.446943,-14.526943
