json/gfs_20240721_06.json
{"header": { "discipline":0, "disciplineName":"Meteorological products", "gribEdition":2, "gribLength":78981, "center":7, "centerName":"US National Weather Service - NCEP(WMC)", "subcenter":0, "refTime":"2024-07-21T06:00:00.000Z", "significanceOfRT":1, "significanceOfRTName":"Start of forecast", "productStatus":0, "productStatusName":"Operational products", "productType":1, "productTypeName":"Forecast products", "productDefinitionTemplate":0, "productDefinitionTemplateName":"Analysis/forecast at horizontal level/layer at a point in time", "parameterCategory":2, "parameterCategoryName":"Momentum", "parameterNumber":2, "parameterNumberName":"U-component_of_wind", "parameterUnit":"m.s-1", "genProcessType":2, "genProcessTypeName":"Forecast", "forecastTime":0, "surface1Type":103, "surface1TypeName":"Specified height level above ground", "surface1Value":10.0, "surface2Type":255, "surface2TypeName":"Missing", "surface2Value":0.0, "gridDefinitionTemplate":0, "gridDefinitionTemplateName":"Latitude_Longitude", "numberPoints":65160, "shape":6, "shapeName":"Earth spherical with radius of 6,371,229.0 m", "gridUnits":"degrees", "resolution":48, "winds":"true", "scanMode":0, "nx":360, "ny":181, "basicAngle":0, "lo1":0.0, "la1":90.0, "lo2":359.0, "la2":-90.0, "dx":1.0, "dy":1.0 }, "data":
[rows 78 to 103 of 181, columns 290 to 347 of 360]
-10.017202,-9.387202,-9.387202,-8.667202,-7.677202,-7.937202,-7.647202,-6.697202,-5.457202,-4.3672023,-5.437202,-6.357202,-5.5772023,-5.3672023,-5.937202,-6.8672023,-6.417202,-6.147202,-4.667202,-5.897202,-6.237202,-4.937202,-5.207202,-5.047202,-5.3472023,-4.997202,-5.207202,-5.027202,-4.587202,-3.377202,-3.4172022,-3.6472023,-2.317202,-2.367202,-2.587202,-2.4972022,-2.5372021,-1.6972022,-1.3072021,0.55279785,2.5927978,3.5827978,2.9627979,4.2327976,4.952798,4.252798,2.5827978,4.4427977,5.522798,6.4627976,6.262798,5.602798,5.992798,7.722798,3.1127977,1.0427978,0.8327978,0.49279785
-5.927202,-0.70720214,-8.987202,-8.8972025,-6.3672023,-7.4072022,-2.367202,-8.067203,-7.6172023,-7.297202,-7.147202,-6.727202,-6.727202,-6.1372023,-6.107202,-6.737202,-6.187202,-5.2872024,-5.477202,-6.4072022,-6.187202,-6.377202,-5.687202,-5.6572022,-5.127202,-5.2672024,-4.5572023,-4.567202,-3.877202,-4.6572022,-4.6572022,-3.877202,-3.127202,-2.4772022,-2.9072022,-2.7072022,-0.50720215,1.0027978,3.7927978,4.3427978,5.082798,6.552798,5.872798,5.322798,5.052798,5.522798,6.062798,5.752798,6.782798,7.542798,8.262798,7.742798,6.912798,7.7327976,7.512798,2.902798,0.75279784,0.70279783
-2.067202,-0.21720214,-0.36720216,-0.6572021,0.0027978516,-0.10720215,-0.16720214,-0.30720216,-6.2872024,-7.467202,-7.337202,-6.917202,-7.217202,-7.297202,-7.0572023,-6.917202,-7.247202,-6.357202,-6.0972023,-5.497202,-5.5372024,-6.377202,-6.0772023,-4.8072023,-4.417202,-5.007202,-5.567202,-4.457202,-2.6772022,-2.817202,-2.9772022,-2.2672021,-1.3672022,0.51279783,0.91279787,3.152798,4.812798,5.602798,6.082798,5.582798,6.4627976,6.552798,6.702798,6.802798,5.3627977,4.8427978,5.022798,5.952798,5.822798,6.932798,7.432798,7.272798,6.7127976,6.562798,7.032798,5.332798,2.3227978,1.0327978
0.37279785,0.34279785,-0.21720214,-0.48720214,-0.25720215,-1.0072021,-2.357202,-1.8172021,-1.1072022,-1.0472021,-6.477202,-6.487202,-6.197202,-6.457202,-6.5172024,-6.1372023,-5.817202,-5.497202,-4.8272023,-3.8872023,-3.797202,-3.4372022,-3.817202,-3.2372022,-1.9672022,0.55279785,2.372798,2.4627979,4.372798,5.4627976,5.8627977,5.322798,6.6327977,5.1927977,4.572798,4.372798,4.272798,4.072798,4.772798,5.042798,4.9027977,5.772798,6.162798,5.552798,5.762798,5.522798,4.9827976,5.2127976,5.142798,6.062798,6.9827976,7.4827976,6.9627976,7.002798,7.082798,7.1327977,6.642798,1.7427979
-0.70720214,-0.33720216,-0.09720215,0.7827979,1.7127979,-1.6372021,-1.1772021,-1.1972022,-0.42720214,-0.16720214,-0.56720215,-3.1472023,-3.9272022,-3.377202,-4.0772023,-3.7672021,-3.557202,-3.127202,-2.2072022,-0.92720217,-0.13720214,0.012797851,0.7727978,0.87279785,1.3727978,2.0227978,2.392798,2.162798,2.672798,4.6727977,3.2327979,3.162798,3.142798,3.2527978,3.122798,3.152798,3.7627978,4.102798,3.2927978,3.5727978,3.7127979,4.162798,4.2327976,4.582798,5.662798,5.412798,4.762798,3.942798,4.602798,5.6127977,6.122798,6.8827977,6.642798,6.602798,6.912798,7.932798,8.172798,8.3527975
-1.2672021,-0.75720215,-1.5572021,-0.18720216,0.21279785,-0.06720215,-0.12720215,-1.3672022,-0.20720215,-0.47720215,-0.047202148,0.06279785,-2.5272021,-3.1372023,-3.5172021,-3.4072022,-3.377202,-3.297202,-2.6372023,-2.367202,-1.5972022,-1.4172021,-1.0172021,-0.6572021,-0.45720214,-0.13720214,-1.8572022,0.8927978,1.3727978,0.5327979,0.19279785,0.9627979,0.79279786,1.1927979,1.1327978,0.9727979,2.2627978,2.7527978,1.9827979,2.5827978,3.192798,1.5727979,1.5727979,3.3527977,4.752798,4.8627977,5.042798,4.202798,4.262798,4.9027977,4.932798,5.802798,6.182798,5.472798,7.4627976,7.572798,8.772798,9.362798
-0.5972021,-0.92720217,-0.86720216,-0.62720215,0.20279785,1.3027978,-0.20720215,-0.03720215,-0.41720214,0.10279785,0.48279786,0.17279786,0.03279785,-1.9672022,-3.297202,-2.5172021,-4.007202,-4.5172024,-4.497202,-3.607202,-3.1972022,-3.1772022,-2.317202,-1.5172021,-2.2672021,-1.1072022,-1.1272022,-1.8872021,-0.94720215,-1.5372021,-1.0272021,-0.43720216,-0.56720215,0.11279785,-0.7172021,-0.05720215,1.1127979,2.8427978,0.63279784,0.88279784,1.0827979,0.41279784,2.192798,2.0227978,2.6027977,4.4027977,2.8127978,3.912798,2.922798,4.1127977,4.4027977,3.882798,4.4427977,4.8827977,5.8427978,6.9227977,8.122798,8.042798
0.36279786,0.07279785,-0.12720215,-0.33720216,-0.51720214,0.11279785,0.43279785,-0.42720214,0.68279785,-0.10720215,0.38279784,0.44279784,-0.5272021,-0.45720214,-0.09720215,-0.89720213,-0.80720216,-0.58720213,-4.507202,-4.917202,-4.5972023,-4.5772023,-3.7072022,-3.0072021,-3.087202,-2.107202,-1.9372021,-2.8972023,-2.5172021,-2.4072022,-1.8372022,-1.9572022,-1.8972021,-1.4972022,-2.087202,-0.47720215,0.042797852,1.1327978,-0.70720214,0.9727979,0.38279784,0.50279784,0.54279786,1.2127979,0.55279785,1.1527978,1.0127978,2.3227978,2.3127978,3.0027978,2.7527978,2.382798,2.9927979,4.4227977,4.6327977,5.822798,5.762798,4.532798
0.35279787,0.9727979,0.75279784,-0.55720216,0.082797855,-0.13720214,0.70279783,-0.28720215,-0.45720214,-0.13720214,-1.0872022,-0.36720216,-0.09720215,-0.12720215,-0.30720216,-0.48720214,-0.6572021,-0.82720214,-0.70720214,-4.937202,-6.027202,-5.197202,-4.837202,-4.147202,-4.997202,-4.187202,-3.7072022,-3.4972022,-3.357202,-3.5172021,-3.4672022,-3.377202,-2.617202,-2.6472023,-2.4472022,-1.3872021,0.082797855,-0.39720213,-2.4372022,-0.73720217,-1.0272021,-0.58720213,-0.35720214,-0.06720215,-0.7872021,-0.69720215,0.15279785,0.45279786,0.79279786,1.1427978,1.4527979,2.5027978,3.0127978,3.642798,3.402798,3.7727978,3.7727978,4.0927978
0.67279786,0.56279784,1.1027979,0.10279785,0.80279785,-0.0072021484,0.9727979,0.6527979,0.50279784,0.17279786,-2.047202,0.30279785,0.042797852,-0.19720215,-0.47720215,-0.5272021,-0.61720216,-0.6672022,-1.0772022,-2.297202,-5.6172023,-5.917202,-5.3872023,-5.967202,-6.447202,-6.047202,-5.417202,-5.107202,-4.447202,-4.757202,-4.147202,-3.607202,-3.4572022,-3.297202,-2.5072021,-2.1372023,-1.9772022,-1.3672022,-3.6672022,-2.2172022,-2.1472023,-1.8672022,-1.3472022,-1.2472022,-1.7172022,-1.7272022,-1.5772022,-1.4372021,-0.6072022,0.40279785,0.44279784,1.1427978,1.5327978,2.202798,1.9227978,1.6827979,1.5427978,2.0527978
1.1727978,0.62279785,0.32279786,0.86279786,-0.07720215,-0.18720216,0.26279786,0.67279786,0.23279785,0.16279785,-0.47720215,-0.33720216,-0.21720214,-0.55720216,-0.92720217,-0.5272021,-0.74720216,-0.58720213,-0.8572022,-0.8572022,-6.197202,-7.187202,-5.897202,-6.747202,-6.857202,-7.107202,-6.417202,-6.3072023,-6.8472023,-6.067202,-5.007202,-4.5772023,-4.087202,-3.9972022,-3.4872022,-3.127202,-3.2172022,-2.627202,-4.587202,-3.4972022,-3.557202,-2.807202,-1.7772021,-2.4872022,-2.807202,-3.1772022,-2.9972022,-1.9872022,-1.5872022,-1.5372021,-1.6272022,-0.70720214,-0.32720214,-0.19720215,-0.40720215,0.42279786,0.012797851,0.18279785
0.82279783,0.94279784,0.38279784,0.88279784,-0.10720215,0.5927979,-0.08720215,0.39279786,-0.017202148,-0.64720213,-0.44720215,-0.75720215,-0.31720215,-0.027202148,-0.8472021,-0.5372021,-0.64720213,-0.18720216,-0.57720214,-0.82720214,-3.4772022,-6.707202,-6.457202,-5.547202,-6.8272023,-7.8672023,-7.457202,-7.357202,-8.227202,-8.027203,-6.447202,-5.967202,-5.0572023,-4.4072022,-3.7472022,-3.4872022,-3.3872023,-2.9872022,-5.547202,-4.467202,-3.297202,-3.2372022,-2.1372023,-4.437202,-4.087202,-3.6572022,-3.1972022,-2.877202,-2.827202,-2.5072021,-1.8872021,-2.337202,-1.7172022,-2.2872021,-1.6472021,-1.1672021,-0.88720214,-0.49720216
0.43279785,1.0227978,0.91279787,0.16279785,0.75279784,0.66279787,0.6527979,-0.6672022,-0.40720215,-0.79720217,-0.69720215,-0.50720215,-0.19720215,-0.6672022,-0.86720216,-0.57720214,-0.09720215,-0.33720216,-0.40720215,-2.2672021,-2.7672021,-5.7872024,-5.207202,-5.897202,-6.697202,-8.007202,-7.817202,-6.9072022,-8.447202,-9.1472025,-7.777202,-7.697202,-6.567202,-4.2872024,-4.427202,-3.8972023,-4.777202,-5.1172023,-5.497202,-5.177202,-4.487202,-3.9672022,-3.607202,-3.7872021,-4.8872023,-3.347202,-4.647202,-4.167202,-3.2772021,-3.627202,-2.7072022,-3.5272021,-2.0272021,-2.367202,-2.857202,-1.5972022,-2.3972023,-0.79720217
0.7727978,0.95279783,0.67279786,1.2527978,0.99279785,0.81279784,0.34279785,0.62279785,-0.79720217,-0.33720216,-0.36720216,0.20279785,-0.6572021,-0.37720215,-0.14720215,-0.83720213,-1.1872021,-0.33720216,-0.51720214,-0.55720216,-0.80720216,-1.8372022,-1.1172022,-1.0772022,-6.737202,-8.057202,-7.0972023,-6.977202,-7.777202,-10.437202,-8.327202,-7.967202,-8.067203,-5.777202,-5.147202,-4.5372024,-5.4072022,-5.8672023,-6.107202,-5.837202,-5.197202,-4.6372023,-4.1372023,-4.5772023,-4.747202,-4.207202,-5.507202,-4.3872023,-4.647202,-3.807202,-3.807202,-3.857202,-2.2572021,-2.5072021,-2.5272021,-3.2872021,-3.6472023,-0.16720214
0.91279787,0.98279786,0.95279783,1.0727979,0.95279783,0.8927978,0.24279785,0.76279783,0.10279785,-0.76720214,-0.47720215,0.21279785,-0.88720214,0.41279784,-0.49720216,-1.1172022,-0.7772021,-1.1472021,-1.0972022,-0.5372021,-0.9172022,-0.8472021,-1.1172022,-1.6272022,-1.2372022,-0.94720215,-6.8872023,-5.727202,-8.097202,-10.817203,-9.717202,-8.477202,-7.987202,-6.497202,-6.207202,-5.737202,-5.6372023,-6.627202,-6.127202,-6.397202,-6.0172024,-4.797202,-4.357202,-5.0572023,-5.737202,-4.8872023,-5.107202,-4.947202,-4.2872024,-5.1372023,-4.1572022,-4.207202,-2.627202,-2.9772022,-3.317202,-4.047202,-3.617202,-2.1372023
1.0127978,1.2027979,1.1627978,0.86279786,1.1127979,0.19279785,-0.69720215,-0.047202148,-0.45720214,0.16279785,-0.28720215,-0.24720214,-0.70720214,0.41279784,-0.9672021,-0.95720214,-0.7872021,-0.21720214,0.06279785,-1.0872022,-1.1172022,-1.1872021,-0.81720215,-1.2172022,-0.56720215,-1.2372022,-1.3172021,-1.1072022,-1.3572022,-1.8772022,-3.4372022,-7.797202,-7.917202,-6.5372024,-5.8672023,-6.967202,-6.087202,-7.007202,-6.7672024,-6.167202,-5.997202,-4.997202,-4.8272023,-5.0172024,-5.977202,-5.8672023,-4.8872023,-3.9872022,-4.167202,-5.237202,-4.1572022,-4.067202,-4.3072023,-2.877202,-2.9972022,-3.7872021,-3.9572022,-1.6972022
1.2227979,1.0527978,0.9627979,0.69279784,-0.05720215,-0.25720215,-0.08720215,-0.13720214,0.03279785,0.45279786,0.36279786,-0.34720215,-0.74720216,0.17279786,-0.86720216,-0.19720215,-0.9672021,-0.22720215,-0.31720215,-0.49720216,-0.8572022,-1.3772022,-0.6072022,-1.2872021,-0.56720215,-2.0172021,-0.9672021,-0.13720214,0.31279784,-2.357202,-1.5672021,-1.3972021,-5.817202,-7.227202,-5.6372023,-6.507202,-7.0372024,-6.917202,-6.567202,-6.067202,-5.997202,-5.3272023,-4.8072023,-5.857202,-6.207202,-5.8672023,-4.757202,-4.277202,-4.8272023,-5.3872023,-4.607202,-3.4472022,-5.467202,-4.357202,-2.847202,-3.097202,-4.437202,-3.067202
0.88279784,1.2327979,0.87279785,0.27279785,-0.45720214,-0.11720215,-0.42720214,-0.15720215,-0.5372021,0.40279785,0.82279783,-0.12720215,-0.12720215,-0.54720217,-0.50720215,0.02279785,-0.73720217,-0.18720216,-1.1872021,-0.86720216,-0.5272021,-1.1272022,-1.6172022,-0.35720214,-0.45720214,0.06279785,-0.87720215,-2.1572022,-1.6972022,-2.9072022,-1.2872021,-0.8572022,-1.4772022,-3.327202,-3.307202,-6.317202,-6.467202,-6.527202,-7.357202,-6.6172023,-5.8472023,-5.237202,-5.4072022,-6.0572023,-6.547202,-5.777202,-5.457202,-4.857202,-5.667202,-5.797202,-4.177202,-5.747202,-5.797202,-4.697202,-2.7072022,-5.427202,-2.9472022,-4.257202
0.99279785,0.7227979,0.0027978516,-0.24720214,-0.35720214,-0.48720214,-0.64720213,-0.42720214,-1.0472021,-0.12720215,0.44279784,-0.38720214,0.30279785,-0.30720216,-0.67720217,-0.61720216,-0.81720215,-0.03720215,-0.73720217,-0.54720217,0.23279785,-0.74720216,-1.5972022,-2.5272021,-2.067202,-1.6572021,-1.2572021,-0.22720215,-1.2572021,-3.077202,-2.9372022,-0.69720215,-1.7672021,-1.5972022,-1.3872021,-3.5372021,-7.0172024,-6.0772023,-7.647202,-6.5372024,-6.0972023,-5.9072022,-5.477202,-6.527202,-6.667202,-6.487202,-5.737202,-5.277202,-5.167202,-5.997202,-5.6372023,-5.5772023,-6.3672023,-5.067202,-4.727202,-4.687202,-5.027202,-4.667202
0.22279786,0.25279784,-0.73720217,-0.57720214,-0.03720215,-0.42720214,-0.47720215,-0.32720214,-0.55720216,-0.39720213,-0.5972021,-0.14720215,0.40279785,-1.1372021,-0.80720216,-0.33720216,-0.6572021,-0.43720216,-0.79720217,-1.0172021,-0.67720217,-1.4172021,-2.607202,-2.9972022,-1.3572022,-1.2972021,-2.107202,-2.0172021,-2.6972022,-1.4872022,-1.7572021,-0.46720216,-1.2172022,-3.7472022,-2.5272021,1.1427978,-5.8472023,-6.3272023,-6.8672023,-6.967202,-6.447202,-6.0772023,-5.8472023,-6.697202,-6.3872023,-6.707202,-5.587202,-5.737202,-5.747202,-5.487202,-4.5172024,-5.3272023,-4.857202,-5.147202,-5.087202,-4.8272023,-4.477202,-4.707202
0.0027978516,-1.2572021,-0.5272021,-0.24720214,0.15279785,-0.5972021,-0.58720213,-0.67720217,-0.67720217,-1.0072021,-0.42720214,-0.73720217,-0.7772021,-1.2672021,-1.0272021,-1.0772022,-0.7872021,-0.88720214,-1.4172021,0.09279785,0.10279785,0.06279785,-0.7772021,-2.1772022,-1.3972021,-2.377202,-0.11720215,-0.86720216,-3.347202,-3.9172022,-1.6272022,-2.867202,-1.2672021,-1.5672021,-0.83720213,-0.87720215,-6.457202,-6.167202,-6.687202,-6.127202,-6.997202,-5.957202,-7.607202,-6.8472023,-6.007202,-7.027202,-5.527202,-5.177202,-5.187202,-5.257202,-5.7872024,-4.677202,-5.467202,-4.8272023,-5.3872023,-5.257202,-5.5772023,-4.297202
-0.047202148,0.10279785,-0.9072021,-0.94720215,0.16279785,-0.18720216,-0.32720214,-0.6072022,-0.64720213,-0.67720217,-0.11720215,-0.8572022,-0.56720215,-0.98720217,-0.14720215,-0.64720213,0.0027978516,-1.0272021,-0.55720216,0.14279786,0.41279784,-2.7072022,-2.097202,-3.7272022,0.03279785,-1.9572022,-2.1672022,-1.3672022,-4.147202,-5.567202,-2.7072022,-3.557202,-1.4872022,-0.05720215,-0.63720214,-5.7672024,-5.937202,-6.027202,-6.5572023,-7.0772023,-6.087202,-6.087202,-6.8872023,-7.3072023,-6.3872023,-7.237202,-6.067202,-5.5972023,-5.087202,-6.127202,-5.417202,-5.027202,-4.797202,-5.0572023,-5.187202,-5.587202,-4.737202,-5.277202
0.042797852,-0.35720214,-0.48720214,-0.08720215,0.02279785,0.33279786,-0.68720216,-0.48720214,-0.51720214,-0.30720216,-0.67720217,-0.79720217,-0.93720216,-0.6072022,-2.0172021,-1.6072022,-0.26720214,-0.34720215,-0.9772022,0.19279785,-1.2972021,-2.2372022,-0.28720215,-2.9072022,-1.2472022,-1.0072021,-2.2572021,-2.827202,-2.6472023,-1.1772021,-1.4672022,-1.3972021,-0.16720214,-0.17720215,-3.1772022,-5.297202,-5.837202,-5.497202,-6.2672024,-7.567202,-6.397202,-5.817202,-6.1172023,-7.0572023,-7.007202,-6.3672023,-5.0772023,-6.127202,-5.8072023,-5.8272023,-5.007202,-4.937202,-4.897202,-4.497202,-5.047202,-6.067202,-5.5772023,-5.5972023
0.10279785,0.122797854,0.02279785,0.22279786,-0.26720214,-0.46720216,-0.64720213,0.042797852,-0.43720216,-0.12720215,-0.5272021,-0.83720213,-0.6672022,-1.2272022,-0.6672022,-1.4972022,-0.83720213,-0.7872021,-0.17720215,-2.0372021,-1.1472021,-1.8572022,-1.5272021,-3.0372021,-2.327202,-1.0672021,-1.8672022,-7.477202,-3.597202,-0.87720215,-0.6072022,-0.09720215,-0.40720215,-3.9372022,-5.567202,-5.647202,-6.007202,-5.647202,-5.797202,-5.777202,-6.0572023,-5.957202,-5.987202,-5.067202,-7.5972023,-7.397202,-5.857202,-5.377202,-4.947202,-5.437202,-5.7872024,-4.937202,-4.947202,-4.837202,-4.927202,-5.417202,-5.947202,-5.0372024
0.42279786,0.33279786,0.06279785,0.07279785,-0.56720215,-0.14720215,-0.70720214,-0.7272022,-1.1972022,-0.89720213,-0.9172022,-0.027202148,-0.68720216,-0.9172022,-1.1772021,-1.1472021,-0.94720215,-0.88720214,-0.76720214,-1.3572022,-1.5372021,-2.1872022,-2.5272021,-2.2272022,-2.327202,-0.36720216,-0.5272021,-1.3572022,-0.62720215,-0.62720215,-0.11720215,-0.44720215,0.61279786,-4.927202,-5.817202,-6.067202,-6.0972023,-5.5772023,-5.607202,-5.3872023,-6.6172023,-5.257202,-5.7872024,-4.0172024,-5.667202,-6.377202,-5.8672023,-6.0972023,-5.447202,-5.5172024,-4.607202,-4.927202,-4.7872024,-4.877202,-4.947202,-5.377202,-5.257202,-4.487202
0.50279784,0.35279787,0.31279784,-1.0472021,-0.9172022,-0.80720216,-0.87720215,-0.5372021,-1.2972021,-1.1072022,-1.2572021,-0.33720216,-1.0572021,-0.9772022,-3.2672021,-0.76720214,-0.8472021,-1.0272021,-0.6572021,-1.2972021,-2.357202,-1.3272022,-1.5172021,-2.1472023,-2.577202,-2.057202,0.05279785,-1.8372022,-2.4672022,-0.28720215,-0.69720215,0.87279785,-3.7072022,-4.677202,-5.0372024,-5.0572023,-5.3072023,-5.487202,-5.357202,-5.357202,-5.3672023,-5.187202,-5.2872024,-4.627202,-4.567202,-5.797202,-6.087202,-6.087202,-4.437202,-4.987202,-4.707202,-4.897202,-4.667202,-5.567202,-5.397202,-5.197202,-5.317202,-6.0772023
