json/gfs_20240723_00.json
{"header": { "discipline":0, "disciplineName":"Meteorological products", "gribEdition":2, "gribLength":79374, "center":7, "centerName":"US National Weather Service - NCEP(WMC)", "subcenter":0, "refTime":"2024-07-23T00:00:00.000Z", "significanceOfRT":1, "significanceOfRTName":"Start of forecast", "productStatus":0, "productStatusName":"Operational products", "productType":1, "productTypeName":"Forecast products", "productDefinitionTemplate":0, "productDefinitionTemplateName":"Analysis/forecast at horizontal level/layer at a point in time", "parameterCategory":2, "parameterCategoryName":"Momentum", "parameterNumber":2, "parameterNumberName":"U-component_of_wind", "parameterUnit":"m.s-1", "genProcessType":2, "genProcessTypeName":"Forecast", "forecastTime":0, "surface1Type":103, "surface1TypeName":"Specified height level above ground", "surface1Value":10.0, "surface2Type":255, "surface2TypeName":"Missing", "surface2Value":0.0, "gridDefinitionTemplate":0, "gridDefinitionTemplateName":"Latitude_Longitude", "numberPoints":65160, "shape":6, "shapeName":"Earth spherical with radius of 6,371,229.0 m", "gridUnits":"degrees", "resolution":48, "winds":"true", "scanMode":0, "nx":360, "ny":181, "basicAngle":0, "lo1":0.0, "la1":90.0, "lo2":359.0, "la2":-90.0, "dx":1.0, "dy":1.0 }, "data":
[rows 26 to 51 of 181, columns 285 to 341 of 360]
2.8785377,2.8185377,4.5785375,-0.3614624,-0.2614624,1.7685376,5.448538,-0.1014624,1.0185376,0.1985376,-1.4814624,-2.0414624,-2.2614625,-1.5914624,-2.1114624,-2.0114625,-1.6314625,-0.7514624,0.1685376,1.0085377,2.0785377,2.2385375,2.8385377,4.0385375,-2.4114623,-1.1714624,-3.8314624,-4.0714626,-3.1814623,-1.7214624,0.018537598,2.6985376,4.2285376,5.5285378,2.2085376,-1.4914623,-1.6114624,-1.7614625,-1.6514624,-1.0814624,1.6885376,2.4385376,3.3785377,4.3985376,5.3785377,5.7885375,5.758538,5.7085376,5.5185375,5.9585376,6.4585376,6.1185374,5.0385375,1.8985376,1.1585376,1.2185376,-1.3314624
4.8785377,4.7785378,5.5885377,4.8585377,3.9385376,3.9685376,-0.5014624,-1.4214624,-4.3214626,-0.6514624,-1.7814624,0.5285376,-1.4714624,-1.1514624,-0.5814624,-0.6914624,-0.3314624,-0.2514624,-0.0114624025,0.4785376,1.1485376,1.6285377,2.2185376,3.3185377,2.3685377,0.6985376,-3.8614624,-3.1914625,-3.7914624,-3.8414624,-2.1514623,3.3985376,3.0085375,-1.3014624,-0.4414624,-3.4214623,-0.2014624,2.7985375,4.7685375,6.4785376,7.6685376,8.758537,9.438538,9.858538,10.208538,9.958538,9.368538,10.3085375,10.138537,9.828538,8.688538,8.958538,9.008537,8.668537,7.9385376,6.8085375,7.2985377
2.7185376,2.5085375,4.8985376,5.2785378,7.3285375,6.758538,4.5585375,2.1685376,0.6385376,0.2285376,0.3985376,0.6885376,1.1485376,0.6585376,0.6285376,0.4485376,0.0585376,-0.121462405,-0.5914624,-1.2314624,-1.4814624,-1.1314625,-0.7114624,-0.2814624,1.1985376,2.3885376,0.3685376,-3.4914625,-2.3414624,-2.6914625,-2.1814623,1.9985375,3.4885375,0.5785376,-0.2514624,2.6585376,3.6085377,3.7285376,4.8885374,6.0385375,6.718538,7.2285376,7.488538,9.088537,9.438538,9.728538,9.798537,9.678537,9.978538,11.118538,10.758537,10.358538,10.428537,10.328538,9.798537,8.598537,8.098537
1.0485376,0.8385376,1.4185376,0.3685376,1.5085377,5.5585375,5.8485374,3.8985376,2.8385377,2.2785375,0.8985376,1.2985376,1.9885375,1.6385376,1.5885376,1.1385376,-0.1614624,-1.4314624,-2.7014625,-3.3914623,-4.2314625,-4.2714624,-4.2914624,-4.6114626,-4.511462,-3.1714623,-0.4914624,-0.8514624,-0.6314624,1.9785376,-0.8214624,3.6385376,3.1685376,2.5385375,3.8885376,4.3485374,4.4985375,4.2885375,4.9985375,5.1785374,5.5985374,5.6785374,5.4185376,6.8585377,9.358538,9.838537,9.728538,9.578538,9.508537,10.118538,10.388537,10.368538,10.3085375,10.328538,9.978538,9.278538,8.0185375
2.2685375,2.6385376,1.9185376,2.1385376,0.14853759,-0.8414624,-1.7714624,0.2685376,1.1885376,1.3885376,1.3685375,1.4385376,3.8285377,4.3385377,2.8785377,2.1585376,0.3385376,-1.3314624,-2.8214624,-3.7214625,-6.3914623,-8.311462,-8.651463,-7.0714626,-6.051462,-5.9514623,-5.1014624,-4.781462,-3.7714624,-3.0714624,-2.9914625,0.9485376,4.738538,2.9685376,3.1385376,3.2985375,3.7685375,4.2085376,3.5885377,3.2685375,4.1585374,4.5785375,5.2685375,5.8185377,6.1485376,6.448538,7.0285378,7.5785375,8.3085375,8.508537,8.778538,8.738538,8.828538,9.108538,9.0585375,8.398538,8.158538
6.0285378,4.9385376,4.1585374,3.1485376,1.7785376,-2.1414623,1.1285377,1.2385375,0.3385376,2.0685377,3.0885377,-0.3714624,2.1185377,4.6085377,4.7485375,4.1885376,1.8285376,0.35853758,-0.5914624,-4.1114626,-5.8414626,-5.1914625,-5.1714625,-4.1614623,-3.0314624,-1.3414624,0.2985376,0.2485376,-0.4014624,-0.3514624,-0.53146243,0.5785376,1.1285377,0.5085376,1.1485376,1.8485376,2.1785376,1.8685375,1.8785377,2.8685377,2.5385375,3.2985375,4.4985375,5.6285377,5.488538,5.3885374,6.0285378,6.6185374,7.3485374,7.4185376,7.6885376,7.5685377,7.8885374,7.948538,7.968538,7.8385377,8.348537
3.7885375,4.3485374,3.2485375,4.2785378,5.0185375,0.4985376,-0.6014624,-0.78146243,0.7985376,2.4185376,5.1185374,5.1685376,-1.1014624,3.9185376,5.3585377,5.0785375,5.1885376,4.3985376,1.1185375,-0.5414624,-1.8414624,-3.3914623,-3.1514623,-2.1214623,-0.21146241,1.9585376,2.5185375,4.6385374,5.3685374,4.5685377,3.0485375,2.6485376,1.3785377,0.2285376,-0.2814624,1.0485376,1.3485376,1.2885376,0.6685376,0.9885376,2.1285377,1.8985376,3.2585375,4.2685375,4.2885375,4.6185374,4.9085374,5.3285375,5.968538,6.2885375,6.2285376,6.2285376,7.1185374,6.9785376,6.7085376,6.8685374,6.6785374
4.9385376,1.4485376,2.7885375,4.0885377,2.8385377,4.1585374,1.7985376,0.1685376,0.5685376,2.5885377,5.0985374,6.2085376,-1.3814625,1.1485376,6.008538,7.2485375,8.638537,7.7085376,5.0485377,3.1485376,1.2885376,2.0285375,1.0385376,2.0085375,2.3685377,2.9085376,1.5385376,1.7685376,1.9585376,3.4485376,5.1085377,5.4185376,3.8385377,1.9085376,0.7385376,1.2885376,0.5685376,-0.3414624,-0.3014624,0.4185376,1.3885376,1.2885376,1.7885376,2.4385376,2.5285375,2.3985376,2.8785377,4.0285378,3.8085375,4.258538,5.718538,6.448538,6.0285378,5.8785377,6.3785377,6.6685376,5.7085376
5.1485376,4.0885377,5.0685377,3.2185376,2.2385375,3.7885375,2.9685376,3.0285375,2.5185375,2.0085375,4.7685375,5.4185376,4.3085375,0.2185376,2.5885377,7.758538,10.0185375,9.648538,9.978538,9.5185375,9.068538,8.718537,7.4385376,6.8085375,7.6085377,6.2885375,5.1785374,6.6685376,3.3985376,2.6585376,3.5785377,4.6785374,3.6085377,2.2885375,1.5785376,1.2385375,0.32853758,-1.7014624,-0.7314624,-0.0314624,0.6585376,0.7785376,0.5485376,0.1685376,0.96853757,1.0785376,-0.1514624,0.7285376,0.7485376,1.8985376,2.4885375,2.8285377,2.9485376,3.2385375,3.3085375,3.1785376,2.9785376
3.3985376,3.0185375,3.3185377,2.3385377,3.1085377,4.6685376,0.9785376,3.0985377,4.1385374,5.1285377,3.7485375,4.758538,5.9385376,4.8985376,0.5985376,5.2485375,10.098537,13.328538,12.638537,13.328538,13.478538,11.898538,9.648538,7.4785376,7.0485377,7.0585375,7.5285378,6.2885375,6.1685376,2.9485376,2.6185377,6.0985374,3.5985377,3.1985376,2.3885376,1.9885375,0.3985376,-1.0614624,-1.9114624,-0.9614624,1.3285376,0.4885376,0.7585376,-0.4814624,-0.9414624,-0.5814624,-0.0714624,0.1885376,-0.081462406,0.1385376,0.0585376,0.1685376,0.2085376,0.008537598,0.5485376,0.4285376,-0.0014624023
3.8985376,3.2285376,2.4385376,3.9985375,2.9785376,3.5885377,2.7185376,1.9385376,2.0985377,2.8785377,5.5385375,6.4085374,6.1585374,5.948538,2.8385377,3.3285377,6.3785377,6.7685375,12.088537,12.508537,11.578538,8.198538,5.0385375,4.3685374,4.6685376,6.2985377,6.5785375,7.0485377,5.8685374,4.238538,4.3185377,3.9385376,5.3985376,4.9785376,4.198538,3.1285377,0.7885376,-0.121462405,-1.7914624,-0.8114624,0.8985376,0.6585376,-0.3214624,-0.5814624,-1.2614625,-1.9214624,-0.8014624,-3.0314624,-1.7614625,-1.2514625,-1.2714624,-0.8414624,-0.4814624,0.5385376,0.3885376,0.2285376,-0.7514624
3.3385377,3.3885376,2.5785377,1.6685376,3.4485376,3.6785376,3.1185377,2.4885375,2.7985375,3.4085376,2.2985375,2.2285376,3.8585377,3.6885376,3.8285377,3.1385376,4.7485375,5.0585375,5.8885374,4.7085376,2.6185377,2.0385375,1.2185376,1.7885376,4.8785377,5.2685375,6.4285374,6.758538,5.6885376,4.5185375,4.7285376,4.7885375,5.508538,4.6785374,5.008538,4.758538,2.6185377,-0.3314624,0.1385376,0.1085376,-0.2214624,-0.081462406,0.088537596,0.6585376,0.5385376,-1.1214623,0.1685376,-1.6914624,0.2085376,-0.4014624,-1.0414624,-1.2114624,-1.6114624,-0.1514624,0.6885376,0.7985376,0.9085376
1.2085376,2.2285376,3.4185376,4.3285375,1.6385376,1.8585376,1.5585376,0.8785376,2.6085377,3.0485375,3.5285375,2.6785376,3.3985376,2.5585375,3.7885375,4.4985375,4.0485377,4.3485374,7.0185375,8.198538,7.3085375,6.9285374,5.1085377,6.1685376,3.5185375,4.8885374,4.1685376,4.448538,5.0385375,4.2685375,4.8885374,4.8685374,7.6585374,6.3885374,5.3785377,7.5185375,3.0985377,0.7785376,0.4385376,1.5885376,1.4585376,1.4885375,-2.2614625,0.4785376,0.5285376,-0.0514624,1.7885376,1.8385376,2.2485375,1.5785376,1.6685376,0.8785376,1.1285377,1.1685376,1.8785377,2.6385376,3.6085377
1.0885376,0.6585376,1.1585376,3.2085376,3.7285376,1.3685375,0.2385376,2.1985376,1.8985376,1.3285376,1.8385376,2.4185376,2.9985375,3.4185376,3.8785377,2.6685376,8.3085375,8.588537,8.418537,4.6085377,8.098537,7.7985377,7.0585375,6.5985374,5.5285378,5.008538,2.2485375,1.8985376,3.3985376,5.2485375,4.8985376,6.5385375,7.448538,7.4785376,7.3985376,7.1185374,4.0885377,1.4685376,1.7585377,1.6885376,1.8485376,-2.0214624,-3.1514623,-0.4914624,1.5185376,0.8485376,0.4885376,-1.1514624,1.5285376,1.8285376,3.4585376,3.7685375,2.6185377,3.0685377,2.6785376,3.2185376,4.5885377
-0.021462403,0.8185376,0.6185376,1.3585376,2.1185377,2.0985377,1.6785376,0.9285376,2.4685376,7.8485374,2.6485376,4.4985375,6.0585375,8.228538,9.898538,10.658538,11.318538,9.448538,10.678537,5.7085376,7.5285378,7.0485377,5.5285378,4.5585375,6.5185375,4.7985377,6.7085376,1.2585377,3.5285375,3.7485375,7.3485374,7.5185375,7.7485375,7.5185375,7.5185375,7.2785378,4.0585375,2.8185377,2.6485376,2.0685377,-0.53146243,-5.7214622,-3.9014623,-3.3714623,-0.4514624,-1.0014625,-1.3914624,-2.2814624,-0.7314624,0.7285376,0.2685376,3.3785377,3.3685377,2.5785377,2.7885375,2.9585376,3.4885375
0.8385376,0.2985376,0.9485376,0.9785376,1.0385376,2.6485376,3.2585375,5.2285376,6.8985376,3.0485375,3.8885376,9.478538,10.698538,8.958538,6.1285377,5.3985376,8.048537,4.2985377,8.428537,5.1385374,5.4285374,5.1785374,7.1785374,7.0885377,9.828538,6.1785374,4.5585375,4.0985374,4.0185375,4.3085375,5.3785377,6.0885377,7.0385375,8.098537,7.488538,7.0585375,5.2885375,3.5785377,2.4885375,-1.8114624,-4.9614625,-5.5014625,-4.801462,-1.2014624,1.2285376,-3.1714623,-5.1514626,-5.2214622,-3.7414625,-2.3414624,-0.0914624,1.4485376,3.4885375,3.1785376,3.5885377,3.2185376,2.7685375
-0.6014624,0.4785376,-0.5414624,-1.1514624,0.6685376,1.8285376,1.9185376,1.6685376,2.8885376,7.698538,7.5285378,9.388537,-0.1514624,3.5985377,6.6885376,7.0285378,4.718538,7.2685375,6.4985375,7.1185374,6.1485376,5.448538,8.608538,9.718537,7.4585376,5.5585375,5.0385375,4.698538,4.718538,5.0185375,5.1285377,5.2285376,5.8985376,7.5885377,7.3985376,7.1685376,5.8185377,4.448538,3.4285376,-2.2214625,2.3385377,2.1785376,2.9885375,5.7485375,3.9285376,3.1885376,1.8785377,0.8085376,-1.9914623,-2.0514624,-1.7414623,-1.2114624,-0.3214624,1.8685375,2.7485375,2.7385375,3.8685377
-1.2314624,-0.1714624,-0.4114624,-0.2514624,2.0785377,2.2985375,-0.9614624,-0.6814624,0.2385376,1.3985376,2.2585375,3.2485375,5.258538,7.1385374,6.508538,4.5785375,5.738538,7.5985374,9.498538,7.8585377,7.8385377,7.1385374,6.008538,8.108538,6.9785376,5.988538,5.8085375,4.6785374,4.5385375,4.6885376,5.1185374,4.448538,4.988538,6.2885375,6.3585377,6.6385374,6.5985374,5.7985377,7.1585374,8.778538,7.0285378,6.1585374,6.1685376,6.1585374,5.238538,3.9285376,3.1685376,3.9185376,3.4185376,1.8285376,1.6585376,-0.6614624,0.0685376,-0.8614624,-0.3814624,-0.1314624,0.2285376
-0.6214624,1.2085376,0.7085376,-0.1714624,1.2985376,1.4385376,1.3485376,1.4385376,1.1685376,1.3185376,1.7085376,2.7985375,6.0285378,5.0685377,1.9085376,2.1985376,4.1085377,4.0485377,4.6585374,6.0385375,7.008538,7.0885377,6.2685375,5.6585374,5.9785376,5.8885374,5.5185375,4.6485376,3.9085376,3.9885375,4.0185375,4.698538,5.7685375,5.968538,5.3485374,5.0385375,5.0785375,6.1185374,6.2485375,7.6585374,7.1685376,6.8785377,7.3085375,6.2785378,4.8085375,4.4585376,4.2685375,3.8585377,3.9385376,3.4785376,4.0785375,4.3785377,4.1585374,4.0585375,3.1185377,2.4485376,2.7285376
-2.1814623,-2.3214624,-1.2814624,-1.1114624,-0.061462402,-0.2014624,0.7285376,0.7385376,2.2985375,4.1185374,2.3185377,0.9585376,0.8185376,3.9285376,7.6885376,7.008538,6.2985377,7.4385376,6.6285377,5.9185376,5.7085376,5.7285376,6.3185377,5.8985376,8.028538,5.9985375,4.508538,3.6685376,3.4185376,3.8085375,3.3985376,3.8285377,3.8885376,4.198538,4.4285374,5.1585374,4.9985375,4.5685377,5.4185376,6.948538,6.8485374,6.6385374,5.8885374,5.258538,5.2885375,4.4085374,4.7885375,4.1685376,4.0485377,4.4385376,4.0785375,3.8685377,3.8585377,3.9285376,4.2085376,4.6585374,4.3585377
0.3985376,-0.1514624,-0.6314624,-0.9614624,-0.24146241,-0.8714624,0.6285376,0.9485376,2.9485376,0.8285376,2.2385375,7.6785374,6.008538,7.4185376,6.2785378,6.2685375,5.9285374,5.6585374,5.8485374,5.4585376,5.198538,5.1085377,5.3385377,5.6285377,5.6885376,5.3585377,3.5485375,3.6985376,3.2385375,1.9785376,1.0985376,1.6985376,2.7485375,3.1985376,3.7385375,4.2085376,4.758538,5.0385375,5.218538,6.2285376,6.1385374,5.5585375,4.7485375,4.3085375,4.5985374,3.9585376,3.4385376,4.1685376,4.0885377,4.218538,3.5085375,3.7885375,3.7985375,3.7685375,3.4885375,3.1985376,2.7885375
-0.4914624,0.6385376,0.8785376,1.9185376,-0.6914624,-2.4114623,-1.3914624,0.2185376,1.5285376,1.7585377,3.1485376,5.1185374,6.3185377,6.2085376,6.0485377,5.5185375,5.6085377,5.0985374,4.738538,4.7285376,5.0585375,4.4385376,4.6085377,5.0985374,4.4585376,3.3785377,3.2185376,3.1685376,2.2185376,0.7285376,0.8885376,1.3985376,1.6785376,1.5885376,2.0185375,2.7385375,3.3185377,5.5185375,5.6585374,6.0985374,5.5185375,4.6085377,4.4085374,3.8985376,3.1885376,2.5985377,2.6485376,3.0485375,3.3185377,2.4285376,2.2585375,2.1285377,2.2585375,2.2785375,1.9285376,1.7785376,1.4385376
-0.5014624,-0.4814624,1.1285377,1.0785376,1.2985376,2.3485377,2.8985376,2.2985375,1.9685376,2.5285375,3.0285375,3.8485377,4.488538,4.6185374,4.8385377,4.8685374,4.3685374,2.5085375,2.2785375,2.0285375,3.4285376,2.3985376,1.8185376,3.5985377,2.7585375,1.7785376,2.6485376,1.9685376,4.5985374,4.6585374,1.6085376,3.5285375,3.2685375,3.9085376,2.9985375,5.9985375,5.7785378,6.2085376,5.5585375,4.9585376,4.7085376,4.4785376,3.8885376,3.1785376,2.7285376,1.7985376,1.8885376,2.2785375,1.7585377,0.5485376,-0.6614624,-0.9414624,-1.0614624,-0.5614624,0.0785376,-0.3714624,-0.5914624
-0.21146241,-1.0514624,-0.9214624,-0.24146241,-0.0314624,1.0985376,1.2685376,2.0485375,3.0285375,3.4785376,2.1285377,1.8485376,2.4185376,3.0685377,3.2785375,3.1885376,3.0285375,1.4385376,1.3985376,-0.7914624,1.4785376,1.1185375,1.8785377,2.5885377,1.9185376,2.2185376,1.6285377,3.2685375,3.7885375,4.0285378,4.7785378,5.758538,5.2485375,5.0485377,5.8885374,6.8185377,5.4985375,5.3885374,4.9985375,4.4285374,4.0585375,3.3885376,3.5285375,2.5085375,1.5485376,0.9985376,1.3985376,0.6285376,-0.42146242,-2.2414625,-1.3914624,-3.1714623,-3.7314625,-1.9114624,-1.5114625,-1.0314624,0.2885376
-0.8214624,-1.3314624,-3.1914625,-1.1614624,-2.3714623,-1.2114624,-0.3514624,0.3885376,1.0585376,1.4685376,1.0385376,0.098537594,0.4285376,1.1585376,1.1285377,1.3385376,1.6185375,1.2685376,0.9785376,3.9485376,-0.5814624,-0.4814624,-0.2814624,0.9385376,2.1685376,2.0885377,2.7685375,3.8785377,5.0385375,6.4085374,5.6485376,6.4585376,5.9085374,6.6385374,6.1485376,5.468538,5.218538,4.8185377,4.6385374,4.2285376,3.7585375,2.9885375,2.5185375,1.5185376,-0.0114624025,0.6985376,0.0385376,-0.8914624,-0.2614624,-2.2014625,0.0385376,-0.4514624,-4.4314623,-3.7514625,-2.2614625,-1.8814625,-1.6814624
-1.5714624,-0.0314624,0.1985376,-2.3314624,-2.8314624,-3.9514625,-2.5514624,-1.5014625,-0.6014624,-0.6614624,-1.1114624,-0.9714624,-0.0014624023,0.5485376,1.1185375,1.9185376,0.2085376,0.048537597,5.5885377,7.3285375,6.468538,6.1785374,4.8685374,2.0085375,2.2385375,5.3985376,5.7685375,5.3785377,5.6185374,6.6385374,6.5885377,6.3785377,6.4285374,5.9385376,5.2985377,4.8185377,4.698538,4.6585374,2.7985375,2.6785376,2.2485375,1.8585376,1.2085376,0.4385376,-0.7314624,-1.4314624,-0.5514624,-0.1014624,0.0785376,-0.7114624,0.2385376,1.2985376,-1.5914624,-3.6814623,-2.7914624,-1.9814624,-2.1314623
