json/gfs_20240718_00.json
{"header": { "discipline":0, "disciplineName":"Meteorological products", "gribEdition":2, "gribLength":79603, "center":7, "centerName":"US National Weather Service - NCEP(WMC)", "subcenter":0, "refTime":"2024-07-18T00:00:00.000Z", "significanceOfRT":1, "significanceOfRTName":"Start of forecast", "productStatus":0, "productStatusName":"Operational products", "productType":1, "productTypeName":"Forecast products", "productDefinitionTemplate":0, "productDefinitionTemplateName":"Analysis/forecast at horizontal level/layer at a point in time", "parameterCategory":2, "parameterCategoryName":"Momentum", "parameterNumber":3, "parameterNumberName":"V-component_of_wind", "parameterUnit":"m.s-1", "genProcessType":2, "genProcessTypeName":"Forecast", "forecastTime":0, "surface1Type":103, "surface1TypeName":"Specified height level above ground", "surface1Value":10.0, "surface2Type":255, "surface2TypeName":"Missing", "surface2Value":0.0, "gridDefinitionTemplate":0, "gridDefinitionTemplateName":"Latitude_Longitude", "numberPoints":65160, "shape":6, "shapeName":"Earth spherical with radius of 6,371,229.0 m", "gridUnits":"degrees", "resolution":48, "winds":"true", "scanMode":0, "nx":360, "ny":181, "basicAngle":0, "lo1":0.0, "la1":90.0, "lo2":359.0, "la2":-90.0, "dx":1.0, "dy":1.0 }, "data":
[rows 52 to 77 of 181, columns 236 to 294 of 360]
-5.7289305,-3.6989307,0.95106936,-3.1289306,1.5310693,7.0610695,-1.0389307,7.5710692,4.111069,2.1110694,4.5010695,6.0710692,-0.18893066,-4.2189307,-4.038931,-4.658931,3.3010693,-3.9389307,1.3210694,-1.7989306,9.74107,-9.918931,1.9910693,-0.32893068,0.46106935,0.6210693,-4.7389307,-4.098931,-5.2589307,-3.7189307,-5.3989305,-3.7889307,-4.2389307,-4.3389306,-5.6889305,-5.7289305,-4.538931,-3.8189306,-1.6689306,-0.19893067,-0.72893065,0.37106934,-0.5089307,0.91106933,0.72106934,0.85106933,0.9810693,-3.8289306,9.11107,8.661069,9.181069,9.03107,9.371069,10.341069,10.351069,9.78107,9.051069,8.051069,7.591069
-5.118931,-6.078931,1.0610694,-2.9289308,-3.6389306,2.2010694,5.1810694,4.841069,5.131069,-0.30893067,5.2610693,1.8710693,5.4910693,0.46106935,0.13106933,-2.1689308,-3.9689307,-3.8589306,4.4510694,3.7210693,8.101069,5.7310696,2.7510693,-1.1489307,-0.35893068,-1.6789306,-4.348931,-5.1689305,-4.4389305,-4.8789306,-6.3589306,-3.7989306,-4.408931,-1.2989306,-3.1589308,-2.4989307,-2.0889306,-1.0089307,-1.1789306,-0.33893067,-0.028930664,0.20106934,-0.86893064,-2.5389307,0.51106936,1.2910694,-0.9489307,4.7310696,7.2910695,10.511069,9.931069,8.641069,9.761069,9.631069,9.101069,8.581069,8.171069,7.7910695,7.441069
-5.828931,-7.2089305,-11.22893,-1.3889307,-3.4789307,-2.7689307,5.381069,1.5910693,2.5310693,5.1810694,6.361069,0.25106934,-1.9289306,3.8210692,-2.2089307,-1.6789306,11.641069,4.611069,0.24106933,-0.26893067,-2.2889307,-1.2289307,-1.1789306,-2.0589306,-1.8789307,-2.8489306,-1.5989307,-2.7289307,-4.368931,-2.6989307,-1.5689306,-0.86893064,-0.8189307,-0.058930665,-1.5489306,-0.26893067,-0.17893067,-0.9589307,-0.8789307,0.65106934,1.6810694,1.7510693,-0.59893066,0.71106935,0.9210693,2.5910692,5.7010694,4.9810696,8.381069,9.511069,7.6010695,9.44107,8.951069,8.57107,8.23107,8.791069,7.5210695,7.3310695,6.901069
-6.538931,-7.348931,-7.638931,-5.7289305,-0.038930666,-3.0189307,-1.2489307,0.16106933,-0.9989307,5.631069,-2.5189307,-1.0189307,-5.5289307,3.0210693,12.621069,4.3010693,-2.6389306,-7.408931,-6.4189305,-9.88893,-12.418931,-1.0289307,-0.36893067,0.6710693,0.6110693,-3.3689306,-4.638931,-2.8789306,-1.2689307,-1.9689307,-0.60893065,-1.4589306,-1.5789306,-0.08893067,-1.6389307,-4.0289307,-0.6289307,2.9210694,2.2010694,-0.8189307,-0.66893065,-0.84893066,1.0910693,2.3810694,1.7010694,4.671069,5.3110695,4.5010695,9.44107,6.6810694,6.9510694,9.11107,8.871069,7.9710693,7.4310694,7.0110693,6.841069,5.591069,4.1410694
-6.7289305,-6.598931,-6.8389306,-7.1689305,-3.3689306,-2.6989307,3.5710692,0.13106933,5.8210692,6.0210695,1.4510694,-1.7489307,4.1810694,-2.7689307,-2.0489306,-3.8889306,-3.2289307,5.1210694,8.57107,2.5110693,3.0310693,2.1610694,0.021069337,-1.4689307,-3.1889307,-5.2289305,-6.7489305,-2.1189306,-3.0389307,0.5510693,0.13106933,-2.0489306,-2.3889306,-3.3289306,-1.7289307,1.4310694,1.2910694,-0.17893067,-2.4389307,1.0010693,0.40106934,0.82106936,2.3010693,2.5010693,4.9510694,4.5410695,5.9510694,11.221069,9.171069,7.9910693,8.291069,8.751069,7.4110694,7.2210693,6.651069,6.171069,5.0810695,4.4310694,5.0410695
-5.888931,-6.3389306,-6.6489305,-6.7589307,-5.788931,-4.9189305,-2.7289307,0.78106934,1.4810693,6.091069,6.2410693,2.6910694,-2.1089306,-0.92893064,1.3210694,8.98107,5.381069,6.111069,-0.38893068,4.4710693,5.2610693,5.3510695,-0.40893066,-0.71893066,5.881069,6.3110695,1.7510693,-3.0689306,-3.2789307,-2.1789308,-7.558931,-0.6389307,-0.29893067,1.9810693,-0.028930664,2.1010695,1.0310693,2.0610693,1.6810694,1.5610694,2.5110693,2.5810692,-0.53893065,1.9310694,4.5110693,10.27107,9.74107,8.661069,8.661069,7.8110695,7.1810694,6.7310696,6.3010693,5.3010693,4.9710693,3.9110694,5.611069,5.2310696,5.6010695
-7.2389307,-6.808931,-6.808931,-6.3589306,-5.5289307,-4.5189304,-3.6689308,-4.058931,-0.0089306645,6.8010693,7.0310693,4.3310695,0.34106934,-2.9489307,0.45106933,3.3710694,3.9810693,3.4410694,2.7510693,2.0410693,3.4810693,5.3510695,-4.7189307,-6.2389307,5.211069,3.9810693,-4.5489306,-1.0289307,-3.9689307,1.8510693,1.4310694,2.4310694,2.4310694,4.941069,2.2610693,0.17106934,1.5610694,2.2810693,3.4610693,-0.24893066,0.21106933,2.2010694,0.09106933,2.9610693,8.701069,8.40107,8.011069,7.8310695,7.7410693,7.2510695,6.2810693,5.0110693,4.4510694,4.9310694,4.7010694,5.2810693,5.2810693,4.7010694,4.7210693
-6.328931,-6.7389307,-6.8389306,-6.2989306,-5.7689304,-5.3389306,-4.618931,-5.0189304,0.26106933,0.6810693,2.5410693,2.2310693,1.7510693,0.64106935,0.35106933,1.7110693,3.0910692,1.7110693,-0.55893064,-3.2289307,-1.9289306,4.651069,3.3410692,1.3210694,-13.738931,-1.1489307,-0.86893064,-1.1789306,0.6710693,1.7710693,2.1310694,3.1410694,2.6210694,-1.0089307,2.0410693,1.5110693,2.2710693,1.0010693,2.1110694,2.1710694,2.3310692,0.91106933,1.7610693,9.02107,7.8310695,7.421069,7.0810695,6.6810694,5.9510694,4.5510693,2.9210694,3.5510693,3.4210694,3.7610693,3.9310694,4.381069,4.2410693,5.1810694,5.3510695
-5.8189306,-5.598931,-5.6089306,-5.6889305,-5.8189306,-5.4389305,-5.1489305,-4.6489305,-4.4189305,4.191069,2.1610694,4.361069,3.3610694,0.66106933,1.6210693,0.57106936,-2.3889306,4.401069,4.3210692,6.7510695,3.2310693,0.7410693,4.1410694,6.111069,3.4510694,3.1110694,3.4710693,5.7010694,3.7110693,4.111069,3.7010694,2.2810693,2.5910692,1.6410693,2.4010694,5.1610694,3.6710694,4.3210692,3.4710693,2.9710693,2.4310694,0.061069336,0.31106934,8.49107,6.8910694,5.151069,5.151069,4.8110695,3.6810694,2.3610694,2.5810692,2.4510694,2.6310694,3.3410692,4.0810695,4.461069,4.8110695,4.9110694,5.131069
-4.788931,-4.8189306,-5.368931,-6.0689306,-5.1689305,-5.0689306,-5.578931,-5.078931,-4.7589307,-2.1689308,4.941069,3.7310693,4.881069,2.1410694,0.72106934,-1.0089307,3.6310694,-0.35893068,0.94106936,2.7010694,-1.3489307,6.4310694,4.7010694,4.3910694,3.9810693,5.461069,4.0710692,5.7310696,4.091069,3.6810694,4.211069,2.6810694,1.5910693,3.4110694,1.8510693,1.9610693,1.3410693,1.1110693,2.6010695,3.6210694,2.8110693,2.4310694,0.7410693,1.5210693,4.2710695,3.8610694,3.8210692,2.1610694,1.4310694,1.8110694,1.4210694,1.3110694,1.7910694,3.4510694,3.6810694,3.9710693,3.7610693,4.4310694,4.5710692
-4.538931,-4.7789307,-5.3589306,-5.408931,-5.558931,-5.638931,-4.848931,-4.6089306,-4.788931,-1.5189307,-6.638931,0.49106935,5.0710692,3.4710693,1.0710694,-0.49893066,2.1710694,1.9210694,-1.5089307,1.5110693,-1.6889306,4.4710693,2.4110694,2.5010693,5.3710694,5.9810696,4.421069,5.111069,3.3210692,2.2610693,1.0510694,0.48106933,0.96106935,1.1410693,0.71106935,0.53106934,-0.098930664,0.60106933,1.8110694,2.0810692,1.7210693,0.82106936,-0.85893065,0.57106936,2.0510693,2.2210693,1.6710694,0.65106934,1.3110694,0.6810693,0.96106935,1.9910693,2.6610694,3.5610693,4.3110695,3.8810694,3.6710694,2.6610694,2.6610694
-4.8189306,-4.888931,-4.6089306,-4.9489307,-5.348931,-5.0689306,-4.9189305,-4.4989305,-5.2489305,-6.1689305,-0.10893066,5.1210694,-0.53893065,-0.0089306645,1.5910693,-3.9089308,1.1010693,2.0210693,0.71106935,2.9910693,-0.60893065,1.4310694,-0.06893066,3.8810694,4.6010695,3.1910694,3.4210694,3.6210694,2.9410694,1.5010693,0.27106935,-0.048930664,-0.71893066,0.24106933,0.7310693,0.82106936,0.11106934,1.2610693,1.9310694,2.1910694,1.8510693,-0.5089307,0.76106936,0.6110693,0.25106934,-1.0489306,0.64106935,0.94106936,1.1110693,0.5510693,1.2610693,2.2510693,2.6210694,3.8510695,4.0110693,3.6010695,3.2110693,3.4110694,4.401069
-4.848931,-4.638931,-5.2489305,-5.2089305,-5.2789307,-5.4789305,-5.2589307,-4.5289307,-5.2789307,-5.7089305,-4.788931,-1.7789307,-0.43893066,1.1610694,0.33106935,-1.4889307,2.9210694,-0.47893065,-1.4989307,-2.2989306,0.121069334,-2.6289306,-4.2089305,-3.5689306,2.0410693,4.381069,5.0710692,3.9910693,0.95106936,1.2210693,-0.40893066,-0.86893064,-0.40893066,-0.5189307,0.26106933,-0.07893066,0.37106934,2.2410693,1.4310694,0.48106933,-1.0989307,-1.1289307,-5.408931,-2.2589307,-0.7589307,-1.0489306,1.2810693,1.1310693,1.4010693,1.4210694,1.9110694,2.4410694,2.9410694,3.5110693,3.4610693,3.2410693,3.2410693,3.3410692,4.6210694
-5.408931,-5.848931,-5.4789305,-5.0489306,-5.1689305,-5.4689307,-5.4889307,-5.1089306,-4.6489305,-4.808931,-4.9189305,-4.0689306,-3.1589308,-2.2289307,-0.6289307,-0.30893067,0.5510693,2.3010693,0.07106934,-3.1089306,-6.6289306,-6.2089305,-1.7189307,-0.7089307,-0.21893066,2.6210694,4.7410693,3.8310692,2.4110694,0.9910693,0.30106935,0.16106933,-0.5089307,0.17106934,-0.6989307,-1.5789306,0.021069337,0.7910693,-0.20893067,-0.77893066,-1.6289307,-1.2189307,0.031069336,1.0710694,-2.4689307,-0.9989307,1.0110693,1.3010694,0.97106934,1.2610693,1.3210694,2.3710694,2.5110693,2.8710694,3.0110693,2.5110693,3.9710693,4.7910695,3.3210692
-5.7389307,-4.7589307,-4.7089305,-4.848931,-5.2189307,-5.1689305,-5.7289305,-5.2989306,-4.388931,-4.5089307,-4.7389307,-4.4589305,-3.6589308,-1.9689307,0.63106936,1.3810693,-1.0889306,-0.80893064,0.36106932,1.2110693,-3.7689307,0.031069336,4.0310693,-1.8589307,-3.0489306,0.8610693,1.8710693,1.9110694,0.88106936,0.15106934,-0.27893066,-0.29893067,0.041069336,-0.24893066,-1.3289306,-1.9389306,-0.79893064,0.32106933,-1.5189307,-2.7989306,-2.8989305,-2.9289308,-1.6189307,-2.2289307,-1.9589306,0.18106933,2.1810694,0.90106934,1.0310693,1.2310693,2.2510693,2.6710694,2.2010694,2.5610693,2.1310694,1.9610693,3.3110693,2.6010695,2.6410694
-4.8989305,-4.0689306,-4.4289308,-4.4489307,-4.1289306,-4.6989307,-4.1689305,-4.0089307,-4.038931,-4.2089305,-4.408931,-4.7589307,-4.3389306,-3.3389306,-4.388931,4.7310696,-2.2689307,-1.1289307,-0.06893066,0.22106934,-5.348931,-2.6789308,1.1110693,1.6310693,2.1210694,2.4010694,0.78106934,1.0610694,0.47106934,0.14106934,-0.21893066,0.14106934,-0.0089306645,-0.55893064,-1.8589307,-2.1089306,-0.9589307,-1.0989307,-2.9289308,-3.5589306,-3.5389307,-1.6989306,-1.3389306,-1.0689306,-1.3389306,-0.77893066,-0.20893067,0.9310693,1.2210693,0.8110693,1.6110693,1.8110694,1.9110694,2.0010693,2.1410694,1.3710693,0.10106934,-0.11893067,0.78106934
-4.4689307,-3.9289308,-4.2989306,-3.6689308,-3.1089306,-2.1489305,-2.3789306,-2.9089308,-3.6989307,-3.8789306,-4.4589305,-3.9789307,-3.8689306,-4.0689306,-4.808931,-3.5489306,-0.5189307,-1.7589307,0.39106932,0.63106936,0.44106933,-1.0789306,1.1810694,0.49106935,2.4710693,0.78106934,0.43106934,0.76106936,0.47106934,0.46106935,0.7310693,0.32106933,-0.66893065,-1.9889307,-2.6289306,-2.8289306,-2.0389307,-1.5089307,-2.8889306,-2.6489305,-0.06893066,0.9310693,0.85106933,1.1310693,-1.3189306,-1.5889306,-0.34893066,-0.18893066,0.21106933,0.64106935,0.7910693,0.07106934,1.0110693,1.3510693,0.5510693,-0.17893067,-0.66893065,-0.7589307,0.83106935
-3.7689307,-4.4489307,-3.6989307,-3.4889307,-3.4189308,-3.0589306,-3.4889307,-2.6089306,-2.1489305,-2.2889307,-2.7189307,-2.7089307,-3.5089307,-4.7389307,-4.3589306,-4.3589306,-2.7689307,-2.0489306,-2.2989306,-0.24893066,2.7310693,1.8710693,-0.38893068,-5.3589306,-3.5889306,-1.6389307,0.57106936,0.43106934,1.0410694,1.3710693,0.7510693,-0.5189307,-3.3689306,-5.618931,-2.9089308,-2.0389307,-1.5989307,-0.72893065,-1.5789306,0.081069335,0.5610693,0.8010693,2.2810693,4.2510695,3.8510695,2.6910694,-1.5089307,0.061069336,-0.89893067,1.6710694,0.83106935,-0.85893065,0.69106936,1.8310694,0.6810693,-0.12893066,-1.0389307,-0.32893068,1.4310694
-4.8989305,-4.098931,-3.9689307,-4.308931,-4.2289305,-4.328931,-2.6389306,-2.1789308,-1.5089307,-1.3889307,-1.5389307,-2.6889307,-3.7189307,-4.6089306,-4.4489307,-5.1989307,-5.5889306,-4.4989305,-3.1789308,0.5010693,1.7510693,1.0410694,2.9710693,0.58106935,-1.5989307,-3.1989307,-0.92893064,-0.37893066,0.88106936,0.041069336,-2.2289307,-3.1989307,-6.1289306,-9.788931,-1.0989307,-0.9389307,-0.16893066,-2.7989306,-0.64893067,-0.43893066,0.43106934,-0.19893067,0.83106935,0.77106935,1.6910694,1.5610694,3.1210694,0.60106933,0.95106936,2.1110694,-4.038931,-2.6789308,-1.6089307,1.8410693,1.4410694,-0.5189307,-1.2289307,-0.80893064,0.6710693
-5.1989307,-4.4489307,-4.7689304,-4.3589306,-3.2389307,-0.9389307,-1.6789306,0.001069336,0.69106936,-0.32893068,-1.0489306,-2.2989306,-3.4289308,-4.1789308,-4.7489305,-5.2589307,-5.4189305,-5.388931,-5.058931,-0.61893064,2.2410693,0.8110693,-0.25893065,0.9910693,0.22106934,0.45106933,3.3510695,-0.35893068,-1.7889307,-2.0489306,-4.098931,-5.6989307,-5.4489307,-2.6489305,-1.9589306,1.1410693,-0.35893068,-2.6689308,-0.11893067,0.061069336,0.121069334,0.88106936,0.33106935,0.47106934,0.20106934,-0.13893066,1.0110693,1.5310693,-0.5089307,-1.4789307,-4.6689305,-2.4689307,-0.39893067,-0.8889307,-0.92893064,0.21106933,-1.9089307,-1.2789307,0.24106933
-2.8089306,-3.0789306,-2.0289307,-0.58893067,-0.73893064,0.19106933,0.5610693,2.1810694,2.2310693,0.35106933,-0.84893066,-2.1989307,-3.0389307,-3.8589306,-5.158931,-5.7189307,-5.9289308,-6.0689306,-6.4489307,-2.7689307,2.5310693,1.1410693,3.1210694,-0.36893067,-0.7489307,-0.59893066,-0.028930664,-1.0189307,-1.5789306,-0.26893067,-2.7489307,1.5710694,-1.3089306,-0.27893066,1.0510694,0.5410693,-1.8989307,-2.0789306,0.001069336,-0.7089307,1.1510693,0.46106935,0.19106933,0.041069336,-0.71893066,-0.39893067,3.7210693,-0.27893066,-0.52893066,0.48106933,-0.5689307,1.8310694,4.0010695,-0.66893065,-0.73893064,-1.5589306,0.97106934,1.3310694,-1.6889306
3.3310692,0.77106935,-0.42893067,-1.3989307,-1.2089306,1.6510693,0.70106936,1.8910693,2.1010695,0.65106934,-1.4489306,-2.3389306,-3.5889306,-4.7289305,-5.788931,-6.6689305,-6.8989305,-6.2389307,-5.5289307,-4.138931,1.6510693,2.4010694,3.2310693,0.91106933,0.5410693,0.90106934,0.7910693,0.91106933,-1.2789307,-3.2889307,-1.1589307,-1.3789307,0.081069335,-0.038930666,-0.55893064,-1.1489307,-2.3189306,-2.3089306,-2.2589307,-0.77893066,-0.58893067,-0.85893065,-0.5789307,-1.1689306,-0.52893066,-0.66893065,-0.58893067,-1.4989307,-1.8389306,-1.2189307,-0.6989307,-0.34893066,-1.7389307,-2.5889306,-1.6289307,-0.6889307,0.5010693,0.07106934,-1.5389307
6.6010695,4.0610695,0.72106934,-0.8289307,-0.84893066,0.71106935,0.23106934,1.2010694,1.5810694,-0.07893066,-1.7689307,-2.4789307,-3.7689307,-4.5089307,-5.5489306,-6.158931,-6.4489307,-5.7189307,-4.2489305,-4.4989305,0.8110693,2.2510693,1.7010694,1.2910694,0.71106935,2.0610693,1.2210693,0.8110693,0.9910693,-6.7089305,0.83106935,-0.23893066,-0.72893065,0.91106933,-1.1389307,0.13106933,-3.3989305,-1.9489306,-1.5089307,-0.5089307,-1.9889307,-1.5489306,-1.9189306,-2.1189306,-2.1989307,-2.4189308,-2.6889307,-2.4289308,-2.2989306,-2.3389306,-2.5289307,-3.0789306,-3.2989306,-2.1289306,-1.1689306,-0.28893065,0.20106934,-0.21893066,0.19106933
5.1810694,4.2910695,1.4510694,-0.07893066,-0.22893067,-1.0389307,0.041069336,-0.58893067,0.31106934,-0.5089307,-2.4789307,-2.8389306,-3.7689307,-4.158931,-5.3789306,-6.2089305,-5.2789307,-4.7389307,-4.0289307,-1.6489307,-0.9489307,0.9810693,0.7410693,0.48106933,0.64106935,1.2810693,2.3310692,1.6210693,2.7110693,-0.98893064,2.3810694,-0.06893066,0.63106936,-0.60893065,-2.0689306,-1.4489306,-1.9989307,-1.5189307,-1.2489307,-1.6689306,-2.1489305,-2.8589306,-3.3789306,-2.7389307,-3.0289307,-2.6889307,-2.4889307,-2.7589307,-2.9889307,-3.4089308,-3.4189308,-3.5689306,-3.2989306,-2.4589307,-0.85893065,0.49106935,0.7510693,-0.06893066,0.90106934
4.5110693,3.1610694,1.7410693,0.42106932,-1.1789306,-2.0789306,-1.5489306,-0.90893066,-1.7389307,-1.5489306,-2.2489307,-2.7489307,-3.5189307,-4.328931,-5.0889306,-4.9189305,-4.7689304,-4.098931,-3.2289307,-2.8889306,-1.6289307,-0.80893064,-0.13893066,0.031069336,-0.11893067,1.7710693,2.3610694,1.3610693,0.76106936,-0.19893067,0.36106932,0.78106934,0.42106932,1.9410694,1.0310693,0.53106934,0.081069335,-1.7189307,-0.10893066,-0.5189307,-0.53893065,-4.1089306,-4.0189304,-3.4589307,-3.9089308,-2.9289308,-3.4489307,-3.2589307,-3.3189306,-3.1889307,-3.6889307,-3.4389307,-3.1989307,-2.0089307,-0.9589307,0.6210693,1.4910693,1.7610693,2.1510694
3.5110693,1.9810693,1.1710694,0.22106934,-4.0189304,-1.3689307,-1.9389306,-2.2089307,-2.5589306,-2.6689308,-3.0289307,-2.8789306,-3.1489305,-3.9589307,-4.788931,-4.808931,-4.598931,-4.118931,-3.4689307,-3.2189307,-1.9989307,-1.3989307,-0.60893065,-0.54893064,-0.60893065,-0.6289307,0.11106934,-1.7089306,-0.38893068,-0.15893066,0.09106933,-0.38893068,-0.33893067,0.84106934,1.3210694,1.2510693,1.0410694,1.1610694,-0.8289307,-1.2989306,-0.6989307,-4.828931,-4.5489306,-4.1489305,-4.038931,-3.9889307,-3.4689307,-3.1689308,-3.4389307,-3.2789307,-3.7389307,-3.7089307,-2.4689307,-2.4589307,-1.2189307,0.22106934,0.82106936,1.2310693,2.2010694
