json/gfs_20240717_12.json
{"header": { "discipline":0, "disciplineName":"Meteorological products", "gribEdition":2, "gribLength":79919, "center":7, "centerName":"US National Weather Service - NCEP(WMC)", "subcenter":0, "refTime":"2024-07-17T12:00:00.000Z", "significanceOfRT":1, "significanceOfRTName":"Start of forecast", "productStatus":0, "productStatusName":"Operational products", "productType":1, "productTypeName":"Forecast products", "productDefinitionTemplate":0, "productDefinitionTemplateName":"Analysis/forecast at horizontal level/layer at a point in time", "parameterCategory":2, "parameterCategoryName":"Momentum", "parameterNumber":2, "parameterNumberName":"U-component_of_wind", "parameterUnit":"m.s-1", "genProcessType":2, "genProcessTypeName":"Forecast", "forecastTime":0, "surface1Type":103, "surface1TypeName":"Specified height level above ground", "surface1Value":10.0, "surface2Type":255, "surface2TypeName":"Missing", "surface2Value":0.0, "gridDefinitionTemplate":0, "gridDefinitionTemplateName":"Latitude_Longitude", "numberPoints":65160, "shape":6, "shapeName":"Earth spherical with radius of 6,371,229.0 m", "gridUnits":"degrees", "resolution":48, "winds":"true", "scanMode":0, "nx":360, "ny":181, "basicAngle":0, "lo1":0.0, "la1":90.0, "lo2":359.0, "la2":-90.0, "dx":1.0, "dy":1.0 }, "data":
[rows 26 to 51 of 181, columns 232 to 289 of 360]
-0.15529785,1.8647021,0.73470217,0.5947021,0.35470214,-0.34529784,-0.25529784,0.98470217,-0.36529785,1.1647022,1.3147022,1.5847021,1.8847022,1.3747021,2.0747023,2.6747022,2.9647021,2.8247023,2.1747022,2.4747021,2.5947022,2.8547022,1.6347022,0.87470216,1.6447022,2.494702,0.5447022,3.024702,3.1247022,3.4547021,3.254702,1.9347022,0.0047021485,-1.7852979,-1.6352979,-4.065298,-4.395298,-4.355298,-4.015298,-5.595298,-3.9052978,-3.6152978,-3.8852978,-2.0252979,-0.92529786,0.024702149,-2.1252978,0.75470215,1.8547021,1.5947021,2.9347022,-0.9052979,-1.1752979,1.0047021,-0.46529785,-2.8952978,0.13470215,0.03470215
-0.68529785,0.67470217,0.25470215,0.14470215,1.1347022,0.08470215,-0.54529786,-0.7852979,0.43470216,1.6247021,1.5547022,1.9847021,1.2547021,1.3947022,0.41470215,0.40470216,1.8347021,0.9047021,0.68470216,1.0247022,3.484702,3.2047021,3.1447022,1.7547021,1.2747022,2.554702,2.6047022,1.4247022,2.984702,4.404702,4.714702,3.6847022,4.644702,4.3247023,4.7247024,4.584702,2.514702,-3.235298,-4.4652977,-4.9852977,-3.475298,-4.055298,-4.1952977,-5.555298,-4.595298,-4.605298,-2.5352979,-1.4852978,-1.1952978,0.17470215,3.0747023,4.774702,4.8047023,3.004702,0.46470216,-3.215298,-5.1552978,-0.57529783
-0.035297852,-0.075297855,-0.13529785,1.7547021,1.4847021,0.92470217,1.7747022,-1.1252979,2.7147021,3.0947022,1.0347022,2.0747023,3.3547022,3.804702,4.524702,2.514702,3.5847023,1.5747021,1.8647021,1.8647021,2.6547022,2.4447021,3.234702,2.1447022,2.4047022,2.4247022,2.5947022,2.804702,2.984702,3.2047021,4.0347023,5.164702,4.5947022,4.7847023,6.0547023,5.8047023,6.3247023,6.5347023,5.584702,5.4747024,4.854702,3.6347022,5.4947023,5.524702,6.5547023,5.914702,5.924702,6.7047024,6.064702,3.554702,1.2747022,2.4047022,4.024702,1.4847021,1.6547022,1.7147021,-6.575298,-4.565298
-0.12529784,0.28470215,0.46470216,-0.35529786,2.314702,1.0447022,1.1147021,1.7447021,1.9447021,1.7947022,2.1547022,2.514702,4.444702,4.4947023,4.254702,1.3447021,1.2747022,2.0947022,1.7647022,2.4047022,2.9247022,2.9747021,2.9347022,2.0747023,1.6347022,2.1847022,2.3347023,2.3647022,3.034702,3.1047022,4.0547023,3.794702,4.774702,5.8047023,4.854702,3.9047022,3.764702,4.8247023,6.154702,6.654702,6.8247023,7.894702,8.094702,8.134702,7.5147023,8.484702,7.3047023,4.9947023,6.4947023,4.7447023,3.6347022,3.6047022,2.764702,4.274702,3.304702,3.0847023,2.6247022,0.95470214
0.56470215,-0.38529786,-0.18529785,1.2647022,0.77470213,0.08470215,-0.92529786,-0.41529787,0.26470214,0.17470215,-0.13529785,1.3647021,2.564702,2.0847023,2.4147022,1.6247021,1.4347022,1.5247022,0.92470217,0.44470215,0.17470215,2.2047021,1.6247021,1.5747021,1.4147022,2.014702,2.044702,2.9247022,2.504702,3.1047022,4.154702,5.234702,5.0947022,5.104702,3.8347023,3.3947022,4.0747023,4.384702,5.794702,5.674702,6.714702,6.894702,7.654702,8.054702,6.774702,6.674702,6.394702,6.664702,5.5147023,5.5347023,4.524702,3.804702,4.584702,3.4647021,3.3747022,3.304702,1.7347021,1.7147021
0.9647021,-1.2652979,0.68470216,1.6647022,0.9047021,0.21470214,-1.4452978,-1.9952979,-0.74529785,-0.9052979,-0.8952978,-1.1752979,0.74470216,1.8147022,1.7947022,1.2847022,2.034702,1.7247021,1.8247021,0.6047022,0.80470216,1.6047021,0.08470215,2.2247021,1.2747022,2.4347022,2.3947022,4.0547023,4.3047023,2.814702,3.4547021,4.154702,5.004702,5.884702,5.394702,5.184702,4.0547023,3.744702,5.0747023,6.0147023,6.134702,6.024702,6.5347023,6.774702,6.0747023,5.854702,5.5147023,5.564702,4.5747023,3.4647021,2.5847023,1.5847021,2.2047021,2.1347022,1.8447021,1.7047021,1.9747021,0.86470217
-1.7852979,-0.34529784,-0.61529785,0.41470215,2.6047022,1.3447021,1.4747021,0.40470216,0.23470215,0.74470216,1.3747021,-0.49529785,0.33470213,1.0647022,1.3947022,1.2547021,2.014702,0.5947021,1.8747021,1.3447021,1.3747021,-0.025297852,1.7147021,1.9247022,1.8247021,2.1747022,1.2947022,3.9147022,3.9747021,3.014702,2.484702,2.9247022,4.7647023,5.624702,5.384702,4.9547024,4.5147023,4.184702,4.0747023,3.8847022,5.024702,5.524702,5.604702,5.384702,5.144702,4.874702,3.8647022,3.014702,2.3947022,1.4247022,0.7147021,-0.7852979,-0.57529783,0.50470215,1.2047021,0.36470214,-0.44529784,-1.5152979
-1.0452979,-0.33529785,0.73470217,-0.80529785,0.89470214,2.1447022,1.2047021,0.22470215,0.5447022,0.9647021,1.9247022,-0.21529785,2.024702,1.0247022,0.93470216,1.9547021,2.554702,0.68470216,2.4147022,1.4547021,1.1047021,0.39470214,0.9147022,1.0947021,0.86470217,0.9747021,1.2447021,2.1247022,1.9647021,2.744702,3.1647022,4.064702,3.064702,3.4647021,5.114702,4.2447023,3.244702,3.9247022,4.164702,3.984702,2.9547021,4.504702,4.444702,3.9747021,3.5947022,3.1347022,2.4247022,1.8747021,1.2047021,0.62470216,-1.0552979,1.3847022,-0.55529785,-0.5252979,-0.86529785,-1.6052978,-1.6752979,0.18470214
-0.0152978515,0.16470215,-1.4552978,0.29470214,-0.50529784,0.89470214,1.7147021,0.95470214,0.7147021,1.1647022,2.1647022,0.7947022,2.024702,1.7147021,1.8047022,1.8747021,1.1647022,2.1947021,1.6247021,1.3147022,1.9447021,0.46470216,0.33470213,1.0447022,0.11470215,0.40470216,0.5347021,1.2347021,1.8647021,1.7947022,2.2047021,1.9247022,2.1947021,2.4047022,2.504702,2.4447021,2.304702,2.034702,2.1747022,3.1647022,2.9547021,3.5747023,3.484702,2.984702,2.8647022,2.034702,1.8747021,2.3247023,0.93470216,-0.5352979,-0.21529785,-0.31529784,-2.975298,-2.8252978,-2.205298,-0.94529784,-1.0752978,0.09470215
0.25470215,-0.56529784,-0.7752979,-0.46529785,-0.87529784,-0.19529785,-0.87529784,1.1547022,1.7147021,0.68470216,0.32470214,0.61470217,-0.38529786,1.1047021,0.93470216,1.5947021,-0.21529785,0.49470216,1.3947022,2.504702,0.76470214,1.7847022,1.9747021,1.5847021,0.08470215,0.9147022,1.0747021,1.2347021,1.6447022,2.034702,1.9847021,1.9247022,1.9447021,1.7247021,1.5147022,1.9147022,1.9147022,1.6047021,1.4447021,1.5447022,1.9847021,1.8547021,1.4947021,1.8447021,2.2247021,1.8947022,2.764702,2.244702,1.8747021,1.0347022,0.74470216,-0.55529785,-4.015298,-3.5252979,-1.7552979,-0.81529784,-0.115297854,0.7147021
-0.80529785,0.32470214,0.7147021,0.39470214,-0.27529785,-1.1352979,-1.2552979,-1.3252978,-0.35529786,1.0447022,1.5547022,1.3347021,0.57470214,1.3747021,0.21470214,0.5947021,1.6547022,0.36470214,1.0347022,1.6047021,0.64470214,-0.5352979,0.73470217,1.6047021,1.2047021,0.99470216,0.74470216,0.88470215,1.8747021,1.8047022,1.5747021,1.8247021,2.044702,1.8147022,1.5947021,1.4847021,1.5447022,1.4447021,1.0047021,1.0947021,1.8747021,1.8947022,1.1447022,1.0747021,0.82470214,2.1247022,2.9547021,2.2047021,1.6347022,1.6347022,0.6647022,0.68470216,-0.37529784,-1.1752979,-1.1252979,-0.75529784,-0.08529785,0.29470214
-0.7152979,-0.69529784,-0.14529786,0.5447022,0.62470216,1.0147022,-1.7052978,-1.3352978,-0.48529786,-1.2652979,0.04470215,1.2647022,1.8547021,0.16470215,-1.9452978,0.67470217,0.8547022,0.25470215,0.69470215,-0.035297852,-0.91529787,2.034702,1.0247022,0.86470217,0.87470216,0.04470215,1.8047022,0.94470215,2.304702,2.064702,4.544702,0.93470216,1.2847022,1.5147022,1.4147022,1.9147022,1.5047021,1.2547021,0.75470215,0.82470214,1.0847021,0.9047021,1.1847022,1.0047021,0.99470216,1.2947022,1.5647022,2.3847022,2.484702,1.8547021,0.50470215,-0.63529783,-0.6452978,-2.5652978,-2.1152978,-2.235298,-1.5252979,-1.1752979
0.20470215,-0.99529785,-0.06529785,1.1247021,1.2447021,0.82470214,-0.075297855,-1.2052978,-1.3452978,-1.8352978,-1.3052979,-0.04529785,1.3847022,1.6647022,-0.12529784,-1.5352979,-1.8352978,-0.16529785,-0.28529784,-0.35529786,0.89470214,0.014702149,-1.3652978,0.35470214,0.8547022,0.5447022,0.87470216,0.94470215,2.0947022,1.1847022,2.6947021,3.1647022,1.2047021,1.9647021,1.6447022,1.4947021,1.6547022,1.2147021,0.9047021,0.77470213,0.77470213,0.92470217,0.89470214,1.1247021,0.74470216,1.6047021,1.0847021,3.524702,2.3547022,1.4847021,-0.14529786,-0.0052978517,-0.19529785,-0.97529787,-1.9652978,-3.3552978,-1.7552979,-2.015298
0.22470215,-0.5852978,-1.1552979,0.7947022,-0.42529786,1.1747022,0.58470213,-0.10529785,-0.16529785,-1.5352979,-1.3652978,1.2547021,-1.3552978,2.1247022,1.3547021,-1.1052978,-2.1052978,-2.715298,-0.39529786,-2.2852979,-1.6152978,-0.46529785,-0.54529786,-0.8352978,-0.7052978,1.3247021,-0.20529786,0.88470215,1.1047021,1.7247021,1.5747021,2.1247022,0.45470214,0.7947022,1.5947021,1.3747021,1.0747021,1.2047021,0.57470214,0.49470216,0.77470213,1.0847021,1.1147021,1.3847022,0.55470216,1.3047022,1.1447022,0.88470215,1.8447021,3.1647022,2.9047022,2.8247023,0.73470217,1.3747021,0.70470214,1.2347021,-0.115297854,-0.115297854
4.904702,-1.1752979,0.054702148,1.9447021,-0.9652979,-0.9652979,0.19470215,0.76470214,-0.16529785,-1.3252978,-0.31529784,0.12470215,1.9647021,0.22470215,2.1047022,0.24470215,-1.9552978,-0.37529784,-0.97529787,-1.5752978,-1.7752979,-0.7852979,-0.5852978,0.07470215,-1.3552978,-0.57529783,0.43470216,0.12470215,0.93470216,1.6147021,1.5747021,1.2747022,0.63470215,0.46470216,0.82470214,1.4147022,1.2347021,1.0047021,1.1147021,1.3747021,0.50470215,0.92470217,1.0647022,1.2047021,1.6747022,1.1647022,1.5747021,0.9747021,1.8647021,1.8747021,2.1547022,2.3747022,2.1147022,1.5447022,1.3847022,1.3647021,1.2547021,1.3447021
4.7647023,5.3047023,3.504702,-0.66529787,1.0547022,-0.75529784,-1.5652978,-1.2152978,1.5947021,-0.15529785,-0.55529785,-1.3052979,-1.1052978,-1.5652978,0.40470216,1.2947022,-1.4652978,-2.8452978,-3.9052978,-3.0852978,-2.515298,-2.8952978,-2.005298,-1.5552979,-1.6752979,-1.8052979,-1.5552979,-0.85529786,-0.22529785,0.21470214,1.6547022,0.76470214,0.92470217,0.98470217,0.56470215,1.3047022,1.3347021,1.2447021,0.89470214,-0.26529786,0.13470215,-0.18529785,-0.51529783,0.19470215,1.0147022,1.3947022,0.33470213,0.94470215,0.9047021,1.4647021,1.2947022,1.6147021,3.1347022,3.4547021,3.1247022,2.774702,0.95470214,1.9147022
2.734702,3.054702,3.3947022,0.38470215,-0.86529785,1.1447022,-0.46529785,-0.26529786,1.1847022,-1.4152979,-1.0552979,-1.2252978,-1.0852978,-0.93529785,-1.8352978,-0.16529785,-0.10529785,-1.6452979,-4.385298,-1.1852978,-2.3452978,-3.4152977,-3.5252979,-2.725298,-2.455298,-2.6552978,-2.5852978,-2.0552979,-1.7352978,-0.7152979,-0.08529785,0.33470213,-0.49529785,0.48470214,0.89470214,1.2847022,1.9147022,1.7347021,1.2847022,0.68470216,1.4547021,1.0047021,0.34470215,-0.80529785,1.0947021,1.5247022,1.8447021,1.5047021,2.044702,2.6347022,3.1047022,2.6847022,3.1347022,2.754702,1.9147022,0.93470216,2.004702,2.9247022
-0.39529786,1.7547021,1.2347021,-0.33529785,1.0547022,1.6247021,-1.3052979,1.8447021,0.30470216,-1.9752978,-2.5252979,-2.1052978,-1.2852979,0.75470215,-1.6952978,-0.6452978,0.11470215,-1.2252978,0.29470214,0.51470214,-0.75529784,-1.3452978,-2.445298,-2.0452979,-1.6952978,-2.1152978,-1.9252979,-1.9852978,-2.2752979,-0.99529785,-0.49529785,0.29470214,-0.35529786,-0.0152978515,0.48470214,0.83470213,1.6047021,1.9747021,1.4347022,1.2547021,3.024702,5.2247024,4.484702,1.5847021,1.5547022,2.524702,3.0747023,2.6947021,2.764702,1.7447021,2.3447022,1.6947021,1.2847022,1.1147021,1.7347021,-0.0152978515,0.16470215,2.9047022
-0.6452978,-2.185298,-1.2352978,-1.1652979,-0.18529785,1.1347022,0.92470217,0.09470215,1.1147021,-2.265298,-2.015298,-0.0152978515,-0.66529787,-0.55529785,-1.7152978,1.3247021,0.40470216,-2.2852979,0.62470216,-1.3252978,-1.2352978,-1.2052978,0.104702145,-1.9052979,-1.2952979,-1.1252979,-1.1952978,-2.205298,-2.735298,-1.7952979,-0.97529787,0.30470216,-0.33529785,-0.075297855,0.24470215,0.52470213,0.81470215,0.88470215,1.7147021,2.524702,2.9247022,1.8747021,2.4347022,2.6147022,2.9547021,4.634702,5.4747024,3.6647022,2.4047022,2.304702,2.314702,1.2847022,1.1947021,1.3747021,2.1247022,3.8247023,2.9247022,3.1447022
-2.245298,-2.5452979,0.31470215,0.69470215,-0.28529784,0.024702149,-0.36529785,-0.36529785,2.244702,-0.28529784,1.2447021,-0.31529784,-2.5652978,0.42470214,0.62470216,0.24470215,-0.75529784,-0.5352979,-1.5252979,-0.85529786,-1.1652979,-0.42529786,-1.4452978,-0.57529783,-2.015298,-2.2952979,-1.9152979,-1.1452979,-2.6252978,-1.3452978,-2.1552978,-1.2052978,0.83470213,0.30470216,0.83470213,0.51470214,1.4547021,0.67470217,1.3447021,2.1847022,2.524702,2.984702,5.934702,1.1747022,1.7347021,5.004702,4.4747024,5.834702,4.884702,2.244702,2.784702,2.744702,1.5747021,2.544702,4.254702,1.4747021,1.4347022,0.7947022
-0.61529785,-0.25529784,2.1447022,0.5347021,0.014702149,0.14470215,-1.8752979,0.39470214,0.34470215,0.69470215,0.62470216,-0.34529784,-2.455298,-1.6652979,0.81470215,-0.92529786,-2.9252977,-2.8752978,-1.7452979,2.774702,-0.79529786,1.4147022,-0.6552979,-2.1752977,-0.79529786,1.2647022,-0.36529785,-0.8352978,-0.7852979,-0.33529785,-1.2952979,-1.1452979,-0.35529786,1.8547021,1.0647022,0.73470217,1.7147021,1.3247021,1.6247021,1.0747021,2.6147022,3.6847022,0.61470217,1.3247021,2.504702,2.504702,3.294702,2.1647022,2.9547021,2.294702,2.1647022,2.7147021,1.6147021,1.8347021,0.95470214,0.63470215,0.45470214,0.7947022
1.4347022,-1.5952978,-1.4852978,-1.5152979,-0.0152978515,0.35470214,0.6047022,0.9647021,-0.56529784,1.0347022,1.9947021,-0.33529785,-1.8952979,-1.8952979,-2.1052978,-1.7252978,-2.6052978,-1.3952979,-0.69529784,2.5747023,-0.035297852,-1.5652978,-1.7352978,-0.32529786,-1.3852979,-0.9652979,0.51470214,0.21470214,-0.7752979,0.08470215,-0.8452979,-0.72529787,-1.2252978,-0.27529785,0.22470215,0.94470215,1.4547021,2.3447022,2.1047022,1.7447021,1.7347021,1.6747022,1.5947021,0.95470214,1.1747022,1.7847022,1.1847022,0.41470215,1.7947022,1.1347022,3.3947022,1.4747021,1.1247021,1.3247021,0.5347021,1.6047021,2.1047022,2.3447022
3.8647022,0.51470214,0.42470214,-2.995298,-0.37529784,-0.7052978,-0.04529785,-1.0252979,-0.0052978517,2.064702,1.0547022,-0.69529784,-1.8852979,-0.80529785,-1.2552979,-1.7352978,-0.5852978,-0.85529786,-1.2152978,-1.6652979,-3.1452978,-1.2852979,-2.985298,0.20470215,-1.6752979,-2.505298,-3.0452979,-1.5952978,-0.63529783,-0.9052979,-0.035297852,-0.50529784,-0.55529785,-0.86529785,-0.62529784,0.58470213,1.6947021,1.2947022,0.9147022,1.0247022,1.3847022,1.3847022,0.064702146,0.75470215,0.39470214,0.5947021,0.47470215,1.9947021,2.1247022,1.0047021,2.1547022,1.2747022,0.5947021,0.64470214,-0.39529786,0.41470215,1.0847021,1.7947022
4.2847023,1.9447021,0.70470214,-0.79529786,-1.3652978,-1.4152979,-1.4552978,-1.5352979,0.89470214,1.6047021,1.4547021,-1.1252979,-1.8352978,-0.14529786,-0.62529784,-1.8452978,-4.565298,-1.2752979,0.68470216,-0.51529783,-1.1352979,-2.0352979,0.82470214,-0.49529785,-2.5252979,-1.7752979,-2.9052978,-2.195298,-0.5352979,1.1147021,0.31470215,-0.18529785,-0.10529785,-1.2152978,0.17470215,0.104702145,0.42470214,0.41470215,1.2247021,1.3147022,1.7147021,1.1347022,1.0847021,0.46470216,0.45470214,0.77470213,1.7847022,1.8547021,0.98470217,2.034702,2.284702,0.7847021,1.4447021,0.42470214,-0.08529785,0.43470216,1.9347022,3.2047021
4.214702,4.2847023,3.9747021,-0.8452979,-0.87529784,-0.60529786,0.23470215,-0.06529785,0.88470215,1.7347021,1.2547021,1.7247021,-0.5352979,-1.1652979,1.9947021,-1.0452979,-0.39529786,-1.0852978,0.80470216,-0.0152978515,-1.8252978,0.94470215,-1.5952978,0.52470213,-0.68529785,-2.8652978,-0.94529784,-2.9052978,-1.8552978,-0.80529785,-0.99529785,0.09470215,0.0047021485,-1.6352979,-1.0552979,-0.8352978,0.19470215,0.58470213,0.83470213,0.88470215,1.5847021,0.81470215,0.74470216,1.4747021,2.314702,1.1547022,1.5547022,1.2247021,1.1447022,3.044702,1.2047021,1.8347021,1.5947021,1.4547021,-0.33529785,1.4447021,3.984702,3.564702
4.3247023,4.5347023,4.414702,3.7147021,-1.3252978,0.8547022,-0.47529784,-1.5352979,1.6047021,1.3147022,0.64470214,-0.94529784,-0.60529786,-1.0952978,0.82470214,-0.04529785,0.80470216,0.08470215,-0.50529784,-3.005298,-1.5452979,-1.6552979,1.9347022,0.42470214,0.17470215,2.6247022,2.6247022,-0.7852979,-1.7452979,-1.8552978,-1.5452979,-1.8052979,-1.2552979,-1.6652979,-1.4652978,-1.3352978,-0.5952979,0.34470215,0.23470215,1.2847022,0.99470216,1.6447022,1.8747021,1.1147021,2.1447022,2.4047022,1.9747021,0.98470217,0.89470214,1.0847021,1.1247021,1.7347021,3.254702,2.3347023,3.4747021,4.7647023,4.444702,5.2647023
