json/gfs_20240720_06.json
{"header": { "discipline":0, "disciplineName":"Meteorological products", "gribEdition":2, "gribLength":79523, "center":7, "centerName":"US National Weather Service - NCEP(WMC)", "subcenter":0, "refTime":"2024-07-20T06:00:00.000Z", "significanceOfRT":1, "significanceOfRTName":"Start of forecast", "productStatus":0, "productStatusName":"Operational products", "productType":1, "productTypeName":"Forecast products", "productDefinitionTemplate":0, "productDefinitionTemplateName":"Analysis/forecast at horizontal level/layer at a point in time", "parameterCategory":2, "parameterCategoryName":"Momentum", "parameterNumber":2, "parameterNumberName":"U-component_of_wind", "parameterUnit":"m.s-1", "genProcessType":2, "genProcessTypeName":"Forecast", "forecastTime":0, "surface1Type":103, "surface1TypeName":"Specified height level above ground", "surface1Value":10.0, "surface2Type":255, "surface2TypeName":"Missing", "surface2Value":0.0, "gridDefinitionTemplate":0, "gridDefinitionTemplateName":"Latitude_Longitude", "numberPoints":65160, "shape":6, "shapeName":"Earth spherical with radius of 6,371,229.0 m", "gridUnits":"degrees", "resolution":48, "winds":"true", "scanMode":0, "nx":360, "ny":181, "basicAngle":0, "lo1":0.0, "la1":90.0, "lo2":359.0, "la2":-90.0, "dx":1.0, "dy":1.0 }, "data":
[rows 0 to 25 of 181, columns 290 to 347 of 360]
2.611953,2.6819532,2.7419531,2.811953,2.871953,2.9419532,3.0019531,3.061953,3.121953,3.1819532,3.2419531,3.301953,3.361953,3.4119532,3.4719532,3.521953,3.581953,3.6319532,3.6819532,3.7319531,3.781953,3.821953,3.871953,3.9219532,3.9619532,4.001953,4.041953,4.081953,4.121953,4.161953,4.201953,4.231953,4.271953,4.3019533,4.331953,4.3619533,4.391953,4.421953,4.441953,4.471953,4.491953,4.5119534,4.5319533,4.5519533,4.5719533,4.5919533,4.601953,4.621953,4.6319532,4.641953,4.651953,4.661953,4.661953,4.671953,4.671953,4.671953,4.671953,4.671953
3.1519532,3.2219532,3.291953,3.351953,3.4219532,3.4919531,3.571953,3.6419532,3.7219532,3.791953,3.871953,3.9419532,4.021953,4.081953,4.161953,4.221953,4.271953,4.331953,4.3819532,4.431953,4.491953,4.541953,4.581953,4.6319532,4.681953,4.721953,4.7619534,4.811953,4.851953,4.891953,4.941953,4.981953,5.0119534,5.041953,5.0719533,5.0919533,5.121953,5.141953,5.161953,5.181953,5.201953,5.221953,5.251953,5.271953,5.291953,5.311953,5.331953,5.3419533,5.3619533,5.371953,5.3819532,5.3819532,5.3819532,5.3819532,5.3819532,5.371953,5.371953,5.3619533
3.1819532,3.281953,3.3919532,3.521953,3.6619532,3.831953,4.041953,4.231953,4.411953,4.5719533,4.5519533,4.521953,4.521953,4.5119534,4.521953,4.5319533,4.5319533,4.541953,4.5519533,4.5719533,4.601953,4.661953,4.721953,4.771953,4.831953,4.891953,4.951953,5.021953,5.0919533,5.161953,5.221953,5.2819533,5.3419533,5.401953,5.461953,5.5119534,5.561953,5.6119533,5.651953,5.701953,5.751953,5.8219533,5.871953,5.931953,5.981953,6.021953,6.061953,6.101953,6.141953,6.171953,6.211953,6.251953,6.271953,6.3019533,6.331953,6.351953,6.3819532,6.421953
3.1319532,3.2419531,3.341953,3.4219532,3.5019531,3.581953,3.6419532,3.6919532,3.761953,3.821953,3.9119532,4.0119534,4.101953,4.201953,4.291953,4.3819532,4.481953,4.5519533,4.6319532,4.691953,4.7619534,4.811953,4.8619533,4.911953,4.951953,5.001953,5.061953,5.121953,5.171953,5.221953,5.2819533,5.351953,5.431953,5.481953,5.5319533,5.581953,5.6319532,5.681953,5.741953,5.7819533,5.8219533,5.8619533,5.891953,5.921953,5.951953,6.021953,6.101953,6.141953,6.181953,6.211953,6.241953,6.271953,6.3019533,6.331953,6.3619533,6.371953,6.3819532,6.411953
3.101953,3.2019532,3.291953,3.371953,3.4419532,3.521953,3.571953,3.6319532,3.7219532,3.821953,3.9319532,4.0319533,4.1319532,4.211953,4.271953,4.351953,4.451953,4.561953,4.681953,4.751953,4.8219533,4.891953,4.961953,5.0319533,5.101953,5.151953,5.201953,5.291953,5.3619533,5.421953,5.491953,5.5719533,5.6319532,5.691953,5.7619534,5.8219533,5.891953,5.951953,6.0119534,6.081953,6.151953,6.251953,6.351953,6.451953,6.541953,6.661953,6.791953,6.901953,6.991953,7.061953,7.1319532,7.211953,7.2819533,7.371953,7.471953,7.601953,7.681953,7.741953
2.4019532,2.5019531,2.511953,2.601953,2.6619532,2.761953,2.7419531,2.541953,2.361953,2.071953,1.8119531,1.6119531,1.4819531,1.3719531,1.3719531,1.4019531,1.5019531,1.6019531,1.7019532,1.8919531,2.111953,2.311953,2.521953,2.7419531,2.9919531,3.291953,3.581953,3.871953,4.151953,4.461953,4.741953,5.041953,5.311953,5.5319533,5.471953,5.431953,5.541953,5.5919533,5.451953,5.3219533,5.181953,5.041953,4.991953,4.931953,4.8619533,4.8819532,4.941953,5.1119533,5.331953,5.601953,5.7819533,5.911953,6.0319533,6.241953,6.491953,6.731953,6.921953,6.951953
0.23195313,-0.16804688,-0.5380469,-0.77804685,-0.9880469,-1.2180469,-1.4880469,-1.6980469,-1.7080469,-1.4580469,-1.1480469,-0.83804685,-0.50804687,-0.15804687,0.18195313,0.5719531,0.98195314,1.3219532,1.7819531,2.301953,2.261953,1.9219531,1.7819531,1.8619531,1.9219531,1.8819531,1.8419532,1.9419532,2.1419532,2.3819532,2.4119532,1.9319531,1.3519531,0.8919531,0.6319531,0.32195312,0.08195312,-0.14804688,-0.09804688,-0.25804687,-0.31804687,-0.38804686,-0.52804685,-0.52804685,-0.16804688,0.37195313,0.99195313,1.5919532,2.1819532,2.7419531,3.2119532,3.591953,3.9319532,4.0719533,4.001953,3.9019532,3.791953,3.7219532
0.54195315,0.36195314,0.7719531,0.72195315,-0.048046876,-0.50804687,-0.94804686,-1.6980469,-1.5180469,-1.0280468,-0.30804688,0.86195314,3.301953,4.891953,5.251953,4.491953,3.271953,2.9419532,2.1419532,0.6419531,0.22195312,-0.25804687,-0.70804685,-0.9180469,-1.1480469,-1.3280469,-0.83804685,0.38195312,1.0019531,1.5819532,0.32195312,-1.7180469,-2.0880468,-0.70804685,-0.30804688,-0.08804688,0.44195312,0.8219531,0.8719531,1.0019531,1.8919531,1.6019531,1.0519531,1.0619531,1.8719531,1.3119531,-0.49804688,-1.4580469,-1.3680469,-0.8080469,-0.3280469,0.36195314,0.44195312,-0.028046874,-0.48804688,-0.51804686,-0.42804688,-0.2680469
-0.7280469,-1.5180469,-1.5580468,-0.6180469,-0.75804687,0.041953124,-0.2680469,3.3819532,7.041953,7.121953,5.081953,1.6519531,0.7119531,0.32195312,-0.41804686,1.1819531,1.6019531,-0.19804688,-1.7580469,-2.468047,-0.36804688,0.66195315,-0.24804688,-0.33804688,-1.7880468,-1.8480469,0.99195313,2.531953,2.061953,1.7219532,2.4219532,3.601953,3.9119532,1.6119531,0.49195313,0.99195313,0.7719531,0.60195315,0.44195312,-0.58804685,-0.75804687,-0.43804687,0.13195312,0.5319531,0.23195313,0.66195315,1.5319531,1.9219531,2.091953,2.051953,1.8319532,1.7819531,1.6619531,1.4919531,1.2819531,1.3319532,1.5019531,1.4219531
-0.36804688,-0.9380469,-0.9280469,2.831953,4.981953,2.8819532,0.7519531,1.5819532,-0.18804687,-2.228047,-1.8480469,0.67195314,3.361953,5.681953,7.081953,7.331953,6.5319533,5.871953,6.8819532,7.871953,6.491953,4.121953,3.6519532,4.431953,5.5319533,6.081953,5.411953,5.3219533,6.441953,8.171953,9.761953,10.041953,9.621953,9.211953,7.771953,5.451953,5.121953,4.421953,4.231953,4.751953,4.711953,5.041953,3.1919532,2.281953,2.1419532,1.5019531,0.6419531,-0.27804688,0.8919531,1.3319532,1.1619531,0.5219531,-0.018046875,0.27195314,0.8719531,0.011953125,-0.48804688,0.21195312
5.461953,1.1919532,-0.07804687,-2.398047,-3.0380468,-2.0280468,-1.4380469,0.85195315,2.301953,3.2119532,4.8819532,5.331953,3.321953,1.8319532,1.5419531,1.4619532,1.3119531,1.8719531,2.611953,3.091953,3.101953,3.081953,3.7019532,4.221953,4.421953,4.641953,5.401953,6.101953,6.8019533,7.401953,7.671953,7.6119533,7.231953,6.171953,5.3019533,5.241953,5.331953,5.391953,5.251953,5.0719533,4.931953,4.921953,5.3819532,4.481953,3.541953,2.7519531,0.99195313,0.6319531,0.85195315,1.4019531,0.47195312,0.44195312,0.67195314,0.80195314,0.24195312,0.021953125,-0.08804688,-0.11804687
-0.5380469,0.7519531,1.8219532,1.6719531,0.27195314,1.7319531,3.061953,3.2019532,3.1419532,3.7419531,4.3019533,4.481953,4.791953,5.161953,5.201953,4.711953,4.171953,3.7519531,3.311953,3.041953,2.621953,3.081953,3.601953,3.7519531,4.0319533,4.701953,5.0519533,5.481953,5.271953,5.251953,5.471953,5.671953,5.661953,5.5719533,5.601953,5.691953,5.6119533,5.5719533,5.5919533,5.561953,5.491953,5.5319533,5.5519533,5.3819532,4.901953,4.151953,4.411953,3.261953,2.1519532,0.85195315,-0.56804687,-0.5980469,-0.27804688,0.021953125,-0.38804686,-0.41804686,-0.6880469,-0.8680469
-2.2980468,-4.9680467,-4.9080467,-3.698047,-3.0480468,-1.6780468,0.26195312,1.5119531,2.4619532,2.831953,2.511953,2.4419532,1.8619531,2.301953,2.6619532,2.6319532,3.021953,3.101953,2.8919532,2.591953,2.791953,3.331953,3.301953,3.801953,4.481953,4.721953,4.891953,4.951953,5.061953,5.201953,5.351953,5.391953,5.5119534,5.541953,5.451953,5.3019533,5.251953,5.291953,5.451953,5.671953,5.911953,5.751953,5.541953,5.411953,5.671953,7.221953,6.671953,3.561953,2.341953,1.3719531,1.5519531,2.2419531,0.92195314,-0.45804688,-0.9980469,-1.2680469,-1.2480469,-1.2780468
-2.4980469,-2.208047,-1.6580468,-0.64804685,-2.0380468,-3.408047,-2.948047,-2.408047,-2.438047,-2.1080468,-1.8980469,-2.3580468,-2.188047,-2.0280468,-1.7480469,-0.7180469,0.49195313,0.46195313,0.30195314,0.54195315,0.8119531,0.98195314,1.6619531,2.371953,3.1419532,3.7019532,4.1119533,4.3019533,4.451953,4.541953,4.5919533,4.701953,4.751953,4.851953,4.871953,4.951953,5.121953,5.161953,5.351953,5.401953,5.8019533,6.101953,6.371953,7.931953,7.1319532,4.201953,5.681953,1.6919532,-2.188047,2.531953,0.98195314,0.8119531,-0.08804688,0.61195314,-0.108046874,-0.33804688,-0.83804685,-1.1680468
-7.7180467,-8.128047,-6.848047,-2.5580468,-2.5380468,-1.3380469,-0.028046874,0.37195313,0.4819531,-0.8480469,-1.7980468,-3.408047,-4.1580467,-4.228047,-4.108047,-4.188047,-3.7780468,-3.128047,-2.738047,-2.3680468,-1.9880469,-1.2880468,-0.83804685,0.15195313,0.6319531,1.1619531,2.1319532,3.0019531,3.611953,3.9619532,4.121953,4.1119533,4.271953,4.491953,4.5919533,4.8219533,4.991953,4.911953,5.081953,5.441953,5.8819532,6.441953,7.5319533,8.331953,6.421953,5.451953,4.161953,3.7119532,1.9019531,2.4319532,2.271953,-0.16804688,0.27195314,-0.008046875,-0.5380469,-1.0680469,-1.3480469,-1.4780469
-4.298047,-4.258047,-3.3680468,-2.0080469,-1.4780469,-1.1080469,-0.43804687,-0.19804688,-0.3280469,-0.33804688,-0.36804688,0.9619531,-0.22804688,-3.7980468,-4.588047,-4.4680467,-4.6580467,-4.528047,-4.298047,-3.8480468,-3.468047,-2.8680468,-2.198047,-2.0680468,-1.2480469,-0.56804687,0.36195314,1.2619531,2.1719532,3.2319531,3.6719532,3.851953,3.841953,3.9019532,3.9019532,4.231953,4.311953,4.3419533,4.521953,4.701953,4.901953,5.0319533,5.501953,5.191953,4.831953,4.061953,2.071953,4.5919533,2.861953,2.6719532,0.3919531,-0.56804687,-1.0080469,-0.9180469,-1.8580469,-2.198047,-2.388047,-2.2480469
-2.2780468,-2.5780468,-2.238047,-2.178047,-1.0180469,-0.48804688,-0.25804687,0.22195312,0.30195314,0.44195312,0.79195315,0.27195314,0.4819531,0.9619531,-2.708047,-4.6180468,-4.4880466,-4.588047,-4.768047,-4.4480467,-3.908047,-3.698047,-2.908047,-2.3080468,-1.7980468,-1.0480468,-0.34804687,0.15195313,0.5719531,1.3119531,2.051953,2.561953,2.9119532,2.871953,2.311953,2.4819531,2.9119532,3.521953,3.801953,4.691953,5.731953,5.0319533,3.101953,3.1419532,4.271953,5.1119533,0.24195312,2.1719532,1.8119531,1.7019532,0.19195312,0.34195313,-0.75804687,-1.5280468,-2.3180468,-2.5380468,-2.678047,-3.5080469
-2.3680468,-2.7480469,-2.3480468,-2.3480468,-1.3080468,-0.6280469,-0.08804688,0.26195312,0.5119531,0.7519531,1.4119531,1.0419531,-0.018046875,-0.9780469,-1.3980469,-1.1180469,-4.858047,-4.728047,-4.768047,-4.558047,-5.028047,-4.838047,-4.128047,-2.638047,-1.7580469,-1.4980469,-2.0980468,-1.8980469,-1.3180469,-0.7980469,0.7619531,0.9619531,1.0119531,1.0319531,1.1419531,1.5819532,1.5019531,1.7919531,2.371953,3.8919532,4.3219533,3.4319532,3.1719532,0.071953125,1.6819531,2.591953,1.3419532,-0.8680469,0.36195314,0.17195313,-0.82804686,-1.5280468,-1.9780469,-2.2480469,-3.0080469,-2.978047,-3.6080468,-4.148047
-2.7880468,-3.438047,-2.678047,-2.7780468,-2.0880468,-1.4180468,-0.47804686,0.68195313,1.1819531,1.3619531,2.2119532,2.1819532,1.8719531,1.5019531,1.5419531,-1.0580468,-1.1180469,-3.698047,-4.608047,-3.8480468,-3.948047,-5.098047,-5.6980467,-5.088047,-3.7980468,-3.0680468,-2.3480468,-1.9580469,-2.2680469,-2.2980468,-1.6680468,-1.2680469,-0.40804687,0.5719531,0.8119531,1.3519531,1.6219531,1.9119531,2.4219532,2.261953,3.081953,1.4219531,-2.158047,0.7719531,0.28195313,1.7019532,2.061953,1.9319531,-0.008046875,-0.16804688,-0.6580469,-1.5580468,-2.168047,-3.5880468,-3.9980469,-4.418047,-4.4080467,-4.418047
-0.9080469,-3.5380468,-3.938047,-3.0080469,-2.468047,-1.4080468,-0.2680469,0.5819531,0.5919531,1.0419531,1.7719531,2.1519532,1.9619532,1.1219531,1.2119532,0.001953125,-2.3480468,-1.4280468,-4.4880466,-3.238047,-5.338047,-5.4480467,-5.6180468,-4.878047,-5.078047,-4.898047,-4.478047,-3.8580468,-2.958047,-2.5180469,-2.228047,-1.7080469,-1.3380469,-0.37804687,0.54195315,0.98195314,1.8119531,2.8819532,3.791953,4.681953,4.2819533,3.4419532,1.8419532,0.40195313,4.601953,0.031953126,0.7819531,-1.1280469,-0.08804688,0.38195312,0.6419531,-1.1280469,-2.738047,-3.2980468,-3.3480468,-3.398047,-3.5380468,-4.2180467
1.8619531,2.791953,-0.9280469,-2.458047,-1.3980469,-0.70804685,0.21195312,0.35195312,0.17195313,0.29195312,1.9819531,1.6719531,2.041953,2.051953,2.0019531,1.3519531,0.29195312,0.35195312,-1.2280469,-0.9980469,-4.358047,-4.788047,-5.878047,-5.6580467,-5.4480467,-5.128047,-4.9880466,-4.6380467,-4.2180467,-3.658047,-3.0680468,-2.658047,-1.9280468,-0.95804685,-0.37804687,0.6419531,0.4519531,-0.5480469,1.3019531,5.0119534,3.6519532,4.231953,3.281953,-3.3480468,-0.108046874,2.301953,1.2219532,2.9119532,1.5919532,-0.2980469,-0.7480469,-1.3680469,-2.408047,-2.988047,-3.1180468,-3.8080468,-4.538047,-5.358047
0.6519531,1.3419532,0.001953125,-0.008046875,-0.15804687,0.09195313,-0.44804686,0.4519531,-0.028046874,0.86195314,1.1519531,1.7919531,1.3419532,1.1019531,0.92195314,1.0519531,-0.37804687,-0.7280469,-0.56804687,-2.388047,-2.638047,-4.028047,-5.958047,-5.768047,-5.4280467,-5.458047,-5.3680468,-5.028047,-4.728047,-4.4480467,-4.038047,-3.3180468,-2.4980469,0.09195313,2.4119532,5.121953,4.811953,-2.2480469,-3.8080468,1.7319531,-2.948047,4.181953,-0.14804688,-0.09804688,2.031953,1.2619531,-0.07804687,-0.21804687,-2.8280468,-2.208047,-1.8980469,-1.2180469,-2.168047,-2.988047,-3.378047,-4.228047,-6.048047,-6.818047
1.1419531,0.49195313,0.41195312,2.851953,-0.07804687,-1.8080468,-2.0280468,0.011953125,0.9419531,1.5919532,1.9319531,2.281953,2.4119532,1.4819531,0.8819531,0.36195314,-0.44804686,-0.44804686,-0.2680469,-1.8980469,-4.7180467,-5.288047,-5.498047,-5.418047,-5.308047,-5.338047,-5.068047,-4.708047,-4.1780467,-3.458047,-2.978047,-3.458047,-3.8480468,-3.678047,1.2619531,4.981953,1.1119531,4.231953,3.2019532,3.011953,2.4119532,4.441953,4.8619533,2.6919532,1.1719531,0.4819531,0.5819531,0.43195313,-1.2280469,-1.9280468,-1.1280469,-0.21804687,-0.07804687,0.23195313,-1.4480469,-3.0480468,-5.898047,-5.848047
4.0919533,2.601953,1.3219532,-1.3880469,-2.978047,3.2019532,1.2219532,1.0619531,2.121953,3.601953,3.291953,2.9819531,2.621953,2.041953,1.7119532,1.5719532,1.0519531,-2.158047,-1.7580469,-2.2480469,-3.3080468,-4.758047,-5.498047,-5.478047,-4.898047,-4.6180468,-4.538047,-4.328047,-2.0780468,-0.8780469,-1.6380469,-1.5580468,-2.0280468,-2.138047,0.7019531,2.1819532,2.7119532,0.9619531,1.2119532,0.8319531,0.5319531,-0.30804688,-1.2680469,-1.5280468,-1.5380468,-1.0280468,-0.70804685,-0.44804686,-0.21804687,0.09195313,0.80195314,2.121953,4.431953,5.441953,6.941953,8.121953,8.641953,7.271953
-0.7180469,0.111953124,-0.40804687,-0.108046874,-0.16804688,-0.23804687,0.55195314,1.4519532,0.8119531,1.1419531,0.061953124,1.1119531,1.7619531,2.1319532,2.3919532,2.4919531,2.871953,-4.248047,-0.57804686,0.67195314,-2.8480468,-3.5480468,-4.1380467,-4.248047,-3.488047,-3.0080469,-2.6180468,-0.46804687,0.12195312,0.25195312,0.17195313,1.5419531,1.6719531,-0.27804688,1.3119531,1.1119531,0.4219531,-0.38804686,-0.6680469,-4.628047,-3.0480468,-2.5780468,-2.128047,-2.7880468,-2.5680468,-3.2580469,-3.8280468,0.99195313,1.0919532,2.8919532,1.4819531,0.86195314,1.5719532,2.3919532,4.461953,3.851953,4.431953,5.0119534
-2.628047,-2.188047,-2.478047,-0.24804688,-0.07804687,1.4619532,1.8719531,0.19195312,-0.3580469,0.031953126,0.011953125,0.7019531,1.2019532,1.7919531,2.2519531,3.051953,3.7519531,3.4019532,-2.2480469,-1.4680469,-2.8480468,-3.688047,-3.3480468,-2.938047,-3.0980468,-1.1280469,2.5019531,4.721953,6.171953,2.7219532,0.031953126,1.1419531,-0.2680469,-1.8680469,-1.5780469,-2.0480468,-2.7880468,-3.938047,-3.628047,-3.0080469,-3.468047,-2.978047,-2.5580468,-2.0480468,-2.0480468,-2.458047,-6.528047,-1.7480469,-1.4580469,-0.108046874,1.8419532,3.2519531,-0.7180469,2.1319532,1.9919531,0.98195314,-0.43804687,0.92195314
