json/gfs_20240722_00.json
{"header": { "discipline":0, "disciplineName":"Meteorological products", "gribEdition":2, "gribLength":79645, "center":7, "centerName":"US National Weather Service - NCEP(WMC)", "subcenter":0, "refTime":"2024-07-22T00:00:00.000Z", "significanceOfRT":1, "significanceOfRTName":"Start of forecast", "productStatus":0, "productStatusName":"Operational products", "productType":1, "productTypeName":"Forecast products", "productDefinitionTemplate":0, "productDefinitionTemplateName":"Analysis/forecast at horizontal level/layer at a point in time", "parameterCategory":2, "parameterCategoryName":"Momentum", "parameterNumber":2, "parameterNumberName":"U-component_of_wind", "parameterUnit":"m.s-1", "genProcessType":2, "genProcessTypeName":"Forecast", "forecastTime":0, "surface1Type":103, "surface1TypeName":"Specified height level above ground", "surface1Value":10.0, "surface2Type":255, "surface2TypeName":"Missing", "surface2Value":0.0, "gridDefinitionTemplate":0, "gridDefinitionTemplateName":"Latitude_Longitude", "numberPoints":65160, "shape":6, "shapeName":"Earth spherical with radius of 6,371,229.0 m", "gridUnits":"degrees", "resolution":48, "winds":"true", "scanMode":0, "nx":360, "ny":181, "basicAngle":0, "lo1":0.0, "la1":90.0, "lo2":359.0, "la2":-90.0, "dx":1.0, "dy":1.0 }, "data":
[rows 0 to 25 of 181, columns 0 to 58 of 360]
6.483147,6.433147,6.383147,6.343147,6.283147,6.233147,6.183147,6.123147,6.063147,6.003147,5.943147,5.873147,5.813147,5.743147,5.673147,5.603147,5.533147,5.453147,5.383147,5.303147,5.223147,5.143147,5.053147,4.973147,4.883147,4.803147,4.713147,4.623147,4.533147,4.433147,4.343147,4.243147,4.1531467,4.053147,3.953147,3.853147,3.753147,3.653147,3.543147,3.443147,3.333147,3.223147,3.113147,3.0131469,2.903147,2.7831469,2.673147,2.563147,2.453147,2.333147,2.223147,2.103147,1.993147,1.873147,1.753147,1.643147,1.523147,1.403147,1.283147
6.943147,6.913147,6.873147,6.833147,6.783147,6.733147,6.693147,6.643147,6.593147,6.543147,6.493147,6.443147,6.383147,6.333147,6.273147,6.223147,6.163147,6.103147,6.043147,5.983147,5.913147,5.853147,5.793147,5.723147,5.663147,5.593147,5.533147,5.463147,5.393147,5.323147,5.253147,5.183147,5.103147,5.033147,4.953147,4.883147,4.823147,4.753147,4.683147,4.613147,4.543147,4.473147,4.413147,4.343147,4.273147,4.203147,4.133147,4.053147,3.973147,3.893147,3.813147,3.743147,3.663147,3.593147,3.5131469,3.433147,3.353147,3.2731469,3.193147
6.393147,6.343147,6.293147,6.243147,6.183147,6.123147,6.063147,5.993147,5.943147,5.893147,5.833147,5.783147,5.713147,5.643147,5.573147,5.493147,5.433147,5.363147,5.313147,5.263147,5.213147,5.163147,5.113147,5.053147,5.003147,4.943147,4.893147,4.833147,4.783147,4.733147,4.683147,4.643147,4.613147,4.573147,4.543147,4.523147,4.513147,4.503147,4.493147,4.483147,4.453147,4.4031467,4.363147,4.333147,4.313147,4.303147,4.293147,4.273147,4.253147,4.233147,4.213147,4.193147,4.183147,4.183147,4.183147,4.173147,4.163147,4.1531467,4.143147
6.1531467,6.133147,6.063147,5.993147,5.933147,5.843147,5.733147,5.553147,5.393147,5.273147,5.273147,5.283147,5.263147,5.233147,5.193147,5.163147,5.123147,5.093147,5.093147,5.103147,5.093147,5.083147,5.063147,5.063147,5.063147,5.053147,5.043147,5.043147,5.053147,5.053147,5.073147,5.093147,5.133147,5.173147,5.223147,5.263147,5.323147,5.373147,5.433147,5.493147,5.553147,5.613147,5.683147,5.733147,5.763147,5.793147,5.823147,5.853147,5.893147,5.953147,6.013147,6.073147,6.1531467,6.223147,6.273147,6.333147,6.393147,6.453147,6.523147
5.673147,5.633147,5.513147,5.593147,5.703147,5.9031467,6.1531467,6.273147,6.343147,6.353147,6.373147,6.393147,6.413147,6.453147,6.483147,6.413147,6.313147,6.193147,6.083147,6.023147,6.003147,6.023147,6.053147,6.093147,6.123147,6.1531467,6.1531467,6.173147,6.193147,6.233147,6.273147,6.343147,6.423147,6.533147,6.643147,6.733147,6.753147,6.753147,6.733147,6.723147,6.733147,6.773147,6.813147,6.843147,6.853147,6.863147,6.883147,6.933147,7.013147,7.133147,7.263147,7.363147,7.463147,7.553147,7.603147,7.623147,7.6531467,7.673147,7.723147
4.843147,4.803147,4.793147,4.783147,4.763147,4.833147,4.943147,5.103147,5.223147,5.333147,5.433147,5.533147,5.6531467,5.743147,5.853147,5.973147,6.063147,6.143147,6.183147,6.223147,6.213147,6.283147,6.363147,6.393147,6.413147,6.373147,6.333147,6.283147,6.223147,6.193147,6.233147,6.353147,6.493147,6.623147,6.753147,6.853147,6.9031467,6.933147,6.993147,7.053147,7.043147,7.073147,7.163147,7.273147,7.383147,7.423147,7.443147,7.623147,7.833147,8.473147,8.913147,8.953147,8.933147,8.873147,8.823147,8.623147,8.153147,7.873147,7.763147
3.923147,3.873147,3.863147,3.853147,3.843147,3.933147,4.083147,4.263147,4.413147,4.543147,4.663147,4.773147,4.883147,4.943147,5.023147,5.093147,5.203147,5.323147,5.493147,5.613147,5.753147,5.873147,5.953147,5.973147,5.9031467,5.923147,5.993147,6.103147,6.273147,6.383147,6.4031467,6.643147,6.853147,7.013147,7.323147,7.723147,7.783147,7.9031467,7.763147,7.733147,7.953147,7.843147,7.453147,7.263147,7.343147,7.493147,7.573147,7.643147,7.723147,7.683147,7.633147,7.673147,7.673147,7.923147,8.493147,9.263147,9.603147,9.6431465,9.793147
2.913147,3.163147,3.463147,3.683147,3.7831469,3.813147,3.853147,3.933147,3.943147,3.893147,3.973147,4.233147,4.4031467,4.493147,4.623147,4.913147,5.353147,5.843147,5.993147,6.363147,6.623147,6.743147,6.783147,6.743147,6.783147,6.873147,6.893147,6.863147,6.733147,6.543147,6.093147,5.753147,6.063147,6.713147,7.433147,7.413147,6.583147,5.963147,5.633147,5.163147,4.563147,4.473147,4.583147,4.753147,4.913147,5.043147,5.213147,5.4031467,5.593147,5.843147,6.133147,6.4031467,6.713147,6.983147,7.163147,7.273147,7.443147,7.703147,7.863147
3.333147,3.653147,3.553147,3.703147,3.913147,4.033147,4.033147,4.043147,4.143147,4.473147,4.873147,5.113147,5.583147,6.113147,6.473147,6.733147,6.773147,6.693147,6.253147,6.043147,5.933147,6.203147,6.783147,6.863147,6.853147,6.143147,6.213147,6.543147,6.133147,5.423147,4.793147,4.253147,3.743147,3.373147,3.193147,3.153147,3.233147,3.463147,3.703147,3.713147,3.5131469,3.403147,3.383147,3.413147,3.623147,3.943147,4.443147,5.043147,5.533147,6.213147,6.723147,7.173147,7.213147,6.993147,7.183147,7.533147,7.873147,8.203147,8.673147
3.683147,4.043147,4.433147,4.343147,4.793147,5.183147,5.463147,5.183147,4.783147,5.163147,4.823147,4.683147,4.283147,3.663147,3.253147,2.913147,2.0331469,2.503147,3.563147,3.603147,3.873147,4.163147,4.283147,4.063147,3.673147,3.393147,3.2731469,3.143147,3.193147,3.183147,3.003147,2.923147,2.923147,2.913147,2.753147,2.583147,2.503147,2.333147,1.893147,1.853147,2.183147,2.853147,2.693147,2.493147,3.133147,3.363147,3.613147,3.473147,3.043147,3.063147,3.083147,2.723147,2.393147,2.793147,1.983147,2.133147,2.5331469,2.823147,2.573147
0.903147,0.86314696,1.903147,2.893147,4.463147,4.203147,3.303147,2.183147,3.613147,5.053147,5.473147,6.043147,5.683147,1.383147,-0.526853,-1.1768531,-0.70685303,-0.926853,-1.826853,-1.486853,-0.43685302,1.563147,1.433147,0.033146974,-0.20685303,0.69314694,1.763147,1.363147,0.30314696,0.36314696,0.80314696,1.4631469,1.933147,2.353147,2.2731469,1.913147,2.143147,2.443147,2.563147,3.003147,3.673147,3.643147,3.323147,3.063147,2.953147,2.7631469,2.353147,1.783147,1.7031469,1.9531469,2.493147,2.193147,2.923147,5.263147,6.073147,6.023147,5.973147,6.553147,7.763147
0.973147,1.633147,1.9531469,2.993147,3.2631469,3.053147,2.7731469,2.343147,2.2831469,1.9631469,-0.57685304,-1.716853,-2.496853,-0.93685305,1.013147,1.2031469,-0.07685303,1.163147,2.853147,1.303147,0.09314697,-0.28685302,0.04314697,0.12314697,0.98314697,2.0331469,2.813147,2.983147,3.393147,4.133147,4.463147,4.433147,4.563147,5.023147,5.373147,5.603147,5.773147,6.093147,6.393147,5.643147,5.173147,5.013147,4.793147,4.713147,4.573147,4.363147,4.213147,4.233147,4.093147,3.803147,3.413147,3.223147,3.683147,4.053147,5.533147,6.383147,6.533147,6.723147,6.863147
3.703147,3.543147,3.743147,3.723147,3.5131469,3.233147,3.053147,2.7831469,2.393147,2.123147,2.103147,2.123147,1.9631469,1.053147,0.533147,0.28314698,1.553147,1.8431469,1.773147,-1.1568531,-0.26685303,-0.19685303,1.9731469,0.98314697,0.573147,1.233147,2.163147,3.0131469,3.553147,3.913147,4.003147,4.063147,3.973147,4.073147,4.323147,4.633147,4.883147,5.003147,5.033147,5.123147,5.053147,4.843147,4.673147,4.593147,4.603147,4.623147,4.573147,4.233147,4.123147,4.323147,4.133147,4.183147,4.473147,4.593147,4.553147,4.493147,4.613147,4.493147,4.213147
1.493147,1.803147,2.083147,2.203147,2.313147,2.553147,2.753147,3.123147,3.403147,3.223147,3.373147,3.423147,3.0131469,1.393147,-0.81685305,-2.676853,0.0031469727,3.443147,3.473147,4.013147,4.733147,4.503147,4.313147,3.813147,3.133147,3.743147,4.283147,3.903147,3.313147,3.2831469,3.7731469,4.013147,4.063147,4.003147,4.193147,4.323147,4.273147,4.023147,3.983147,4.103147,4.133147,4.273147,4.203147,4.093147,3.623147,3.603147,3.983147,4.043147,3.893147,3.683147,3.733147,4.053147,4.123147,4.253147,4.423147,4.643147,4.853147,4.643147,4.373147
-2.446853,-1.726853,-1.226853,-0.80685306,-0.34685302,-0.016853027,1.063147,1.483147,1.273147,1.663147,2.0231469,2.343147,2.583147,2.743147,3.193147,3.403147,3.883147,4.253147,4.163147,3.953147,4.093147,4.593147,4.603147,4.243147,3.983147,3.483147,3.2731469,3.233147,3.493147,3.103147,2.543147,2.373147,2.853147,3.5331469,3.593147,3.5331469,3.503147,3.863147,3.933147,4.113147,4.283147,3.803147,3.573147,3.653147,3.723147,3.633147,3.443147,3.573147,3.333147,2.973147,3.423147,3.643147,3.293147,2.823147,2.823147,2.883147,2.813147,3.143147,3.843147
-4.436853,-3.796853,-3.4668531,-3.2368531,-3.156853,-2.746853,-2.156853,-2.026853,-1.616853,-0.75685304,0.10314697,0.67314696,1.123147,1.443147,2.663147,3.2631469,3.543147,3.713147,3.673147,4.123147,4.913147,4.043147,3.543147,3.853147,4.473147,4.6531467,4.373147,3.903147,3.493147,2.733147,2.343147,2.723147,3.453147,2.853147,2.993147,3.443147,3.313147,3.373147,3.813147,3.563147,3.183147,3.233147,3.233147,3.613147,3.733147,3.903147,3.613147,3.323147,2.913147,2.343147,2.353147,2.333147,2.353147,2.943147,2.5331469,1.3231469,0.28314698,-1.1768531,2.213147
-5.856853,-5.806853,-5.716853,-5.776853,-5.436853,-4.946853,-4.496853,-4.046853,-3.516853,-2.826853,-1.9268531,-1.016853,-0.17685303,0.42314696,0.79314697,1.113147,1.503147,1.873147,2.233147,2.403147,2.653147,2.7831469,2.953147,3.183147,3.463147,3.413147,3.213147,2.993147,2.723147,2.603147,2.733147,3.163147,2.983147,2.7831469,2.293147,1.903147,2.203147,2.413147,2.893147,2.673147,2.633147,2.713147,2.213147,2.103147,2.2731469,2.2631469,2.123147,2.793147,2.383147,1.013147,0.81314695,0.39314696,0.06314697,-0.24685302,-0.55685306,0.44314697,0.843147,1.7231469,1.233147
-6.8468533,-6.876853,-6.836853,-6.766853,-6.486853,-6.076853,-5.726853,-5.496853,-5.236853,-4.976853,-4.5968533,-4.326853,-4.086853,-3.786853,-3.546853,-3.356853,-3.206853,-3.086853,-2.9768531,-3.006853,-2.926853,-2.7368531,-2.456853,-2.206853,-1.856853,-1.516853,-1.076853,-0.68685305,-0.20685303,0.21314697,0.54314697,0.883147,1.3231469,1.7031469,1.933147,1.993147,2.093147,1.763147,1.113147,1.033147,1.0731469,1.143147,0.98314697,1.313147,1.763147,1.563147,1.763147,1.803147,1.033147,0.75314695,0.40314698,-0.08685303,-0.56685305,-0.916853,0.12314697,1.2131469,0.41314697,1.783147,1.4731469
-7.816853,-7.8468533,-7.326853,-7.196853,-6.946853,-6.736853,-6.776853,-6.426853,-6.156853,-6.156853,-6.176853,-6.116853,-5.736853,-5.226853,-5.026853,-4.996853,-4.806853,-5.016853,-5.486853,-5.406853,-5.416853,-5.676853,-5.896853,-6.046853,-6.116853,-5.976853,-5.556853,-5.046853,-4.5968533,-4.116853,-3.836853,-3.206853,-2.706853,-2.366853,-1.936853,-1.486853,-0.99685305,-0.29685304,0.35314697,0.67314696,0.28314698,0.26314697,0.16314697,0.22314698,0.69314694,0.963147,1.0931469,1.043147,0.583147,0.09314697,-0.07685303,-0.536853,-0.68685305,0.37314698,0.14314698,-0.29685304,0.32314697,-0.42685303,-1.346853
-5.546853,-6.126853,-6.266853,-6.016853,-5.936853,-6.746853,-7.526853,-7.166853,-6.686853,-6.566853,-6.356853,-6.316853,-6.686853,-6.856853,-6.726853,-6.0968533,-5.586853,-6.146853,-6.716853,-6.056853,-5.5968533,-5.686853,-4.476853,-4.356853,-3.9868531,-2.586853,0.273147,-0.866853,-2.096853,-3.946853,-4.436853,-3.776853,-3.776853,-3.336853,-2.906853,-2.616853,-2.196853,-1.9268531,-1.766853,-1.586853,-0.976853,-0.41685304,-0.20685303,-0.016853027,0.033146974,-0.896853,0.113146976,0.643147,0.17314698,-0.36685303,-0.256853,0.37314698,1.563147,-0.586853,-2.706853,-1.996853,-1.396853,-0.066853024,-0.786853
-1.566853,-1.746853,-2.686853,-2.9668531,-3.836853,-4.666853,-5.726853,-6.296853,-5.946853,-5.686853,-5.526853,-5.156853,-4.446853,-5.066853,-5.0968533,-3.946853,-3.7368531,-0.896853,0.643147,-1.316853,-1.216853,-4.476853,-4.926853,1.753147,-0.866853,0.273147,0.68314695,1.813147,1.613147,2.443147,1.3231469,3.443147,1.413147,3.213147,2.333147,1.783147,-0.68685305,-1.5368531,-1.436853,-1.006853,-1.376853,-1.9168531,-1.746853,-1.206853,-0.526853,-0.62685305,-0.616853,-1.566853,-1.736853,-1.086853,-0.04685303,0.083146974,0.98314697,1.893147,1.123147,0.15314697,-1.236853,-2.626853,-1.466853
-0.99685305,0.44314697,0.44314697,0.55314696,-0.596853,0.61314696,-1.846853,-4.176853,-5.516853,-6.676853,-6.456853,-6.566853,-6.186853,-3.376853,-4.736853,-3.916853,-3.876853,-3.796853,-2.006853,-2.536853,-2.096853,-0.57685304,0.93314695,0.953147,1.393147,1.7131469,0.583147,1.3331469,0.773147,0.61314696,1.143147,1.053147,1.9731469,1.053147,1.763147,2.2631469,2.733147,4.633147,2.793147,3.943147,1.363147,0.16314697,0.42314696,1.613147,2.5331469,2.7631469,2.093147,1.353147,1.853147,2.113147,2.333147,1.013147,1.5831469,2.613147,2.683147,2.203147,2.063147,2.193147,2.413147
-0.976853,-1.6768531,0.18314697,2.683147,3.5231469,2.913147,2.903147,0.32314697,-2.816853,-6.546853,-6.196853,-5.666853,-6.076853,-5.926853,-5.016853,-4.146853,-2.816853,-2.396853,-2.046853,0.32314697,-0.08685303,-0.666853,-0.33685303,0.663147,0.113146976,-0.39685303,0.37314698,0.22314698,-0.46685302,0.06314697,-0.15685302,-0.866853,0.54314697,0.67314696,0.053146973,1.733147,1.923147,2.903147,4.163147,4.573147,3.673147,4.283147,3.083147,3.303147,2.103147,2.173147,2.443147,1.563147,2.693147,2.943147,2.953147,2.643147,2.253147,2.0131469,1.493147,3.0331469,3.133147,1.023147,1.803147
-1.876853,1.003147,1.043147,1.443147,3.2631469,4.423147,4.423147,2.363147,2.293147,-1.116853,-3.926853,-5.726853,-4.856853,-3.906853,-3.4868531,-2.416853,-3.366853,-2.566853,-1.346853,-1.0268531,-0.916853,0.583147,0.26314697,-0.12685303,-0.82685304,-0.916853,-0.736853,-0.40685302,-1.006853,-1.056853,-0.916853,-0.94685304,-0.17685303,-1.706853,-0.026853027,0.67314696,1.123147,1.443147,1.5831469,1.873147,2.073147,3.323147,3.103147,2.703147,2.203147,2.043147,1.9731469,1.663147,1.273147,2.693147,1.943147,2.343147,2.353147,1.013147,1.5831469,1.993147,1.873147,1.503147,1.613147
3.893147,2.903147,3.713147,2.043147,3.133147,4.183147,4.983147,3.953147,4.743147,1.3231469,-2.316853,-5.906853,-3.566853,-4.246853,-3.506853,-1.9168531,-2.9768531,-1.206853,-2.406853,-1.306853,-0.39685303,-0.08685303,-0.44685304,-1.066853,-1.5468531,-1.936853,-2.186853,-1.6668531,-1.266853,-0.916853,-0.896853,-0.41685304,-0.596853,-0.37685302,-0.28685302,-1.816853,-2.786853,-3.006853,-3.336853,-3.866853,-2.256853,-0.656853,-0.11685303,-0.29685304,-0.916853,-0.80685306,-0.536853,-0.31685302,-0.35685304,0.14314698,0.43314698,0.913147,1.133147,1.013147,0.713147,0.513147,0.23314697,-0.42685303,-1.086853
5.853147,5.833147,3.803147,3.713147,2.333147,4.473147,5.283147,3.243147,3.903147,3.133147,2.103147,1.493147,-1.9068531,-2.636853,-2.796853,-2.516853,-0.49685302,-1.206853,-0.906853,-1.1568531,-0.55685306,-0.39685303,-1.6668531,-4.366853,-3.186853,-4.016853,-2.126853,-2.046853,-1.576853,-1.766853,-1.126853,-1.056853,-1.246853,-1.506853,-1.196853,-1.826853,-2.146853,-1.356853,0.16314697,-2.306853,-3.076853,-1.766853,-1.236853,-0.866853,-0.966853,-1.0368531,-0.74685305,-0.76685303,-0.69685304,-0.716853,-0.526853,0.113146976,0.33314696,-0.036853027,-0.14685303,-0.096853025,0.10314697,-0.07685303,-1.136853
