json/gfs_20240726_00.json
{"header": { "discipline":0, "disciplineName":"Meteorological products", "gribEdition":2, "gribLength":79492, "center":7, "centerName":"US National Weather Service - NCEP(WMC)", "subcenter":0, "refTime":"2024-07-26T00:00:00.000Z", "significanceOfRT":1, "significanceOfRTName":"Start of forecast", "productStatus":0, "productStatusName":"Operational products", "productType":1, "productTypeName":"Forecast products", "productDefinitionTemplate":0, "productDefinitionTemplateName":"Analysis/forecast at horizontal level/layer at a point in time", "parameterCategory":2, "parameterCategoryName":"Momentum", "parameterNumber":3, "parameterNumberName":"V-component_of_wind", "parameterUnit":"m.s-1", "genProcessType":2, "genProcessTypeName":"Forecast", "forecastTime":0, "surface1Type":103, "surface1TypeName":"Specified height level above ground", "surface1Value":10.0, "surface2Type":255, "surface2TypeName":"Missing", "surface2Value":0.0, "gridDefinitionTemplate":0, "gridDefinitionTemplateName":"Latitude_Longitude", "numberPoints":65160, "shape":6, "shapeName":"Earth spherical with radius of 6,371,229.0 m", "gridUnits":"degrees", "resolution":48, "winds":"true", "scanMode":0, "nx":360, "ny":181, "basicAngle":0, "lo1":0.0, "la1":90.0, "lo2":359.0, "la2":-90.0, "dx":1.0, "dy":1.0 }, "data":
[rows 52 to 77 of 181, columns 290 to 347 of 360]
2.6442285,4.6442285,5.0642285,5.2942286,5.6442285,4.6242285,3.9342284,3.9142284,3.6342285,3.0242286,3.2642286,2.3442285,1.7942286,2.1142285,1.6942285,1.3342285,1.5042285,0.35422853,-0.14577149,-0.8457715,-0.6057715,-1.3757715,-0.69577146,-0.5957715,-0.4757715,-0.7857715,-1.7557715,-3.9357715,-0.4657715,1.7642285,0.22422852,-1.3157715,-2.1157715,-2.7257714,-4.0357714,-1.9357715,-1.0257715,-0.005771484,5.1842284,5.6042285,4.3942285,3.5542285,2.7042284,2.3442285,1.6942285,1.5542285,0.4942285,-0.12577148,-0.81577146,-1.6257715,-1.9157715,-2.2757714,-3.0157714,-3.0857716,-4.0557714,-5.0057716,-5.9457717,-7.5857716
5.5742283,5.2842283,5.7442284,5.4842286,4.4342284,3.9642286,3.5742285,3.9942286,3.7442286,3.3142285,2.1442285,1.2842286,0.6442285,0.9742285,0.7642285,0.054228514,-1.4457715,-1.0757715,-1.8257715,-1.6357715,-1.5757715,-0.93577147,-0.80577147,-1.5857714,-2.2257714,-2.9857714,-3.9557714,-3.1457715,-0.5957715,0.26422852,0.7242285,-1.1457715,-2.2857714,-2.9657714,-2.9157715,-2.7257714,2.5542285,5.2442284,4.3642287,3.9742286,3.0642285,1.7742286,1.6042285,1.1242285,1.2542285,1.0442286,-0.035771485,-0.45577148,-1.0957714,-1.6857715,-2.0357714,-2.5257714,-2.9557714,-4.1857715,-5.1757717,-6.0257716,-7.1257715,-8.175772
5.7142286,5.3742285,4.6042285,4.3642287,4.0442286,3.8842285,3.6242285,3.2842286,2.2742286,1.2742286,0.19422852,0.4642285,0.6542285,-0.4357715,-1.9157715,-0.6657715,-2.5357714,-1.5957714,-1.5157715,-1.5057715,-0.8657715,-0.8857715,-1.7957715,-2.9657714,-2.6057715,-3.2557714,-3.8357716,-2.6457715,-0.6357715,-1.3757715,-0.69577146,-2.4157715,-3.2857714,-3.2757714,-1.8957715,3.3442285,4.5442286,3.6842284,2.7942286,2.0142286,1.3342285,0.6142285,0.4042285,0.55422854,-0.9857715,-1.1557715,-1.7657715,-2.3457716,-3.1557715,-3.9257715,-4.0557714,-4.4857717,-5.0257716,-5.5857716,-6.0457716,-6.8357716,-7.5557714,-8.395771
4.0242286,5.0142283,4.1842284,4.6642284,3.7342286,3.1642284,3.1642284,2.6942284,1.1842285,1.0042285,0.5142285,-1.0657715,-0.6457715,-2.4057715,-0.8557715,-1.9757714,-2.7557714,-2.5857716,-1.7357715,-0.8857715,-1.1057715,-1.9957715,-2.6557715,-2.6757715,-1.6957715,-2.6357715,-3.4557714,-2.6157715,-2.5857716,-2.9357715,-2.2557714,-2.5257714,-1.8657715,0.69422853,2.5142286,2.8242285,2.3542285,2.0842285,0.48422852,1.0142285,-1.0757715,1.5142285,0.29422852,-1.4857715,-2.4857714,-2.8057716,-3.1957715,-3.6457715,-4.2457714,-4.9857717,-5.1257715,-5.3757715,-5.5157714,-5.9057713,-6.5257716,-6.9357715,-7.3857713,-7.9357715
5.0442286,4.2142286,4.1442285,3.7442286,3.3442285,2.3742285,2.0942285,1.3242285,1.4242285,0.4642285,0.45422852,-1.2357715,-2.2057714,-2.2657714,-2.8657715,-3.1857715,-3.4257715,-2.1157715,-2.0757716,-2.0957716,-2.1157715,-2.3857715,-2.6057715,-2.6657715,-3.3257716,-3.6357715,-4.0057716,-3.6257715,-3.7557714,-3.3857715,-3.4557714,-2.4057715,-0.055771485,1.4442285,1.5042285,0.81422853,-1.0257715,0.2842285,1.2542285,0.084228516,2.1742284,-0.99577147,-1.4757714,-1.6457715,-2.5157714,-2.7257714,-3.2157714,-3.4557714,-3.8557715,-4.5357714,-5.0457716,-5.2657714,-5.2057714,-5.4557714,-5.7857714,-6.6157713,-7.3157716,-7.4057713
4.7742286,4.0442286,3.6742284,2.8342285,2.5842285,1.4442285,1.9542285,1.5342286,0.7042285,0.26422852,-1.6357715,-2.2357714,-2.4457715,-3.2657714,-3.3757715,-3.3357716,-2.4857714,-1.9257715,-1.7057714,-2.2157714,-1.4457715,-1.8657715,-2.3957715,-2.9557714,-3.6457715,-4.3457713,-4.6357713,-4.8357716,-3.9257715,-4.2057714,-2.9057715,-0.74577147,-0.005771484,-0.5457715,-0.7357715,0.13422851,-0.45577148,0.38422853,-0.7957715,-0.07577148,-0.045771483,-0.20577149,-1.0457715,-1.9457715,-2.5157714,-3.0157714,-3.2057714,-3.5957716,-3.8657715,-4.4657717,-4.8757715,-5.4057713,-5.6657715,-2.2157714,-6.2757716,-6.8157716,-7.7357717,-7.4457717
3.3242285,3.6942284,3.8742285,3.6442285,3.3842285,2.2042284,1.5842285,0.9142285,0.13422851,-0.6057715,-1.8357714,-1.6757715,-3.4557714,-3.9357715,-3.1057715,-3.0057714,-2.1357715,-1.9457715,-0.7057715,-1.4557714,-2.2657714,-2.4657714,-3.0057714,-3.8657715,-4.3757715,-4.1257715,-5.1857715,-4.6957717,-4.1257715,-3.2657714,-2.8557715,-1.8757715,-2.0557716,-2.0157714,-3.4457715,-1.7157714,-0.7757715,0.07422852,0.06422851,-1.7257714,-0.9657715,-0.8557715,-1.8857715,-2.6457715,-2.7057714,-3.1957715,-3.6857715,-3.8557715,-4.4357715,-4.8557715,-5.4557714,-6.4257717,-6.8457713,-6.5657716,-7.0557714,-6.8757715,-7.6057715,-8.715772
4.6042285,4.4842286,4.4842286,3.8042285,2.6942284,1.8442285,1.0542285,0.2742285,-1.0857714,-1.4857715,-1.4857715,-2.3257716,-2.5157714,-1.4457715,-1.9457715,-1.6157715,-1.2157714,-1.6057715,-1.5557715,-1.8757715,-3.1357715,-3.4857714,-4.5557714,-4.0657716,-3.3557715,-3.9557714,-4.2757716,-5.1057715,-4.7057714,-3.9757714,-3.7457714,-3.2857714,-3.7357714,-4.6357713,-2.7257714,-1.2557715,-0.45577148,0.9142285,-0.68577147,-1.7657715,-2.1757715,-1.9257715,-2.1557715,-2.7757714,-3.0457716,-3.5857716,-3.8057716,-4.2557716,-4.7557716,-5.2457714,-5.5757713,-5.5857716,-5.2357717,-6.4257717,-7.1657715,-7.4557714,-7.7057714,-8.285771
5.1242285,4.8142285,4.4142284,3.9842286,3.3042285,2.3142285,1.2842286,0.38422853,0.17422852,-1.0857714,-1.6557715,-2.6857715,-2.0457716,-1.8557715,-1.7957715,-1.1857715,-1.7757715,-2.5757716,-2.2757714,-2.9757714,-3.3257716,-4.7557716,-5.1357713,-5.3457713,-3.9557714,-3.3257716,-4.2657714,-5.7557716,-5.5057716,-5.3157716,-5.0657716,-4.6857715,-4.8757715,-2.7557714,-1.6057715,-0.9157715,-0.50577146,0.06422851,-1.8357714,-1.5257715,-0.5857715,-1.7157714,-2.7757714,-2.9757714,-3.7457714,-3.8557715,-4.1557713,-4.8157716,-5.0457716,-5.3557715,-5.7257714,-5.8357716,-5.2157717,-6.3857713,-7.6057715,-7.8957715,-8.605771,-9.475772
4.4842286,3.5842285,3.4042284,3.5642285,2.8342285,1.6942285,0.36422852,0.084228516,-0.42577147,-1.1257715,-1.8857715,-1.3557715,-1.8057715,-1.2257714,-1.7557715,-2.6157715,-3.0557716,-2.9657714,-2.7957716,-3.4657714,-4.1157713,-4.3657713,-4.8657713,-5.4257717,-4.0057716,-4.1357713,-5.1857715,-5.0557714,-5.6757717,-5.2457714,-5.7357717,-4.0157714,-4.9057713,-1.8457714,-0.68577147,-0.68577147,-1.8157715,-0.8957715,-2.4457715,-2.2757714,-2.8357716,-2.4357715,-2.4257715,-2.9057715,-3.8757715,-4.0957713,-4.6257715,-4.9457717,-5.4557714,-6.3957715,-6.6857715,-6.5157714,-4.7757716,-5.3457713,-6.2157717,-6.8057714,-6.8057714,-7.1657715
4.0842285,3.9042284,3.1442285,1.9542285,1.4242285,0.6442285,0.18422851,-0.23577148,-0.74577147,-0.7657715,-0.9557715,-1.1657715,-1.4057715,-1.7557715,-2.5357714,-2.8457716,-2.6657715,-3.3657715,-4.2957716,-3.0257714,-4.0557714,-4.2057714,-6.6157713,-4.8857713,-4.6957717,-5.1957717,-6.2757716,-5.7457714,-6.4057713,-5.7857714,-5.3257713,-4.5357714,-2.4257715,-1.7757715,-1.2257714,-1.7557715,0.41422853,-1.0057715,-1.4657714,-0.9157715,-1.9957715,-2.1957715,-2.9957714,-3.1157715,-3.5457716,-3.7857714,-4.1557713,-4.5457716,-5.4557714,-6.1757717,-6.3657713,-7.7557716,-8.115771,-10.765772,-12.545772,-9.205771,-4.6457715,-6.7857714
3.9042284,3.7042284,2.8142285,1.6842285,1.0042285,0.44422853,-0.7257715,-1.2357715,-1.3157715,-1.5557715,-2.1857715,-2.4457715,-2.6657715,-2.5557716,-2.8757715,-2.9057715,-3.8357716,-4.2757716,-3.8357716,-4.5257716,-4.2757716,-4.9957714,-4.3257713,-4.9457717,-5.3057714,-5.7757716,-5.2657714,-6.0157714,-5.8157716,-5.7957716,-4.5957713,-3.3757715,-1.6457715,-2.3157716,-2.6357715,-2.4957714,0.41422853,-1.0757715,-3.2557714,-3.4257715,-1.4057715,-2.4657714,-2.9657714,-3.0857716,-3.4857714,-3.7357714,-4.2557716,-4.7557716,-6.0057716,-6.2357717,-7.1457715,-5.9257717,-5.5157714,-9.805772,1.5842285,-9.935772,-8.805772,-6.6857715
3.3442285,3.0842285,2.2542286,1.7742286,0.36422852,0.07422852,-0.7257715,-1.6157715,-2.1557715,-2.6257715,-2.6857715,-2.7557714,-2.8457716,-2.6657715,-3.7757714,-2.5357714,-3.5757716,-3.4757714,-3.8557715,-3.9157715,-4.7757716,-5.1557713,-6.0257716,-5.8157716,-5.1957717,-6.1057715,-5.5257716,-5.3157716,-6.0157714,-4.5157714,-4.1757717,-2.7257714,-2.5157714,-3.0957716,-2.4157715,-2.8457716,-0.8857715,-2.0557716,-2.7257714,-2.6257715,-3.4257715,-3.2757714,-2.7757714,-3.0257714,-3.3357716,-4.2357717,-4.6557713,-4.8057714,-6.2357717,-7.0557714,-7.7557716,-6.5857716,-6.0257716,-6.2057714,-4.6057715,-6.6257715,-6.6357713,-7.7257714
2.4042284,1.3942285,0.5242285,-0.6557715,-1.1257715,-0.8957715,-1.2857715,-2.4157715,-2.7257714,-1.8857715,-1.6057715,-2.1057715,-2.8957715,-2.5257714,-3.6957715,-3.5257714,-2.8457716,-4.0157714,-3.6457715,-4.0757713,-5.4757714,-5.6757717,-5.0057716,-5.6957717,-5.7657714,-6.5457716,-5.4957714,-6.1257715,-6.3657713,-3.7157714,-2.8857715,-3.8057716,-4.5957713,-4.1157713,-3.3257716,-3.3057716,-2.9257715,-3.4357715,-3.5157714,-2.6257715,-2.9557714,-2.7157714,-2.5757716,-2.5757716,-2.8657715,-3.1957715,-4.0257716,-5.2057714,-5.5857716,-6.1757717,-6.2557716,-6.3357716,-6.1757717,-5.7757716,-6.5657716,-6.4657717,-4.0757713,-6.4757714
1.3442285,0.6542285,-0.2557715,-0.42577147,-0.7157715,-0.9057715,-1.1657715,-2.7557714,-3.1757715,-0.74577147,-0.7257715,-0.21577148,-0.3157715,-0.74577147,-1.1657715,-2.3157716,-3.6257715,-4.0157714,-4.2457714,-4.6157713,-5.0457716,-5.0657716,-4.9957714,-3.8857715,-5.7057714,-6.1357713,-5.6957717,-5.1757717,-4.9957714,-3.5757716,-3.7457714,-2.1557715,-3.5157714,-3.6257715,-3.7957716,-2.8457716,-3.2257714,-4.2057714,-3.9357715,-3.7957716,-3.3657715,-2.6257715,-2.1957715,-2.2157714,-2.5957716,-3.1557715,-3.6857715,-5.0957713,-5.7157717,-6.2357717,-6.4057713,-6.2557716,-5.9457717,-6.3957715,-6.0557714,-4.9857717,-4.9857717,-6.7757716
0.22422852,-0.45577148,-0.8457715,-0.4757715,0.2542285,-0.5957715,-1.6357715,-3.0357714,-1.0857714,-1.1657715,-1.4657714,-1.5657715,-1.2457715,-1.4457715,-1.7757715,-2.5257714,-3.2657714,-3.4257715,-3.4057715,-4.0457716,-4.8157716,-5.3857713,-4.1657715,-5.3657713,-6.5057716,-5.7857714,-5.2657714,-5.2757716,-3.4657714,-4.5257716,-3.1757715,-3.1157715,-3.8857715,-4.4357715,-3.5857716,-3.3257716,-4.3857713,-4.6957717,-3.6457715,-3.0857716,-3.4057715,-2.5957716,-2.1457715,-2.8357716,-3.0657716,-3.7157714,-4.2057714,-4.0257716,-4.5357714,-4.9357715,-4.8057714,-4.5657716,-4.9157715,-6.2757716,-6.1057715,-6.0357714,-5.7257714,-5.4257717
0.20422852,-0.62577146,-0.5957715,0.014228515,-0.99577147,-1.7357715,-2.3357716,-2.8557715,-1.4057715,-1.9157715,-1.7057714,-2.3557715,-1.4957715,-3.3257716,-2.8157716,-3.1857715,-2.6757715,-2.9757714,-4.6357713,-4.9057713,-5.1657715,-4.7857714,-5.0157714,-4.7557716,-5.4457717,-6.3557715,-6.2257714,-5.8957715,-4.6957717,-4.0457716,-4.1857715,-3.1857715,-3.0357714,-4.3957715,-4.5857716,-4.5157714,-3.7957716,-4.4257717,-4.2257714,-3.2457714,-2.9057715,-2.9057715,-3.5957716,-2.7057714,-2.9957714,-4.1057715,-4.2857714,-4.8457713,-5.4357715,-5.3457713,-4.9757714,-5.0257716,-5.2357717,-1.4157715,-4.5657716,-5.6457715,-3.8957715,1.8342285
0.2742285,-0.29577148,-0.32577148,-1.1657715,-0.94577146,-1.2857715,-2.2357714,-2.5057714,-2.7857714,-0.7057715,-0.81577146,-1.0257715,-1.4157715,-3.3357716,-3.3857715,-3.6057715,-3.3357716,-4.3957715,-3.7157714,-2.8657715,-4.5357714,-5.5357714,-6.2157717,-5.5157714,-4.8857713,-5.2357717,-6.2757716,-4.5257716,-3.9957714,-4.7857714,-3.5757716,-2.8657715,-4.4457717,-4.6357713,-4.6657715,-5.7957716,-3.6357715,-4.9757714,-3.6957715,-3.3657715,-3.3257716,-3.2557714,-2.9557714,-2.2557714,-3.1257715,-3.0557716,-3.5657716,-3.4757714,-4.1557713,-4.7057714,-4.4557714,-4.7157717,-4.2057714,-5.2457714,-5.2857714,-3.7457714,-0.36577147,2.2742286
0.3142285,-1.2757715,-1.0257715,-1.5357715,-0.87577146,-1.9357715,-0.6157715,-2.9157715,-0.7857715,-0.24577148,-1.8857715,-2.0357714,-2.4157715,-1.5657715,-2.9157715,-3.4057715,-4.6357713,-4.3057714,-4.6157713,-5.0857716,-6.1257715,-4.2257714,-5.2757716,-6.9757714,-5.6157713,-6.4457717,-5.9157715,-4.4957714,-5.0457716,-3.1757715,-2.9557714,-3.7357714,-4.5557714,-4.3157716,-6.3857713,-4.0657716,-3.5757716,-4.8357716,-3.2357714,-3.0357714,-3.3557715,-2.4257715,-1.7757715,-1.4457715,-1.5457715,-1.0057715,-1.8957715,-2.5857716,-3.8757715,-4.4157715,-4.3957715,-4.2757716,-3.8857715,-6.0757713,-2.4857714,-0.36577147,1.4142286,1.4742285
-1.1957715,-0.5457715,-1.3157715,-1.7557715,-1.3157715,-0.9757715,-1.1257715,-0.7957715,-0.015771484,-1.8457714,-1.5657715,-1.5957714,-2.2557714,-2.8457716,-3.1657715,-3.6857715,-5.1157713,-3.2557714,-4.3457713,-3.4757714,-4.0257716,-4.1357713,-4.7857714,-3.8957715,-4.8457713,-4.6357713,-4.7457714,-5.3857713,-4.3557715,-3.3857715,-2.7957716,-5.3157716,-4.4657717,-4.2457714,-4.2357717,-1.7957715,-4.2657714,-4.1157713,-3.9657714,-3.4157715,-3.3157716,-3.0157714,-1.0557715,-0.5957715,-0.87577146,-1.4757714,-1.3357714,-2.4857714,-2.7757714,-2.7757714,-3.5257714,-3.8357716,-3.8657715,-4.1557713,-1.7557715,-0.3157715,0.23422852,3.4242284
-0.5957715,-2.7057714,0.4342285,1.7642285,-2.3457716,-1.3257715,-0.6157715,0.75422853,1.1542286,-1.1257715,-1.2957715,-2.5057714,-3.6657715,-1.9457715,-2.6557715,-3.4257715,-4.3457713,-4.2157717,-5.2957716,-4.9957714,-5.4357715,-4.9157715,-5.9057713,-5.6557713,-5.4857717,-6.0557714,-4.8357716,-4.5657716,-3.9657714,-3.1257715,-3.1857715,-3.2157714,-3.8257716,-3.6057715,-2.8857715,-3.5757716,-2.8257716,-2.9457715,-3.4157715,-3.6657715,-3.1257715,-2.0257714,0.8442285,0.034228515,-0.5957715,-1.6257715,-1.4257715,-1.2257714,-1.5557715,-2.7757714,-1.5357715,-2.8857715,-5.7957716,-5.2257714,-3.5057714,-0.62577146,-0.38577148,1.9442285
-2.4557714,-1.5957714,-1.2957715,-1.4557714,-1.9457715,-1.9357715,-1.2257714,-0.005771484,-0.80577147,-1.2757715,-1.8357714,-3.3357716,-2.4557714,-4.2557716,-4.3457713,-3.2957716,-4.2057714,-3.8657715,-4.5057716,-4.7057714,-3.5457716,-4.5857716,-4.6257715,-4.6957717,-4.3957715,-4.9557714,-3.0057714,-2.7157714,-2.7157714,-5.1657715,-3.2057714,-3.9257715,-3.1857715,-3.2457714,-2.4557714,-3.3557715,-3.9757714,-2.6257715,-2.3157716,-2.5357714,-1.9857715,-0.9257715,0.5142285,-0.38577148,-0.50577146,-0.39577147,-1.7657715,-1.6857715,-1.6457715,-1.9257715,-3.3157716,-2.4057715,-2.4457715,-1.9257715,-1.6857715,-0.9257715,4.6842284,3.8142285
-2.3057716,-1.4857715,-0.8657715,-1.6657715,-1.5157715,-1.5857714,-1.4257715,1.3642285,-0.5257715,-1.9557714,-1.3757715,-2.1457715,-3.2757714,-3.0557716,-4.3957715,-4.4457717,-4.6257715,-3.6457715,-3.3957715,-3.6757715,-2.3557715,-3.2957716,-2.7057714,-2.8657715,-3.6957715,-2.8557715,-2.9357715,-4.3157716,-5.0857716,-4.0057716,-4.2057714,-3.2657714,-1.4457715,-2.5957716,-2.6857715,-2.2857714,-2.3957715,-1.6757715,-1.5657715,-1.3457714,-0.6357715,0.024228515,-0.6357715,-0.4057715,0.14422852,0.50422853,-0.39577147,-1.5957714,-1.9057715,-2.0157714,-1.2657715,-0.75577146,-1.3357714,-2.4057715,-0.99577147,2.6342285,3.8942285,3.4542284
-1.7357715,-0.41577148,-0.19577149,-0.7657715,-0.39577147,0.044228517,-0.36577147,-0.6757715,-0.9157715,-0.24577148,-2.3957715,-2.7157714,-2.1957715,-2.6757715,-3.1257715,-3.0457716,-2.8257716,-3.0057714,-2.7757714,-3.1657715,-3.3557715,-3.6257715,-4.4357715,-4.1857715,-4.4157715,-4.3057714,-5.6757717,-5.3057714,-4.5257716,-2.6057715,-2.4157715,-1.9557714,-2.6857715,-2.6057715,-2.1557715,-1.4157715,-2.0257714,-2.4557714,-2.5357714,-3.3857715,-2.4857714,-2.0157714,-1.0257715,0.034228515,0.2842285,0.68422854,1.7442285,0.18422851,-1.7057714,-2.3757715,-3.7257714,-2.9257715,-0.5257715,-0.35577148,0.20422852,2.2142286,2.0442286,2.7842286
-1.0857714,-0.48577148,-0.62577146,-0.29577148,-1.0357715,-0.55577147,0.084228516,-0.22577149,-1.6957715,-0.8857715,-0.30577147,-0.9157715,-1.3757715,-1.9657714,-1.7457715,-1.4457715,-1.8857715,-2.4657714,-2.9557714,-3.3957715,-4.2257714,-4.0957713,-4.3757715,-4.4457717,-5.0457716,-4.6257715,-3.8257716,-3.8257716,-2.7757714,-2.7057714,-2.3057716,-1.3757715,-2.4557714,-2.0457716,-4.1757717,-4.1057715,-2.7257714,-3.2857714,-1.3357714,-1.8257715,-1.5457715,-1.7157714,-1.5457715,-1.0457715,1.2942286,1.9442285,2.0942285,1.4042286,-0.30577147,-3.0157714,-2.4157715,0.62422854,1.4742285,2.2842286,1.1342285,1.4142286,1.8342285,1.9042286
-2.2557714,-0.07577148,0.7142285,0.26422852,-0.005771484,-0.06577148,-0.5157715,-1.5457715,-2.9157715,-2.5657716,-1.9357715,-1.1757715,-1.1157715,-1.9857715,-2.3557715,-1.4457715,-1.9157715,-3.3057716,-2.8857715,-3.7057714,-4.0057716,-4.7457714,-4.6757717,-4.3957715,-4.5957713,-4.4357715,-2.8257716,-2.0157714,-2.5457716,-2.9757714,-3.3257716,-2.2657714,-3.8557715,-4.1157713,-3.5857716,-4.1157713,-4.3857713,-4.2357717,-4.0257716,-3.7457714,-2.1857715,-2.3457716,-1.2657715,-0.18577148,0.87422854,1.6142285,1.5442286,0.7342285,1.9242285,2.7542286,2.5642285,1.1842285,0.38422853,3.0042286,1.5742285,1.6142285,1.5242286,1.5642285
