json/gfs_20240721_18.json
{"header": { "discipline":0, "disciplineName":"Meteorological products", "gribEdition":2, "gribLength":79804, "center":7, "centerName":"US National Weather Service - NCEP(WMC)", "subcenter":0, "refTime":"2024-07-21T18:00:00.000Z", "significanceOfRT":1, "significanceOfRTName":"Start of forecast", "productStatus":0, "productStatusName":"Operational products", "productType":1, "productTypeName":"Forecast products", "productDefinitionTemplate":0, "productDefinitionTemplateName":"Analysis/forecast at horizontal level/layer at a point in time", "parameterCategory":2, "parameterCategoryName":"Momentum", "parameterNumber":2, "parameterNumberName":"U-component_of_wind", "parameterUnit":"m.s-1", "genProcessType":2, "genProcessTypeName":"Forecast", "forecastTime":0, "surface1Type":103, "surface1TypeName":"Specified height level above ground", "surface1Value":10.0, "surface2Type":255, "surface2TypeName":"Missing", "surface2Value":0.0, "gridDefinitionTemplate":0, "gridDefinitionTemplateName":"Latitude_Longitude", "numberPoints":65160, "shape":6, "shapeName":"Earth spherical with radius of 6,371,229.0 m", "gridUnits":"degrees", "resolution":48, "winds":"true", "scanMode":0, "nx":360, "ny":181, "basicAngle":0, "lo1":0.0, "la1":90.0, "lo2":359.0, "la2":-90.0, "dx":1.0, "dy":1.0 }, "data":
[rows 150 to 174 of 181, columns 285 to 341 of 360]
12.928598,12.648599,12.328599,12.628598,8.428598,3.4485986,1.5985986,-0.48140135,-2.9614015,-5.0414014,-5.9814014,-5.761401,-3.8614013,-0.41140136,1.1385987,1.1585987,3.4185987,5.8685985,7.8085985,8.698599,9.128598,9.708599,9.928598,8.938599,9.648599,7.5785985,3.1685987,1.2385986,3.2385986,3.7485986,3.9085987,3.8685987,3.8085985,3.8485987,4.3885984,4.948599,4.7885985,4.2085986,4.8685985,3.2185986,3.1285987,2.9585986,1.3785987,-1.2914014,-3.0514014,-3.2014015,-2.3014014,-1.3014014,-2.8914013,-1.9614013,-0.38140136,-4.1914015,-4.991401,-4.1714015,-3.8114014,-3.4514015,-3.0914013
11.938599,12.398599,12.318599,10.868599,3.5085986,1.0585986,-1.2714014,-4.3914013,-5.8114014,-6.1214013,-4.8314013,-3.7714014,-1.5914013,0.59859866,1.7185986,3.5285985,6.1885986,7.6485987,8.758598,9.388598,8.458599,7.6185985,4.3985987,2.9285986,2.4185987,2.6385987,2.1585987,3.3385987,4.218599,4.8385987,5.698599,5.6485987,5.528599,5.9985986,6.238599,6.0185986,6.3385987,5.8285985,5.3185987,6.3385987,4.2685986,3.3685987,-0.041401368,-1.2714014,-2.6314013,-2.0314014,-2.2014015,-3.0414014,-4.0714016,-3.1714013,-1.6114013,-4.781401,-5.8914013,-6.6514015,-6.6514015,-6.301401,-6.5914016
10.898599,10.908599,9.258598,5.5585985,0.38859862,-2.9714015,-4.1714015,-5.3614016,-6.031401,-4.4314013,-3.6414013,-2.7814014,-0.65140134,1.3485986,3.9085987,5.3285985,5.968599,6.198599,8.208599,7.8185987,0.67859864,1.4385986,1.6185986,2.3685987,3.8185987,3.8785987,4.528599,5.9785986,6.798599,6.8985987,7.1685987,7.8785987,8.388598,8.238599,8.138598,7.8185987,7.488599,7.3985987,6.258599,6.2885985,4.778599,2.1585987,-0.89140135,-1.6614014,-2.5914013,-2.4114013,-2.6914015,-4.8214016,-5.6714015,-4.1514015,-4.011401,-5.9814014,-7.2914014,-8.511401,-8.9014015,-9.391401,-9.891401
7.3485985,5.7485986,5.5985985,-0.5514014,-3.1514013,-4.6814013,-5.3114014,-5.8514013,-4.471401,-3.6914015,-3.6814013,-2.3914013,-0.08140137,2.1285987,2.0485985,0.7785986,-3.4114013,-1.3514013,1.0485986,1.3285986,1.8585986,1.0785986,3.3285987,4.6785984,6.9085984,9.608599,10.128598,10.748599,10.758598,10.268599,9.798598,9.748599,9.588598,9.288599,8.988599,8.608599,8.818599,8.398599,7.2285986,6.6585984,7.4285984,0.12859863,-1.1514014,-1.8114014,-2.6814013,-2.4214013,-4.1214013,-5.801401,-5.8514013,-5.281401,-5.531401,-7.0914016,-7.971401,-8.451402,-9.261401,-9.6514015,-10.171401
3.3785987,4.9585986,1.9985986,-3.0614014,-4.3314013,-5.3614016,-6.051401,-6.2514014,-5.9114013,-4.6914015,-7.4614015,-9.631401,-10.181401,-5.3214016,-5.8714013,-0.23140137,4.4585986,-3.0114014,-0.39140138,0.5885986,3.0185986,6.7285986,8.798598,9.988599,10.578599,11.268599,11.798598,12.298598,12.078599,11.438599,11.248599,10.958599,10.298598,9.898599,9.628598,9.048598,9.198599,8.838598,8.118599,6.7885985,7.3285985,-0.84140134,-1.8714013,-2.3814013,-3.3214014,-2.5214014,-5.6414013,-6.761401,-5.8314013,-6.1614013,-6.8114014,-7.6314015,-9.071402,-8.851401,-9.411402,-9.6514015,-10.201402
2.3285987,0.5285986,-2.8514013,-6.0814013,-8.231401,-10.301401,-12.6914015,-12.6514015,-10.981401,-9.331402,-10.341401,-8.9014015,-3.7114015,2.3985987,-0.09140137,-0.47140136,0.84859866,2.9985986,5.0785985,7.0885987,8.488599,9.5985985,10.258598,10.928598,11.648599,12.468598,13.108599,12.688599,12.248599,11.898599,11.368599,10.468598,9.378598,8.418598,8.428598,8.088598,8.248599,8.198599,7.3885984,6.3885984,7.0785985,-1.3514013,-2.9514015,-3.1414013,-3.4814014,-4.5414014,-6.6014013,-7.3414016,-6.5714016,-7.201401,-7.7914014,-8.161402,-8.881401,-9.331402,-9.451402,-9.821402,-10.361402
-11.921401,-14.661402,-14.381401,-13.431401,-16.061401,-15.681401,-13.601401,-12.201402,-11.261401,-9.061401,-3.8714013,0.8385986,-0.40140137,0.30859864,-0.041401368,2.2085986,4.7485986,6.1685987,6.9385986,7.7485986,8.978599,10.128598,11.188599,12.018599,13.268599,13.408599,13.148599,12.498599,11.608599,10.528599,9.388598,8.068599,6.8585987,6.0685987,5.6285987,5.8385987,6.198599,6.3785987,5.3385987,4.7485986,2.8785987,-2.8214014,-3.9414015,-3.2714014,-4.7314014,-6.7914014,-7.4214015,-7.3914013,-7.6414013,-7.9414015,-8.311401,-8.781402,-9.081402,-9.221401,-9.351401,-9.281402,-9.131401
-9.031402,-10.061401,-10.991402,-12.371402,-12.6514015,-12.571402,-7.9214015,-3.1214013,-0.9214014,-1.4814013,-0.69140136,0.9585986,0.7685986,2.2785985,3.1085987,4.0685987,5.3885984,6.3685985,7.3485985,8.538599,9.568599,10.358599,11.378598,11.778599,12.538599,12.838598,13.038599,11.938599,9.438599,7.0185986,5.238599,4.4385986,2.6985986,2.0685987,2.8185987,3.3785987,4.1285987,3.9785986,2.7485986,3.3085985,-3.0214014,-4.2114015,-4.5214014,-5.5614014,-6.2514014,-7.8814015,-7.9114013,-8.171401,-8.661402,-8.631401,-8.361402,-8.951402,-9.071402,-8.981401,-8.511401,-8.311401,-8.221401
-6.2714014,-7.8914013,-9.571402,-9.451402,-8.201402,-7.3114014,-6.4014015,-3.7514014,-2.5714014,-1.4114014,0.22859864,2.0585985,2.8785987,1.8885987,3.0785987,3.9285986,4.7285986,5.4285984,6.3585987,7.298599,7.8885984,7.758599,8.378598,10.168598,11.948599,12.8485985,9.498599,0.48859864,-3.9114013,-3.3014014,-2.4314013,-3.5814013,-2.1514013,-0.95140135,0.59859866,1.3785987,1.6185986,2.9085987,-1.6814014,-4.5014014,-5.1314015,-5.5814013,-6.6014013,-7.1914015,-8.6914015,-8.841401,-8.931401,-9.131401,-9.141401,-9.101401,-9.131401,-9.341401,-9.071402,-8.471401,-8.231401,-7.9814014,-7.6614013
-3.5114014,-2.9814014,-3.1414013,-3.0014014,-3.5614014,-0.20140137,0.19859864,0.12859863,-1.5914013,-3.9414015,-1.4514014,3.2385986,2.1685987,3.0585985,3.1685987,3.9585986,3.6785986,4.1385984,4.6285987,4.9785986,4.2085986,4.7285986,6.278599,7.2885985,6.3285985,-1.7414013,-7.3214016,-8.6914015,-8.991402,-8.081402,-6.3814015,-4.6914015,-3.5614014,-1.8414013,-1.5514014,-0.111401364,-2.6414013,-5.8414016,-6.0414014,-6.5714016,-6.9014015,-8.591401,-9.701402,-10.041401,-9.561401,-9.701402,-10.081402,-9.981401,-10.121402,-9.751401,-9.841401,-9.451402,-8.971401,-8.541401,-8.241402,-8.011401,-7.9114013
-0.041401368,-2.3314013,-2.7914014,-4.3114014,-1.7014014,-3.7714014,0.60859865,-3.9014013,-4.7714014,-4.6314015,-3.5914013,3.2085986,4.5685987,2.2785985,2.2785985,2.6485987,2.6385987,2.9885986,2.8185987,2.7585986,2.0385985,1.7785987,1.7585987,0.20859863,-2.8114014,-5.201401,-8.371402,-8.021401,-8.031402,-7.8714013,-7.3614016,-5.3514013,-4.3514013,-7.6214013,-8.561401,-7.8814015,-7.9014015,-8.461401,-9.001401,-10.461401,-11.251401,-11.141401,-10.9014015,-10.811401,-10.981401,-10.981401,-10.621402,-10.501401,-10.611402,-10.321402,-10.121402,-9.721401,-9.531402,-9.351401,-8.971401,-8.721401,-8.301401
-0.90140134,-0.7814014,-1.5214014,-0.46140137,-1.1514014,-2.3214014,-0.83140135,0.29859865,-4.2114015,-4.2514014,-4.6814013,-2.4114013,3.7685986,2.4385986,-1.7314013,2.3985987,2.6385987,2.3585987,2.5285985,1.5685986,0.068598635,-1.6914014,-3.3714013,-5.031401,-6.5414014,-7.6414013,-8.9014015,-9.881401,-10.771401,-11.161402,-10.971401,-10.561401,-10.071402,-9.821402,-9.341401,-11.281402,-12.091401,-12.551401,-12.461401,-12.6914015,-12.421401,-12.231401,-12.271401,-12.111402,-12.111402,-11.761401,-11.561401,-11.361402,-11.051401,-10.781402,-10.561401,-10.371402,-10.261401,-9.911402,-9.521401,-9.031402,-8.751401
-2.1314013,-0.38140136,0.44859862,-0.14140137,-2.3514013,-2.4614015,0.17859863,0.8185986,-0.9214014,-7.051401,-6.741401,-4.1714015,2.8285987,0.87859863,2.7685986,2.5085986,3.3485987,2.0885987,1.2785987,0.7085986,-0.18140137,-1.8914014,-4.761401,-6.6314015,-7.5914016,-9.041401,-9.831402,-10.391401,-10.361402,-10.411402,-11.011401,-12.251401,-12.921401,-13.821402,-14.321402,-13.751401,-13.461401,-13.211401,-12.951402,-13.031402,-13.131401,-13.021401,-12.981401,-13.041401,-12.741402,-12.601401,-12.321402,-11.961401,-11.661402,-11.341401,-11.061401,-11.061401,-10.861402,-10.701402,-10.361402,-10.231401,-9.9014015
-3.1814013,-0.10140137,-0.9714014,-2.7414014,-4.8714013,-4.2114015,-3.7514014,-2.5114014,-5.7714014,-5.6314015,-7.5414014,-4.0814013,2.3285987,2.5085986,3.2485986,2.8085985,3.6585987,1.8685986,0.17859863,-0.69140136,-1.6414014,-2.4614015,-3.3714013,-4.8314013,-6.5914016,-7.701401,-9.141401,-10.831402,-11.051401,-11.291401,-11.841401,-12.731401,-13.311401,-13.301401,-13.071402,-13.761401,-13.851401,-14.101401,-14.041401,-13.891401,-13.731401,-13.6514015,-13.481401,-13.511401,-13.271401,-12.861402,-12.771401,-12.581402,-12.341401,-12.051401,-11.781402,-11.591401,-11.261401,-11.091401,-10.921401,-10.721401,-10.091401
-0.69140136,-2.4514015,-5.8714013,-6.1014013,-5.721401,-4.2914014,-5.0914016,-6.971401,-6.8314013,-1.9714013,-0.36140138,2.2685986,1.8385986,1.3985987,2.3985987,3.1585987,2.8785987,0.11859863,-1.4414014,-2.3114014,-2.7214015,-3.0414014,-3.8714013,-4.7914014,-5.6914015,-6.6214013,-7.8414016,-8.671401,-9.631401,-10.501401,-11.891401,-12.611402,-12.751401,-12.821402,-13.121402,-14.161402,-14.341401,-14.321402,-14.251401,-14.121402,-14.261401,-14.1514015,-14.081402,-13.971401,-13.831402,-13.591401,-13.381401,-13.071402,-12.761401,-12.661402,-12.701402,-12.241402,-11.711401,-11.741402,-11.701402,-11.111402,-10.1914015
-2.0814013,-3.2314014,-3.6014013,-1.2614014,-2.2614014,-1.2014014,-1.9514014,-3.5114014,-2.6214013,2.1685987,3.1085987,2.9885986,0.38859862,-0.57140136,-1.2314013,-0.17140137,-1.4214014,-2.7214015,-3.4814014,-3.9214013,-4.0014014,-4.031401,-4.741401,-5.3214016,-6.051401,-6.6114016,-7.1714015,-7.8614016,-8.781402,-9.491402,-10.061401,-10.671401,-11.031402,-11.601401,-13.301401,-14.411402,-14.031402,-14.4014015,-14.201402,-14.321402,-14.361402,-14.421401,-14.371402,-14.331402,-14.351401,-14.091401,-14.051401,-14.321402,-13.801401,-13.661402,-13.121402,-12.511401,-11.601401,-11.011401,-10.081402,-9.231401,-9.231401
-3.7214015,-3.4614015,-2.9614015,-1.6214013,-1.0914013,0.7585986,1.7585987,0.5285986,1.3585986,-1.2114013,-3.0614014,-3.2314014,-3.2614014,-2.7814014,-2.2014015,-2.5314014,-2.4514015,-3.0214014,-4.5914016,-4.8414016,-5.1014013,-5.5914016,-5.7914014,-5.9114013,-6.0914016,-6.4814014,-6.6714015,-7.0614014,-7.8314013,-8.461401,-8.611402,-8.881401,-9.631401,-12.211401,-13.121402,-12.951402,-13.551401,-13.621402,-14.021401,-14.221401,-14.601401,-15.1514015,-15.891401,-16.3614,-16.591402,-17.091402,-18.0314,-18.1114,-17.761402,-17.911402,-16.8614,-15.711401,-13.881401,-11.871402,-11.091401,-10.321402,-8.981401
-5.801401,-5.451401,-4.1714015,-3.4314013,-3.3114014,-3.2114015,-3.8414013,-3.6314013,-2.3214014,-0.41140136,0.8185986,0.5785986,-0.59140134,-1.3614013,-2.3314013,-3.6314013,-4.7514014,-5.7714014,-6.4114013,-6.4614015,-6.3514013,-6.4014015,-6.701401,-7.4214015,-7.801401,-7.9414015,-7.7114015,-7.801401,-7.491401,-6.8814015,-6.3214016,-6.4414015,-8.831402,-11.731401,-11.1914015,-12.011401,-12.541401,-13.121402,-13.6914015,-14.311401,-15.061401,-15.6514015,-15.331402,-14.741402,-17.741402,-17.401402,-15.501401,-14.1914015,-13.131401,-12.281402,-10.751401,-9.471401,-9.251401,-8.831402,-7.9214015,-6.8114014,-5.9614015
-7.1214013,-4.801401,-4.7114015,-5.1914015,-5.991401,-6.781401,-7.261401,-7.6014013,-7.9414015,-8.351401,-9.021401,-9.321402,-9.091401,-8.761401,-8.481401,-8.091401,-7.7314014,-7.5614014,-7.5414014,-7.2314014,-6.5414014,-6.051401,-5.971401,-5.8714013,-5.8314013,-7.3314013,-11.271401,-14.1914015,-13.1514015,-9.461401,-5.1814013,-3.7614014,-2.2014015,-3.1714013,-7.741401,-8.751401,-9.241402,-9.171401,-8.611402,-8.411402,-10.501401,-10.541401,-8.501401,-8.211401,-8.331402,-7.511401,-7.8414016,-8.1914015,-8.491402,-8.381401,-7.491401,-6.5814013,-5.8914013,-6.0714016,-5.8514013,-5.261401,-5.6814013
-7.471401,-7.241401,-6.4614015,-5.5014014,-7.7514014,-8.981401,-5.9614015,-4.971401,-7.0214014,-7.9314013,-8.341401,-8.581402,-8.671401,-8.481401,-8.251401,-7.9214015,-7.491401,-7.1414013,-6.8314013,-5.9314013,-4.7714014,-3.6814013,-1.9114014,-1.2814014,-5.6314015,-11.6914015,-15.071402,-13.511401,-11.051401,-8.211401,-5.1714015,-0.75140136,2.5785987,0.07859863,-4.051401,-6.221401,-4.991401,-3.2114015,-1.6814014,-1.6414014,-4.6314015,-6.8214016,-5.7314014,-5.241401,-6.0214014,-6.701401,-7.9614015,-8.611402,-7.7314014,-6.1814013,-4.2714014,-3.0114014,-2.5214014,-2.8514013,-3.4614015,-5.1314015,-6.3614016
-6.741401,-6.3514013,-6.5914016,-7.1114016,-7.3214016,-7.2914014,-7.0914016,-7.011401,-6.741401,-5.951401,-6.2314014,-7.221401,-7.7714014,-8.061401,-8.051401,-6.9214015,-5.8314013,-5.3814015,-5.5014014,-5.1514015,-4.4214015,-3.7714014,-3.2414014,-2.3014014,-2.7514014,-4.491401,-8.231401,-10.601401,-10.671401,-8.801401,-4.0914016,2.1385987,3.9785986,2.6885986,-0.14140137,-3.1114013,-4.451401,-5.4414015,-6.031401,-6.9814014,-7.8614016,-9.021401,-9.531402,-9.621402,-9.711401,-10.761401,-11.701402,-11.601401,-10.891401,-10.371402,-10.041401,-9.421401,-8.521401,-8.331402,-8.4414015,-9.081402,-9.4414015
-7.301401,-6.531401,-5.7514014,-6.031401,-6.551401,-6.0414014,-5.4114013,-5.0814013,-5.0714016,-5.0414014,-4.991401,-5.0814013,-5.8214016,-6.491401,-6.5014014,-5.8814015,-5.4214015,-5.2714014,-4.781401,-4.991401,-5.951401,-6.8914013,-7.801401,-9.001401,-10.011401,-10.971401,-11.491402,-9.9414015,-6.721401,-5.221401,-5.241401,-4.721401,-4.5614014,-4.7714014,-4.9114013,-5.701401,-6.3614016,-6.4814014,-7.6414013,-8.621402,-9.491402,-9.301401,-8.551401,-8.041401,-7.6314015,-8.811401,-10.261401,-10.101401,-8.861402,-7.6214013,-6.6214013,-5.8414016,-5.8214016,-5.801401,-5.7114015,-5.801401,-6.5914016
-8.1514015,-9.041401,-10.411402,-11.831402,-12.121402,-11.291401,-10.611402,-10.451402,-10.341401,-10.181401,-9.971401,-9.791401,-9.601401,-9.381401,-9.171401,-9.101401,-9.321402,-9.641401,-10.021401,-10.511401,-10.711401,-10.791401,-11.131401,-11.711401,-10.911402,-9.411402,-7.5614014,-5.3814015,-3.6014013,-2.9214013,-2.8114014,-2.9114013,-4.3214016,-7.6014013,-10.501401,-10.851401,-10.701402,-10.681401,-10.4414015,-10.491402,-10.681401,-10.531402,-10.251401,-10.091401,-9.971401,-9.701402,-9.291401,-8.641401,-7.8714013,-7.3114014,-7.0714016,-6.801401,-6.5914016,-6.6514015,-6.9414015,-7.1714015,-7.2114015
-9.291401,-9.1514015,-9.371402,-9.821402,-10.011401,-10.021401,-9.931401,-9.821402,-9.521401,-8.861402,-7.761401,-6.0714016,-4.0214014,-3.6514013,-3.0814013,-2.8814013,-4.4214015,-6.701401,-11.301401,-14.181401,-15.6914015,-15.761401,-15.001401,-14.621402,-14.451402,-12.301401,-9.021401,-6.7314014,-6.6314015,-6.281401,-5.9014015,-5.491401,-5.3114014,-5.451401,-7.201401,-9.371402,-10.1514015,-9.581402,-9.421401,-9.371402,-9.491402,-9.661402,-9.6514015,-9.291401,-8.6914015,-8.461401,-8.271401,-8.201402,-8.241402,-8.101401,-7.9814014,-7.951401,-7.9214015,-7.8714013,-8.081402,-8.281402,-8.531402
-8.251401,-8.101401,-8.051401,-8.011401,-8.1914015,-8.391401,-8.6514015,-8.601401,-8.021401,-7.1314015,-6.7114015,-7.3114014,-7.9614015,-7.7714014,-7.1114016,-5.8614016,-4.781401,-8.881401,-15.471401,-17.711401,-14.531402,-12.781402,-12.141401,-11.571402,-10.921401,-10.571402,-10.251401,-9.921401,-9.711401,-9.711401,-9.711401,-10.121402,-10.511401,-10.671401,-10.641401,-10.851401,-11.311401,-11.701402,-11.6914015,-11.621402,-11.4414015,-11.171401,-10.921401,-10.831402,-10.911402,-10.851401,-10.6914015,-10.381401,-10.051401,-9.741402,-9.511401,-9.4014015,-9.381401,-9.391401,-9.331402,-9.131401,-8.851401
