json/gfs_20240723_06.json
{"header": { "discipline":0, "disciplineName":"Meteorological products", "gribEdition":2, "gribLength":79378, "center":7, "centerName":"US National Weather Service - NCEP(WMC)", "subcenter":0, "refTime":"2024-07-23T06:00:00.000Z", "significanceOfRT":1, "significanceOfRTName":"Start of forecast", "productStatus":0, "productStatusName":"Operational products", "productType":1, "productTypeName":"Forecast products", "productDefinitionTemplate":0, "productDefinitionTemplateName":"Analysis/forecast at horizontal level/layer at a point in time", "parameterCategory":2, "parameterCategoryName":"Momentum", "parameterNumber":3, "parameterNumberName":"V-component_of_wind", "parameterUnit":"m.s-1", "genProcessType":2, "genProcessTypeName":"Forecast", "forecastTime":0, "surface1Type":103, "surface1TypeName":"Specified height level above ground", "surface1Value":10.0, "surface2Type":255, "surface2TypeName":"Missing", "surface2Value":0.0, "gridDefinitionTemplate":0, "gridDefinitionTemplateName":"Latitude_Longitude", "numberPoints":65160, "shape":6, "shapeName":"Earth spherical with radius of 6,371,229.0 m", "gridUnits":"degrees", "resolution":48, "winds":"true", "scanMode":0, "nx":360, "ny":181, "basicAngle":0, "lo1":0.0, "la1":90.0, "lo2":359.0, "la2":-90.0, "dx":1.0, "dy":1.0 }, "data":
[rows 0 to 25 of 181, columns 240 to 299 of 360]
2.403606,2.513606,2.623606,2.7336059,2.843606,2.953606,3.053606,3.163606,3.263606,3.373606,3.4736059,3.573606,3.673606,3.773606,3.873606,3.9736059,4.063606,4.163606,4.253606,4.3536057,4.443606,4.533606,4.613606,4.703606,4.793606,4.8736057,4.953606,5.033606,5.113606,5.193606,5.273606,5.343606,5.413606,5.483606,5.553606,5.6236057,5.693606,5.753606,5.823606,5.883606,5.943606,5.993606,6.053606,6.1036057,6.153606,6.203606,6.253606,6.303606,6.343606,6.383606,6.433606,6.463606,6.503606,6.533606,6.573606,6.6036057,6.633606,6.653606,6.683606,6.703606
2.843606,2.923606,2.9936059,3.033606,3.073606,3.133606,3.183606,3.2336059,3.283606,3.343606,3.413606,3.4936059,3.563606,3.643606,3.7136059,3.783606,3.863606,3.953606,4.043606,4.1236057,4.213606,4.293606,4.383606,4.473606,4.553606,4.633606,4.703606,4.783606,4.863606,4.933606,5.003606,5.073606,5.153606,5.223606,5.293606,5.3536057,5.423606,5.493606,5.553606,5.613606,5.663606,5.723606,5.773606,5.823606,5.863606,5.903606,5.943606,5.983606,6.023606,6.053606,6.083606,6.113606,6.143606,6.163606,6.183606,6.203606,6.233606,6.253606,6.273606,6.283606
2.7536058,2.803606,2.853606,2.903606,2.943606,2.9636059,2.9936059,3.023606,3.023606,3.013606,3.0036058,3.0036058,3.023606,3.043606,3.053606,3.113606,3.183606,3.263606,3.353606,3.443606,3.553606,3.663606,3.763606,3.873606,3.9736059,4.083606,4.183606,4.273606,4.363606,4.463606,4.583606,4.723606,4.8536057,5.003606,5.143606,5.263606,5.383606,5.483606,5.533606,5.583606,5.633606,5.683606,5.743606,5.813606,5.8736057,5.933606,5.993606,6.053606,6.1036057,6.143606,6.183606,6.203606,6.213606,6.213606,6.193606,6.153606,6.1036057,6.053606,6.013606,5.963606
2.863606,2.853606,2.813606,2.763606,2.7336059,2.7536058,2.793606,2.853606,2.933606,3.013606,3.073606,3.143606,3.183606,3.203606,3.2236059,3.2436059,3.263606,3.273606,3.273606,3.283606,3.283606,3.283606,3.283606,3.263606,3.273606,3.303606,3.353606,3.413606,3.4836059,3.553606,3.593606,3.653606,3.7336059,3.813606,3.903606,4.033606,4.173606,4.343606,4.503606,4.653606,4.783606,4.903606,5.013606,5.073606,5.143606,5.183606,5.223606,5.263606,5.273606,5.263606,5.243606,5.193606,5.133606,5.063606,4.993606,4.943606,4.883606,4.833606,4.753606,4.653606
2.103606,2.093606,2.073606,2.073606,2.093606,2.183606,2.273606,2.313606,2.343606,2.323606,2.323606,2.353606,2.403606,2.4936059,2.553606,2.583606,2.533606,2.433606,2.323606,2.2136059,2.193606,2.173606,2.2436059,2.323606,2.423606,2.5036058,2.553606,2.593606,2.623606,2.7236059,2.853606,3.033606,3.2336059,3.443606,3.663606,3.863606,4.063606,4.203606,4.333606,4.413606,4.493606,4.573606,4.633606,4.663606,4.673606,4.683606,4.713606,4.763606,4.843606,4.933606,5.003606,4.993606,4.913606,4.733606,4.403606,3.9736059,3.4736059,3.093606,2.853606,2.7236059
1.0436059,1.213606,1.323606,1.383606,1.373606,1.323606,1.2936059,1.2836059,1.3036059,1.323606,1.373606,1.4336059,1.493606,1.523606,1.583606,1.6536059,1.6936059,1.713606,1.753606,1.843606,2.0036058,2.133606,2.133606,2.023606,1.9436059,2.043606,2.303606,2.593606,2.893606,3.173606,3.453606,3.7236059,4.093606,4.463606,4.823606,4.983606,5.023606,4.833606,4.413606,3.913606,3.613606,3.453606,3.413606,3.4736059,3.523606,3.5036058,3.293606,2.9936059,2.933606,2.883606,2.813606,2.703606,2.563606,2.403606,2.2236059,2.063606,1.9436059,1.7936059,1.593606,1.4136059
0.12360596,-0.046394043,-0.19639404,-0.30639404,-0.35639405,-0.40639403,-0.41639405,-0.39639404,-0.31639403,-0.22639404,-0.16639404,-0.13639404,-0.13639404,-0.026394043,0.21360596,0.47360596,0.70360595,0.89360595,1.093606,1.393606,1.6836059,1.883606,1.983606,2.113606,2.273606,2.543606,2.823606,3.073606,3.2436059,3.763606,4.113606,4.263606,4.293606,4.453606,3.7336059,2.7436059,1.9436059,1.573606,1.143606,0.90360594,0.70360595,0.56360596,0.53360593,0.53360593,0.553606,0.59360594,0.65360594,0.71360594,0.743606,0.76360595,0.77360594,0.77360594,0.77360594,0.76360595,0.72360593,0.62360597,0.50360596,0.33360595,0.103605956,-0.13639404
-0.17639405,-0.17639405,-0.21639404,-0.29639405,-0.39639404,-0.52639407,-0.636394,-0.74639404,-0.886394,-1.026394,-1.106394,-1.116394,-1.106394,-1.0763941,-1.0663941,-0.96639407,-0.71639407,-0.36639404,0.023605958,0.44360596,0.853606,1.233606,1.633606,2.133606,2.643606,2.9836059,3.193606,3.343606,3.143606,3.0036058,2.823606,2.083606,0.9136059,-0.52639407,-1.536394,-1.866394,-2.0363941,-2.2663941,-2.136394,-1.406394,-0.12639405,1.373606,1.8136059,1.883606,0.923606,0.19360596,0.863606,1.5636059,2.683606,2.703606,0.29360595,-0.37639403,0.63360596,0.64360595,1.0436059,1.5536059,1.873606,1.503606,1.0436059,0.43360597
-0.43639404,-0.48639405,-0.45639405,-0.506394,-0.576394,-0.61639404,-0.67639405,-0.81639403,-0.96639407,-1.0863941,-1.266394,-1.376394,-1.3363941,-1.3263941,-1.476394,-1.5863941,-1.4563941,-1.276394,-1.046394,-0.65639406,-0.17639405,0.31360596,1.003606,1.8036059,2.2236059,2.533606,2.653606,2.153606,2.183606,1.2836059,-0.77639407,-0.956394,-0.12639405,0.603606,0.75360596,-0.066394046,-0.026394043,0.26360595,0.82360595,1.133606,1.1936059,0.72360593,0.70360595,1.2936059,2.093606,1.613606,0.18360595,-1.476394,-1.546394,-0.19639404,0.69360596,1.6936059,1.203606,1.123606,0.48360595,-0.45639405,-1.0663941,-0.62639403,-1.356394,-1.3263941
0.033605956,0.033605956,-0.08639404,-0.48639405,-0.73639405,-0.80639404,-0.93639404,-1.296394,-1.8263941,-1.9563941,-1.896394,-1.916394,-1.916394,-1.9563941,-2.146394,-2.2863941,-2.356394,-2.2463942,-1.8463941,-1.536394,-1.416394,-1.2063941,-0.16639404,1.103606,1.9236059,1.1736059,-1.376394,-1.9663941,1.0336059,2.423606,0.52360594,-0.87639403,-1.4663941,-1.356394,-0.41639405,0.09360596,-0.646394,-2.226394,-2.076394,-2.326394,-3.236394,-1.6863941,0.33360595,-1.8363941,-1.3163941,1.0436059,2.033606,1.5536059,0.6636059,2.803606,2.2436059,1.0536059,-0.576394,-2.476394,-3.896394,-1.9463941,-0.16639404,0.0036059571,1.2936059,1.113606
0.24360596,-0.046394043,-0.37639403,-0.65639406,-0.8363941,-0.99639404,-1.3463941,-1.656394,-1.8263941,-2.106394,-2.216394,-2.436394,-2.676394,-2.806394,-2.9963942,-3.2563941,-3.426394,-3.446394,-3.076394,-2.846394,-3.086394,-2.116394,-1.176394,-0.40639403,-0.99639404,-1.866394,-1.416394,-1.636394,-0.826394,-1.156394,-2.2663941,-1.976394,-0.37639403,1.253606,0.43360597,-1.266394,-1.886394,-0.756394,-0.766394,0.89360595,0.803606,0.18360595,-0.14639404,-0.766394,-1.736394,-2.976394,-1.046394,-0.56639403,-1.266394,-1.796394,-3.596394,-2.816394,-1.286394,-0.056394044,-0.39639404,-0.37639403,-0.026394043,-0.046394043,-0.55639404,-0.066394046
0.14360596,-0.17639405,-0.53639406,-1.016394,-1.3363941,-1.536394,-1.876394,-2.336394,-2.7563941,-2.926394,-3.0163941,-3.436394,-3.856394,-3.906394,-4.106394,-4.806394,-5.496394,-5.556394,-5.116394,-4.916394,-4.796394,-3.616394,-2.4963942,-0.62639403,0.26360595,-0.826394,-2.166394,-1.8463941,-1.4463941,0.18360595,0.103605956,0.27360594,0.35360596,-0.19639404,-1.1963941,-1.6863941,-0.22639404,-0.756394,-1.506394,-0.56639403,0.42360595,0.603606,1.363606,1.4036059,0.83360595,0.49360597,-1.506394,-2.636394,-1.9363941,-1.626394,-1.366394,-1.5963941,-1.136394,-1.756394,0.45360595,2.4936059,2.683606,1.513606,1.013606,1.083606
-0.37639403,-0.71639407,-1.226394,-1.4463941,-1.776394,-2.0363941,-1.9463941,-2.126394,-3.0263941,-3.876394,-4.226394,-4.006394,-4.116394,-4.466394,-4.956394,-5.276394,-4.986394,-4.696394,-4.6263943,-4.466394,-4.946394,-5.756394,-4.716394,-4.016394,-3.326394,-2.5063941,-0.52639407,0.41360596,0.013605957,-0.59639406,-1.4563941,-3.466394,-3.2563941,-1.656394,-2.426394,-0.87639403,-0.766394,-1.866394,-0.23639405,0.13360596,-0.17639405,-1.156394,-1.786394,-1.146394,-3.4963942,-4.496394,-2.356394,1.0536059,-0.47639406,-1.796394,-1.496394,0.15360595,2.2336059,1.343606,1.6836059,2.7136059,3.2536058,2.863606,1.873606,2.323606
-0.81639403,-1.666394,-2.5163941,-2.7463942,-2.7463942,-2.366394,-2.636394,-2.956394,-3.136394,-3.316394,-3.606394,-3.656394,-3.866394,-4.106394,-4.286394,-4.576394,-4.546394,-4.286394,-4.316394,-4.3963943,-4.276394,-4.196394,-4.436394,-4.206394,-3.346394,-3.046394,-2.986394,-2.7863941,-1.8463941,0.36360595,-0.49639404,-0.98639405,-0.44639406,-0.60639405,0.44360596,1.643606,1.963606,-0.016394043,-0.90639406,0.88360596,0.90360594,-2.796394,1.123606,-0.036394045,-2.7663941,-3.206394,-2.656394,-0.99639404,1.323606,1.213606,-1.1963941,1.593606,0.733606,0.94360596,0.16360596,1.363606,2.533606,2.383606,2.073606,1.6836059
-2.2763941,-1.646394,-1.9363941,-0.946394,-0.99639404,-1.876394,-3.336394,-3.986394,-4.936394,-4.466394,-3.926394,-4.1463943,-4.506394,-4.096394,-4.846394,-5.826394,-5.1463943,-4.996394,-4.906394,-5.216394,-5.716394,-5.996394,-6.536394,-7.746394,-8.236394,-6.886394,-5.546394,-3.896394,-2.456394,-1.4563941,-3.066394,-1.636394,-0.45639405,-0.84639406,-2.186394,-3.146394,-2.186394,-1.416394,1.373606,-1.666394,-2.2563941,-0.8363941,1.1536059,1.353606,0.37360597,1.5336059,2.063606,1.883606,1.3136059,0.72360593,0.84360594,1.073606,0.41360596,0.673606,0.62360597,-0.55639404,-0.20639405,-0.046394043,-0.026394043,0.17360596
-1.0763941,-1.916394,-1.656394,-2.566394,-3.5063941,-3.416394,-0.59639406,0.09360596,-0.87639403,-4.936394,-6.796394,-6.046394,-6.556394,-5.556394,-5.136394,-4.916394,-4.756394,-5.076394,-4.806394,-4.8763943,-5.096394,-5.236394,-5.716394,-6.796394,-6.786394,-7.236394,-7.656394,-8.956394,-6.966394,-2.346394,-1.9463941,0.47360596,0.06360596,0.84360594,0.43360597,0.89360595,0.08360596,-0.046394043,0.613606,-0.34639403,0.46360597,2.403606,3.873606,4.293606,4.333606,4.213606,4.133606,3.563606,2.343606,1.013606,0.58360595,0.63360596,0.63360596,0.13360596,-0.77639407,-1.1863941,-1.6863941,-1.616394,-0.8363941,0.31360596
-3.466394,-3.5063941,-3.916394,-4.096394,-4.006394,-4.516394,-4.206394,-4.3963943,-3.7863941,-2.866394,-1.5663941,-1.516394,-1.496394,-1.2063941,-0.16639404,-0.47639406,-3.0163941,-3.5063941,-3.626394,-3.456394,-3.866394,-4.226394,-4.736394,-4.856394,-4.356394,-5.016394,-5.846394,-6.746394,-6.246394,-3.216394,-6.8763943,-4.016394,1.203606,-0.47639406,1.463606,3.643606,1.363606,-1.026394,-0.31639403,0.853606,0.12360596,2.273606,5.213606,6.993606,7.573606,7.303606,6.223606,5.323606,3.133606,2.433606,0.45360595,-0.046394043,-0.48639405,-0.26639405,0.023605958,-0.18639404,-0.61639404,-1.486394,-1.0863941,-0.42639405
-4.066394,-3.876394,-3.7463942,-3.2563941,-3.916394,-3.476394,-4.1263943,-3.346394,-3.4963942,-2.916394,-2.716394,-2.386394,-1.366394,-2.686394,-3.556394,-3.726394,-1.636394,-3.336394,-5.556394,-4.666394,-6.046394,-7.856394,-7.856394,-7.656394,-7.356394,-5.256394,-7.636394,-8.066394,-8.236394,-7.786394,-9.576394,-2.206394,-0.646394,2.383606,1.1636059,0.803606,2.513606,4.423606,3.0036058,0.82360595,1.743606,0.62360597,-0.68639404,0.75360596,7.543606,7.6236057,6.6236057,5.533606,3.953606,2.803606,2.353606,0.25360596,-0.45639405,0.20360595,1.113606,0.47360596,-1.3263941,-1.546394,-2.126394,-2.5363941
-4.426394,-3.586394,-5.286394,-4.326394,-4.486394,-4.996394,-4.706394,-3.926394,-3.396394,-3.936394,-4.1263943,-4.656394,-1.226394,-5.1463943,-4.916394,-4.386394,-1.906394,-3.186394,-3.5363941,-5.256394,-6.276394,-8.276394,-8.1363945,-7.946394,-7.086394,-6.836394,-5.826394,-3.976394,-4.426394,-5.866394,-5.066394,-4.736394,-2.196394,-0.48639405,1.9236059,4.973606,4.613606,4.8536057,4.413606,3.773606,3.303606,3.133606,1.6636059,2.5036058,0.83360595,2.053606,2.543606,2.803606,3.103606,4.273606,3.4936059,3.203606,1.743606,0.50360596,0.15360595,-0.066394046,-0.5863941,-1.0863941,-1.286394,-1.526394
-1.666394,-4.026394,-3.306394,-3.816394,-4.536394,-4.726394,-4.736394,-4.556394,-4.766394,-4.486394,-4.016394,-4.316394,-5.236394,-6.246394,-6.636394,-6.156394,-3.5263941,-2.736394,-3.566394,-4.106394,-4.966394,-4.516394,-4.066394,-2.356394,-3.726394,-6.436394,-5.706394,-6.316394,-6.546394,-5.816394,-5.206394,-4.636394,-2.166394,-0.896394,2.563606,2.923606,1.883606,2.763606,4.203606,5.523606,5.133606,4.953606,1.953606,1.973606,1.993606,1.203606,2.763606,3.543606,2.543606,0.70360595,1.263606,2.893606,3.063606,2.7436059,1.613606,-0.11639404,-0.71639407,-0.62639403,-1.1863941,-2.046394
-2.606394,-2.706394,-3.456394,-3.376394,-3.5163941,-3.046394,-3.306394,-3.896394,-3.116394,-3.166394,-2.936394,-2.936394,-3.646394,-4.046394,-5.3963943,-6.236394,-6.476394,-7.156394,-6.856394,-5.766394,-3.686394,-4.456394,-5.036394,-5.306394,-7.096394,-6.066394,-4.346394,-3.2563941,-3.5363941,-3.186394,-3.136394,-1.506394,-0.68639404,0.6636059,1.133606,2.203606,-0.42639405,1.6536059,3.2336059,4.323606,3.273606,3.2536058,3.7136059,2.363606,1.1536059,-0.33639404,-2.646394,-0.91639405,0.76360595,2.4936059,2.283606,0.83360595,2.543606,3.063606,2.403606,1.073606,-0.646394,-1.396394,-1.776394,-2.116394
-2.866394,-2.866394,-3.976394,-3.086394,-2.5363941,-2.236394,-4.176394,-3.5163941,-3.0263941,-3.866394,-4.736394,-3.896394,-3.456394,-0.92639405,-1.416394,-1.4463941,-0.26639405,-2.916394,-3.7463942,-2.2563941,-4.1263943,-6.576394,-7.686394,-7.156394,-7.316394,-4.556394,-5.566394,-3.366394,-1.6963941,-0.80639404,0.863606,2.2336059,1.8036059,-0.97639406,-1.1963941,-0.31639403,-0.34639403,0.69360596,3.603606,6.893606,5.823606,4.933606,4.223606,2.053606,0.36360595,-0.60639405,-0.31639403,-0.62639403,-1.9363941,0.94360596,1.573606,0.89360595,0.923606,0.47360596,1.613606,1.333606,0.52360594,-0.68639404,-1.626394,-2.0063941
1.343606,-3.236394,-4.1463943,-4.336394,-3.216394,-3.736394,0.23360595,-3.586394,-1.5963941,0.87360597,-0.016394043,-1.0863941,-1.476394,-1.3163941,-3.946394,-5.756394,-5.036394,-2.466394,-4.306394,-4.3763943,-5.3763943,-4.696394,-5.856394,-4.796394,-4.766394,-2.816394,-1.856394,-0.046394043,-0.41639405,-0.61639404,0.49360597,0.27360594,-0.18639404,0.93360597,4.633606,5.253606,5.6236057,4.983606,4.213606,5.613606,6.363606,4.423606,3.2336059,2.513606,-0.26639405,-0.60639405,-1.3063941,-0.33639404,-0.73639405,0.20360595,0.613606,2.443606,2.7336059,2.403606,0.25360596,-0.12639405,0.51360595,-0.32639405,-1.886394,-2.0063941
0.72360593,0.18360595,-0.19639404,-0.85639405,-0.28639403,1.0336059,-0.13639404,-0.37639403,-0.766394,-0.97639406,-1.376394,-3.946394,-5.096394,-1.286394,-1.3363941,-1.386394,-2.346394,-2.906394,-3.366394,-3.476394,-3.296394,-0.37639403,1.003606,1.0336059,0.9136059,2.103606,0.76360595,-0.046394043,-0.25639403,-1.1963941,1.5336059,3.293606,2.873606,1.613606,3.623606,4.503606,3.313606,3.423606,3.563606,4.153606,4.8536057,3.673606,2.203606,0.70360595,-0.36639404,-1.036394,-1.0963941,-1.536394,-1.9363941,-1.746394,-2.796394,-2.226394,-0.826394,-1.0663941,-1.3063941,0.57360595,0.84360594,1.733606,-0.47639406,-4.866394
-0.72639406,-0.12639405,-0.026394043,2.563606,4.133606,3.383606,3.383606,3.533606,2.303606,2.183606,2.433606,2.2336059,1.573606,0.97360593,0.83360595,1.253606,1.333606,3.083606,2.2136059,2.9836059,1.5436059,1.023606,0.013605957,0.81360596,0.673606,0.14360596,-0.28639403,2.093606,3.4836059,1.6736059,0.97360593,2.2436059,3.2236059,2.523606,5.513606,4.953606,3.2336059,1.823606,1.253606,2.333606,2.793606,2.7536058,1.5336059,-0.34639403,-2.0263941,-2.366394,-1.616394,-1.006394,-1.616394,-1.0863941,-1.136394,-1.776394,-4.656394,2.683606,3.403606,0.59360594,0.32360595,-0.52639407,1.743606,-3.736394
2.623606,3.513606,2.943606,3.883606,3.4736059,3.583606,3.273606,2.623606,2.063606,3.383606,3.163606,2.5036058,2.693606,2.703606,2.663606,2.4636059,2.433606,1.603606,3.5036058,3.273606,2.183606,1.4136059,0.6636059,-0.22639404,-1.226394,-0.49639404,1.633606,-0.24639404,1.083606,1.623606,1.493606,0.47360596,4.663606,5.703606,4.653606,3.403606,1.733606,2.433606,1.713606,1.9436059,2.043606,1.6836059,2.203606,-0.766394,-1.996394,-2.636394,-2.2463942,-2.166394,-2.676394,-3.386394,-3.5363941,-2.806394,-2.666394,-0.21639404,2.623606,3.2136059,0.94360596,-1.366394,-1.866394,-2.396394
