json/gfs_20240722_12.json
{"header": { "discipline":0, "disciplineName":"Meteorological products", "gribEdition":2, "gribLength":79707, "center":7, "centerName":"US National Weather Service - NCEP(WMC)", "subcenter":0, "refTime":"2024-07-22T12:00:00.000Z", "significanceOfRT":1, "significanceOfRTName":"Start of forecast", "productStatus":0, "productStatusName":"Operational products", "productType":1, "productTypeName":"Forecast products", "productDefinitionTemplate":0, "productDefinitionTemplateName":"Analysis/forecast at horizontal level/layer at a point in time", "parameterCategory":2, "parameterCategoryName":"Momentum", "parameterNumber":2, "parameterNumberName":"U-component_of_wind", "parameterUnit":"m.s-1", "genProcessType":2, "genProcessTypeName":"Forecast", "forecastTime":0, "surface1Type":103, "surface1TypeName":"Specified height level above ground", "surface1Value":10.0, "surface2Type":255, "surface2TypeName":"Missing", "surface2Value":0.0, "gridDefinitionTemplate":0, "gridDefinitionTemplateName":"Latitude_Longitude", "numberPoints":65160, "shape":6, "shapeName":"Earth spherical with radius of 6,371,229.0 m", "gridUnits":"degrees", "resolution":48, "winds":"true", "scanMode":0, "nx":360, "ny":181, "basicAngle":0, "lo1":0.0, "la1":90.0, "lo2":359.0, "la2":-90.0, "dx":1.0, "dy":1.0 }, "data":
[rows 26 to 51 of 181, columns 285 to 341 of 360]
3.0839891,2.0939894,2.6339893,0.39398926,0.33398926,1.8339893,3.0039892,-2.1060107,-1.4760108,-0.94601077,-0.34601074,-0.026010742,-1.2860107,-1.8860108,-2.4060106,-2.0460107,-2.2860107,-2.6160107,-2.4560108,-1.7360108,-1.8460107,-2.1660109,-1.7260108,0.98398924,0.90398926,-1.5360107,-2.5860107,0.20398925,1.8239893,3.8039892,4.6739893,6.4039893,8.653989,15.203989,5.313989,5.683989,4.3039894,6.2839894,6.3239894,5.773989,6.4739895,6.4939895,6.5939894,6.2239895,5.9039893,5.893989,7.3839893,8.553989,8.7239895,8.953989,9.703989,9.873989,10.43399,8.263989,8.623989,6.5139894,10.803989
3.7439892,4.3639894,4.873989,4.353989,1.9939892,1.5039892,0.20398925,-0.5660107,2.4239893,0.8139893,-1.4460107,-1.9060107,-1.1460108,-1.5960107,-2.1860108,-2.9360108,-3.4260108,-3.3160107,-3.1960108,-3.2160108,-2.9360108,-1.9960108,-1.3460107,-2.1160107,0.023989258,-0.59601074,-3.0560107,-4.316011,-3.4160109,-1.1860107,1.9339893,8.113989,3.7039893,1.6339892,1.7339892,4.1339893,7.753989,6.453989,7.2439895,7.7339892,7.5939894,7.0139894,6.273989,6.2839894,6.253989,5.8439894,6.4939895,7.4639893,8.203989,8.64399,9.033989,9.403989,9.7239895,10.043989,11.02399,11.693989,12.783989
1.8139893,2.4039893,2.6139894,5.4239893,7.6139894,6.7439895,3.5639892,2.6239893,2.6239893,-1.0860107,0.15398926,0.6239893,0.9439893,-0.73601073,-1.2360108,-1.8360107,-2.1760108,-2.4760108,-3.0360107,-3.4060106,-3.7360108,-3.8760107,-4.2360106,-3.3760107,-3.1460106,-1.4160107,-0.72601074,-3.7760108,-3.5560107,-2.5560107,-0.21601075,4.753989,5.9039893,2.4239893,1.6239892,2.9339893,4.913989,6.543989,7.4639893,7.7839894,8.003989,7.873989,6.9939895,6.7439895,7.183989,6.1539893,5.2339892,5.893989,6.293989,6.433989,7.043989,7.453989,8.093989,8.56399,8.923989,9.02399,10.27399
1.2139893,-0.11601074,0.41398925,-0.63601077,1.4339893,7.453989,5.0539894,2.3639894,-0.21601075,-0.53601074,-1.5460107,-1.2960107,-0.82601076,-1.1660107,-0.8060107,-2.3360107,-3.0460107,-3.6660109,-4.456011,-4.4260106,-4.456011,-4.706011,-4.976011,-4.316011,-4.336011,-3.6760108,-3.1260107,-3.3560107,-1.9160107,-0.21601075,-1.2260108,6.273989,5.123989,0.98398924,2.7239892,5.8439894,8.173989,9.31399,10.243989,10.703989,11.43399,11.263989,10.783989,9.903989,9.133989,6.5739894,5.4439893,6.4439893,5.6939893,6.0739894,6.5139894,6.2639894,6.333989,6.373989,7.0339894,7.8639894,8.06399
-0.08601074,0.30398926,1.3939892,2.1639893,1.2139893,-0.026010742,0.20398925,0.033989258,0.123989254,-1.2860107,-1.7060107,2.1539893,2.6139894,1.4139893,-0.44601074,-1.6260108,-4.3860106,-5.5060105,-7.496011,-7.6160107,-8.796011,-8.39601,-9.06601,-8.666011,-7.916011,-7.2360106,-6.5260105,-5.1160107,-3.9560108,-1.2860107,3.0639892,4.143989,10.39399,10.873989,10.323989,9.793989,9.623989,9.64399,10.06399,10.823989,11.503989,11.693989,11.513989,10.303989,9.02399,7.523989,7.203989,7.873989,6.043989,6.4039893,6.3039894,5.603989,5.663989,5.4639893,5.2339892,5.8039894,6.3439894
0.9339893,0.38398924,1.0539893,1.6339892,1.7339892,-0.43601075,2.3839893,2.6539893,1.0639893,0.6839893,-1.1760107,-0.38601074,2.6039894,3.9039893,0.023989258,-2.7660108,-5.686011,-7.4460106,-8.43601,-10.536011,-10.616011,-11.166011,-10.116011,-10.876011,-9.576011,-9.716011,-8.76601,-7.7660108,-6.4260106,-4.646011,-2.0760107,0.91398925,3.3739893,4.8439894,5.2139893,5.9739895,6.4239893,6.563989,7.183989,7.753989,7.893989,8.23399,8.423989,8.39399,8.363989,7.603989,8.383989,7.8239894,6.7639894,6.3039894,5.313989,5.4739895,5.4239893,4.9839892,4.703989,4.8439894,5.123989
1.6539893,0.9939892,-0.77601075,1.0939893,1.8539892,1.0339893,1.4439893,1.9739892,3.6539893,2.5439892,1.8139893,0.80398923,1.0939893,4.9639893,1.5139892,-1.5360107,-1.9060107,-3.4860108,-4.8260107,-5.9860106,-6.7660108,-7.396011,-7.7660108,-7.5560107,-5.226011,-8.376011,-8.336011,-7.0560107,-6.066011,-4.956011,-4.046011,-3.4360108,-1.8960108,-0.29601073,1.2739892,2.5039892,3.6739893,4.1939893,4.7439895,5.373989,5.953989,6.543989,6.453989,6.9739895,6.3639894,6.703989,7.9439893,8.213989,7.603989,7.6139894,6.9839892,6.6939893,5.7239895,4.873989,4.5739894,4.163989,3.5939894
3.7139893,3.7239892,2.7439892,1.1239892,1.1639893,1.8139893,1.7139893,2.8839893,2.9539893,3.4439893,2.5639892,1.7339892,1.0639893,1.8439893,6.9439893,4.7439895,3.3839893,1.8239893,1.5039892,0.36398926,-1.9560107,-2.8260107,-3.8460107,-5.566011,-3.8360107,-2.7660108,-2.3960106,-3.6260107,-3.3560107,-2.9460108,-2.9260108,-2.3960106,-2.1160107,-1.6560107,-0.24601074,0.78398925,1.7339892,2.6039894,2.8839893,2.9739892,3.4239893,4.2139893,5.1739893,5.3439894,5.5939894,5.123989,5.793989,6.143989,6.1539893,5.9639893,5.9439893,5.163989,4.7639894,3.2639892,2.8239892,1.0139892,0.92398924
3.2739892,2.6039894,3.4939892,2.2439892,1.4539893,2.8839893,2.7539892,3.3439894,3.5339892,3.0639892,3.2239892,2.4239893,3.4039893,3.0239892,4.913989,8.453989,7.703989,8.413989,7.9039893,7.003989,6.253989,2.9839892,1.1939893,0.73398924,1.1439892,-0.95601076,-0.40601075,-1.2360108,-1.3760108,-1.9660107,-1.8560108,-2.2860107,-1.5860107,-1.6660107,-0.8760107,0.06398926,1.1739893,1.5639893,2.0439892,2.2039893,2.8139892,2.0739892,3.3039892,3.5139892,2.9639893,3.0739892,3.9339893,3.8339891,3.7239892,4.003989,3.4139893,2.6739893,2.4039893,0.77398926,0.44398925,-0.36601076,-1.2060107
1.0839893,2.0139892,4.063989,2.7839892,1.8839892,3.4039893,3.8739893,3.7339892,3.4139893,2.3939893,3.3639894,3.2939892,4.4039893,3.6939893,1.5939893,3.9839892,5.753989,10.923989,10.383989,8.803989,8.053989,8.203989,6.913989,3.8739893,2.7939892,-0.60601074,1.4439893,0.51398927,0.70398927,-1.1260108,-0.7460107,-1.1460108,-1.3660108,-1.7660108,-0.73601073,-0.43601075,0.123989254,1.0139892,1.1239892,1.6239892,1.9039893,1.4239893,1.3339893,1.4839892,1.5439893,1.3739892,1.0639893,1.2739892,0.80398923,0.52398926,0.64398926,1.0039892,1.0639893,0.17398925,-0.096010745,-0.53601074,-1.0760107
2.0739892,0.49398926,1.2739892,1.8439893,2.2039893,3.1339893,4.0139894,2.9539893,4.503989,5.0539894,5.0339894,7.543989,5.313989,5.663989,1.5739893,1.8139893,2.4839892,2.2139893,-0.66601074,3.2339892,6.7839894,7.333989,5.5539894,8.953989,5.203989,4.0939894,3.1239893,2.0239892,2.0339892,0.48398927,-0.44601074,-0.52601075,-0.77601075,-1.1160108,-0.89601076,-0.10601074,0.14398926,0.21398926,0.19398926,0.44398925,0.42398927,0.66398925,0.48398927,0.21398926,0.26398927,0.35398924,0.39398926,-0.40601075,0.5039893,0.47398925,0.49398926,0.6239893,0.49398926,0.44398925,0.84398925,0.47398925,4.6139894
3.1639893,3.2839892,2.7939892,2.3939893,2.0839891,2.7339892,4.393989,3.9739892,3.6439893,4.4639893,4.453989,3.7039893,4.8039894,4.9739895,4.2239895,4.8039894,4.683989,5.5939894,4.9439893,5.1139894,5.413989,5.8239894,4.9639893,5.503989,7.3039894,3.4339893,2.5439892,4.313989,3.7839892,2.0639892,-0.24601074,0.17398925,-0.79601073,-0.95601076,-0.89601076,0.30398926,0.37398925,-0.5660107,-0.71601075,-0.7560108,0.34398925,-0.22601074,0.34398925,-1.5160108,-1.2860107,-0.27601075,-0.38601074,-0.43601075,-1.9960108,-0.8060107,1.6039892,3.6339893,5.5739894,6.6339893,7.433989,8.153989,8.693989
3.3439894,4.0339894,4.2339892,5.4939895,3.6539893,0.86398923,2.3039892,3.4839892,4.7639894,4.9039893,4.4439893,4.4839892,5.1939893,4.373989,4.663989,4.6339893,4.5139894,3.4739892,7.2839894,5.9939895,9.293989,7.773989,7.083989,5.643989,6.0939894,4.813989,3.4639893,3.8539894,3.4739892,2.9639893,1.5639893,0.92398924,-0.19601074,-0.84601074,-1.1360108,-0.6260107,-0.24601074,0.033989258,-1.3160107,-1.0060108,-1.0660107,0.54398924,0.98398924,-1.6460108,-1.5360107,-0.88601077,0.59398925,2.3639894,3.5839891,4.1339893,4.643989,5.5339894,6.603989,7.3639894,7.1339893,7.813989,8.363989
4.4639893,4.9039893,4.253989,4.3639894,4.4039893,4.123989,3.3139892,3.8339891,4.4839892,3.8739893,3.1839893,5.103989,4.853989,5.4239893,5.293989,3.5139892,8.02399,12.14399,10.14399,6.163989,5.583989,7.8839893,7.2139893,5.7339892,5.0939894,4.083989,4.813989,3.9239893,2.9739892,1.7939893,3.3439894,0.91398925,-0.10601074,-0.96601075,-1.6260108,-1.5160108,-0.8660107,0.23398925,0.22398926,-0.27601075,-1.6360108,-1.0260108,1.3639892,2.6539893,2.9339893,4.0739894,4.433989,5.643989,5.8639894,5.4439893,6.433989,6.7639894,6.7639894,6.8239894,7.6139894,7.7639894,8.173989
2.6739893,3.6639893,3.8539894,4.5539894,4.433989,4.523989,4.7139893,4.4439893,4.933989,8.253989,9.553989,8.153989,9.113989,9.48399,11.06399,11.003989,10.123989,9.333989,9.27399,5.9739895,5.8839893,6.4739895,5.853989,4.9739895,5.9839892,5.9039893,5.8039894,4.8039894,5.833989,3.1139894,4.683989,1.5139892,0.8739893,-1.9560107,-2.2860107,-2.7960107,-2.7660108,-1.3460107,-1.7560108,-0.34601074,1.2139893,0.30398926,-1.1760107,0.95398927,1.2039893,3.5839891,4.3439894,5.3839893,4.9239893,5.8839893,6.333989,6.6739893,5.773989,6.4739895,6.853989,6.643989,6.873989
1.6239892,1.8839892,2.4539893,2.1039894,2.9639893,6.5539894,4.6539893,7.123989,8.743989,3.9239893,5.6939893,10.053989,12.203989,10.793989,9.833989,10.503989,9.803989,5.163989,9.2239895,4.7839894,3.8239892,4.393989,5.313989,5.2139893,7.023989,6.1339893,5.773989,3.8339891,4.6139894,5.643989,5.4239893,1.5439893,0.6339893,-0.71601075,-2.2660108,-3.7460108,-4.0260105,-3.8760107,-4.0360107,-3.4460108,-1.2360108,-0.66601074,-0.48601073,0.22398926,1.7039893,2.7139893,2.9639893,3.9739892,3.9339893,4.4939895,5.0739894,5.9039893,5.7839894,6.663989,7.4239893,7.4739895,6.8439894
2.7939892,2.6739893,2.2739892,1.7439892,3.4439893,3.8939893,5.523989,5.503989,5.373989,7.893989,9.73399,12.343989,9.81399,8.863989,9.48399,9.993989,6.793989,9.98399,7.9939895,8.123989,7.413989,5.563989,6.413989,6.1139894,5.4939895,6.1539893,4.543989,3.6039894,4.9839892,6.643989,5.7439895,2.8339891,1.5339893,-0.82601076,-3.1160107,-5.1760106,-6.166011,-6.206011,-5.746011,-5.7760105,-4.9060106,-4.246011,-2.9160109,-2.0960107,0.18398926,0.013989258,1.5239892,3.0839891,3.5139892,3.5539892,4.8439894,4.583989,4.5939894,5.4439893,5.8639894,6.0139894,6.5339894
1.7439892,2.6739893,1.7639892,1.3739892,3.2239892,4.1339893,3.6839893,3.7939892,4.1339893,5.103989,5.7239895,8.85399,10.77399,10.9739895,10.133989,9.48399,8.493989,5.433989,5.333989,5.043989,5.353989,5.7339892,4.933989,5.7439895,6.3439894,4.4739895,4.3639894,3.5039892,2.8739893,4.643989,5.583989,4.953989,2.7639892,0.98398924,-3.0860107,-5.356011,-7.7860107,-8.2760105,-7.3860106,-7.316011,-6.8260107,-6.356011,-5.1960106,-3.8960106,-2.8460107,-2.0960107,-1.8560108,-1.5160108,-0.7560108,0.37398925,0.98398924,1.8139893,2.1739893,2.5439892,2.7839892,3.8739893,4.8839893
0.43398926,1.7739892,2.8739893,1.2639892,2.6339893,3.4839892,2.2739892,2.8339891,3.4739892,3.2739892,4.063989,5.793989,8.793989,8.263989,5.813989,4.9439893,4.7339892,4.7139893,5.293989,4.5939894,4.563989,4.9239893,5.4239893,5.123989,4.453989,4.413989,4.083989,3.4239893,4.1139894,4.1939893,5.9239893,5.7239895,4.4039893,0.91398925,2.2639892,3.7839892,4.0739894,4.563989,3.8239892,2.8739893,3.2439892,3.3539894,0.59398925,0.91398925,1.2539892,-0.14601074,0.09398926,1.6939893,3.0539892,3.3239892,3.7839892,4.453989,4.7839894,5.8639894,5.5939894,6.253989,6.183989
0.83398926,0.89398926,0.023989258,0.61398923,0.92398924,1.1739893,2.1939893,3.2239892,2.7139893,4.1939893,3.7839892,3.0439892,3.0339892,3.8439894,6.1139894,5.793989,5.2839894,4.6139894,5.353989,5.1339893,5.0739894,5.0539894,4.773989,4.7439895,4.083989,3.9939892,3.1039894,3.5939894,3.1039894,4.453989,5.313989,6.373989,5.043989,3.8039892,4.8639894,4.5739894,3.5139892,2.9639893,3.1439893,4.0139894,5.103989,4.2439895,4.4039893,4.793989,6.393989,3.5939894,4.5139894,4.833989,5.1539893,4.853989,4.353989,4.4639893,5.1139894,5.3639894,5.1539893,5.0539894,4.6939893
0.20398925,0.66398925,0.96398926,0.18398926,0.19398926,1.4539893,3.4539893,2.8639894,2.9739892,1.9539893,2.4539893,4.2339892,4.9039893,5.6539893,6.1539893,6.2139893,6.353989,6.313989,6.833989,5.5539894,5.003989,4.813989,4.7239895,3.9139893,3.6839893,3.2839892,2.8039892,2.0939894,1.1639893,3.4739892,4.7639894,5.603989,7.1339893,6.083989,5.6539893,5.833989,5.9939895,4.5339894,4.933989,4.6939893,4.4039893,4.293989,4.5739894,4.543989,4.7139893,3.8239892,4.253989,4.7639894,4.4939895,4.2339892,3.9439893,4.0339894,4.143989,3.9439893,3.9339893,3.6239893,3.6939893
-1.2660108,-0.14601074,0.9939892,0.7439892,0.043989256,0.22398926,-1.4360107,0.13398926,1.7039893,2.4239893,3.5539892,4.2139893,4.5739894,4.5539894,4.083989,5.023989,5.273989,6.123989,6.143989,5.703989,5.9639893,3.8839893,3.8139892,4.083989,3.0139892,1.5039892,0.61398923,-0.0060107424,1.2239892,2.3339891,3.6639893,4.2439895,5.333989,5.853989,6.0739894,6.5939894,5.083989,4.603989,4.3039894,4.5939894,4.103989,3.8139892,4.083989,3.5439892,3.6239893,4.183989,4.3839893,3.8439894,3.9639893,3.3039892,2.7939892,2.3139892,2.3339891,3.1439893,2.0139892,2.6239893,2.2739892
-0.7460107,-0.40601075,-0.36601076,0.42398927,0.27398926,-1.5360107,-2.9860108,-1.4960108,0.92398924,2.0739892,2.7139893,3.4039893,3.3139892,3.3539894,3.4439893,5.0539894,6.893989,6.043989,3.3339891,3.9039893,4.8439894,4.2639894,3.7039893,3.8939893,4.083989,2.2739892,0.44398925,1.8639892,3.4839892,4.2339892,5.523989,6.2639894,6.6739893,7.123989,6.7339892,6.0339894,4.273989,4.563989,4.123989,3.8439894,3.5939894,3.0239892,3.0939894,2.5239892,2.1139894,2.3239892,2.6839893,2.6939893,2.5039892,1.1039892,0.70398927,-2.0660107,-2.6360106,-2.0260108,-0.5560107,0.5039893,0.18398926
-0.76601076,-0.20601074,-0.17601074,2.3839893,1.0239892,2.9339893,2.5739892,1.4339893,0.8239893,0.30398926,0.26398927,0.7439892,1.7339892,2.5939894,4.353989,4.1339893,3.5239892,3.8539894,4.063989,4.683989,4.3039894,5.753989,3.1239893,4.5139894,5.953989,5.4639893,5.543989,5.583989,3.9239893,5.0139894,7.043989,8.303989,7.2339892,6.683989,6.523989,5.023989,3.5239892,3.8139892,4.0139894,3.8439894,3.0939894,2.2839892,1.8639892,1.5139892,0.5739893,0.59398925,1.4939892,1.0139892,1.2939893,-0.94601077,0.13398926,-2.0260108,-4.726011,-2.8160107,-0.83601075,-0.83601075,-0.39601076
-0.22601074,1.3739892,1.6439892,2.4139893,2.3039892,2.7939892,2.6039894,1.5439893,0.55398923,0.07398926,-0.29601073,1.0639893,1.5539893,1.2539892,-0.6260107,-0.26601073,-0.97601074,-0.17601074,2.3939893,3.0239892,4.1739893,4.5939894,4.603989,4.543989,7.523989,7.143989,6.273989,6.1139894,6.9039893,7.913989,8.623989,7.8639894,7.2139893,6.353989,5.433989,4.2839894,4.1339893,4.373989,4.183989,3.9139893,3.8339891,2.5039892,1.7439892,-1.5360107,0.35398924,-0.46601075,1.0539893,1.7639892,1.1039892,0.38398924,0.19398926,1.0039892,-1.1760107,-4.086011,-2.6560106,-3.4160109,-1.4060107
-1.8060107,-1.7460108,-0.69601077,-0.39601076,-0.44601074,-0.10601074,0.38398924,-0.27601075,-0.58601075,-1.0660107,-1.0960107,-1.7360108,-2.1360106,-3.5360107,-1.2160107,2.9239893,2.2739892,-2.3360107,-0.88601077,2.8339891,5.8039894,7.7439895,7.603989,8.02399,8.423989,7.5139894,7.3839893,8.383989,7.6939893,8.23399,7.683989,6.893989,6.413989,5.433989,4.4239893,4.253989,3.9639893,3.3039892,3.0439892,2.5239892,2.3639894,2.4139893,1.6039892,-0.8660107,-2.3060107,-0.28601074,-0.47601074,0.033989258,-0.6860107,-0.19601074,1.2539892,2.5539892,1.9839892,-0.69601077,-2.7960107,-2.3960106,-2.2960107
