json/gfs_20240717_12.json
{"header": { "discipline":0, "disciplineName":"Meteorological products", "gribEdition":2, "gribLength":79919, "center":7, "centerName":"US National Weather Service - NCEP(WMC)", "subcenter":0, "refTime":"2024-07-17T12:00:00.000Z", "significanceOfRT":1, "significanceOfRTName":"Start of forecast", "productStatus":0, "productStatusName":"Operational products", "productType":1, "productTypeName":"Forecast products", "productDefinitionTemplate":0, "productDefinitionTemplateName":"Analysis/forecast at horizontal level/layer at a point in time", "parameterCategory":2, "parameterCategoryName":"Momentum", "parameterNumber":2, "parameterNumberName":"U-component_of_wind", "parameterUnit":"m.s-1", "genProcessType":2, "genProcessTypeName":"Forecast", "forecastTime":0, "surface1Type":103, "surface1TypeName":"Specified height level above ground", "surface1Value":10.0, "surface2Type":255, "surface2TypeName":"Missing", "surface2Value":0.0, "gridDefinitionTemplate":0, "gridDefinitionTemplateName":"Latitude_Longitude", "numberPoints":65160, "shape":6, "shapeName":"Earth spherical with radius of 6,371,229.0 m", "gridUnits":"degrees", "resolution":48, "winds":"true", "scanMode":0, "nx":360, "ny":181, "basicAngle":0, "lo1":0.0, "la1":90.0, "lo2":359.0, "la2":-90.0, "dx":1.0, "dy":1.0 }, "data":
[rows 130 to 155 of 181, columns 174 to 231 of 360]
-0.50529784,2.014702,0.67470217,-2.475298,-7.615298,-6.915298,-6.725298,-5.765298,-7.765298,-7.2352977,-5.455298,-6.225298,-11.125298,-14.955297,-15.505298,-15.705297,-13.395298,-10.455297,-5.6952977,-6.415298,-6.125298,-4.535298,-4.075298,-3.3652978,-2.015298,-1.5152979,0.18470214,0.52470213,1.7547021,0.40470216,1.3647021,1.4847021,-0.14529786,0.9747021,0.48470214,2.0847023,3.4147022,3.254702,2.804702,1.3347021,1.9647021,0.39470214,-0.6452978,-1.6152978,-1.5852978,-3.8152978,-5.415298,-5.365298,-5.345298,-2.005298,-4.845298,-3.7752979,-4.6752977,-4.285298,-4.2952976,-1.5752978,-1.2052978,-4.4252977
0.46470216,-0.5252979,0.30470216,-6.595298,-7.055298,-6.865298,-8.335298,-10.565298,-11.455297,-11.4152975,-12.565298,-12.535297,-14.075298,-14.355298,-12.325298,-11.205297,-9.525298,-7.4652977,-5.665298,-5.205298,-4.555298,-3.7752979,-1.7252978,-1.1852978,0.26470214,0.7847021,2.564702,3.2247021,1.7547021,3.1247022,3.7247021,4.0947022,3.494702,3.024702,2.734702,1.1447022,0.73470217,2.4147022,2.3647022,0.9147022,1.2147021,0.37470216,-1.4252979,-2.1752977,-3.0252979,-3.6652977,-5.095298,-6.875298,-6.745298,-8.695298,-3.3752978,-5.075298,-6.515298,-7.2952976,-9.275298,-9.275298,-10.685298,-8.125298
0.74470216,-2.445298,-3.9152977,-5.585298,-7.625298,-8.025298,-8.135298,-9.685298,-10.085298,-10.355298,-11.105298,-12.405298,-11.815298,-11.265298,-10.495297,-10.005298,-8.925298,-8.025298,-7.1552978,-5.895298,-3.8052979,-2.685298,-2.765298,1.1847022,0.9147022,3.4747021,-0.8352978,-0.21529785,2.1647022,3.8447022,3.564702,5.484702,5.624702,6.274702,5.194702,5.154702,3.6347022,1.6347022,2.554702,3.9347022,0.7247021,0.99470216,0.23470215,-1.7152978,-3.1752977,-3.4052978,-5.685298,-7.375298,-8.125298,-9.9152975,-11.885298,-10.765298,-8.965298,-9.755298,-10.495297,-10.055298,-10.925298,-10.015298
2.4247022,0.58470213,-2.3252978,-5.7952976,-5.955298,-7.915298,-8.685298,-9.015298,-9.555298,-8.945298,-9.725298,-10.185298,-10.615298,-10.235298,-9.295298,-8.485298,-7.245298,-5.845298,-4.4452977,-3.455298,-1.1852978,0.024702149,0.16470215,-0.18529785,0.09470215,1.2747022,2.274702,1.6347022,2.0947022,2.504702,3.494702,3.6547022,4.674702,7.434702,6.254702,4.3447022,3.4247022,2.0847023,0.64470214,1.5447022,2.0747023,-0.06529785,0.15470214,-1.2552979,-1.8452978,-3.1452978,-3.505298,-5.935298,-7.115298,-7.705298,-10.235298,-11.255298,-11.855298,-11.635298,-12.285297,-9.875298,-9.585298,-8.465298
-2.685298,0.0047021485,-3.5252979,-5.835298,-6.185298,-6.895298,-7.4852977,-7.2552977,-8.505298,-9.175298,-8.315298,-8.015298,-8.705297,-8.095298,-6.645298,-5.515298,-3.975298,-3.245298,-2.3152978,-4.035298,-3.1352978,-1.9852978,1.0647022,3.1247022,2.3347023,3.9647021,5.214702,6.694702,6.714702,6.044702,4.714702,4.2047024,5.214702,4.404702,5.7047024,3.484702,4.184702,5.484702,5.254702,1.4947021,2.1947021,1.2247021,0.20470215,-0.05529785,0.47470215,-0.13529785,-2.3552978,-3.1052978,-4.345298,-6.685298,-7.845298,-6.355298,-7.955298,-8.375298,-7.865298,-8.015298,-8.655298,-7.595298
-2.2952979,-2.8152978,-5.615298,-6.2352977,-6.365298,-6.475298,-5.935298,-6.1552978,-6.725298,-6.635298,-7.785298,-7.625298,-6.515298,-4.845298,-4.455298,-4.5452976,-7.205298,-6.245298,-4.065298,-1.7852979,-0.17529786,-0.7852979,1.4047022,2.014702,0.12470215,2.044702,1.6847022,2.1847022,5.144702,5.434702,4.004702,3.2047021,2.024702,5.184702,5.864702,5.354702,5.634702,3.9147022,2.754702,4.434702,4.114702,2.544702,2.034702,2.3847022,2.1847022,2.0747023,0.36470214,-1.6852978,-3.3452978,-3.5652978,-4.615298,-4.9652977,-5.845298,-5.955298,-6.335298,-6.2152977,-5.2952976,-4.475298
-1.8352978,-1.7652979,-5.325298,-7.595298,-6.4052978,-6.495298,-5.475298,-5.4852977,-5.6952977,-6.2352977,-6.335298,-5.345298,-4.815298,-5.345298,-5.345298,-5.2752976,-3.005298,-1.6852978,0.39470214,0.04470215,0.37470216,0.35470214,1.9047022,1.9147022,1.8747021,1.9647021,2.1047022,1.9947021,0.9047021,2.9247022,3.064702,3.4747021,3.3347023,3.7147021,3.494702,2.4147022,4.664702,6.7647023,4.184702,4.064702,1.5947021,2.6147022,3.6847022,3.1147022,3.1147022,2.794702,2.5747023,1.6247021,-0.7152979,-2.0652978,-2.3752978,-3.265298,-3.8352978,-3.8152978,-3.695298,-1.9952979,-2.265298,-1.1152978
-5.0452976,-5.745298,-9.425298,-7.585298,-7.125298,-5.7352977,-5.2152977,-6.315298,-6.2152977,-6.315298,-5.1952977,-3.8452978,-3.985298,-3.6252978,-3.0452979,-1.7552979,-0.66529787,0.18470214,1.7347021,2.6547022,1.6647022,1.6447022,2.1547022,1.0047021,1.6047021,2.814702,2.3747022,2.304702,2.0747023,3.9447021,4.404702,4.004702,4.2647023,4.294702,2.754702,1.9447021,1.6347022,1.7847022,0.32470214,2.554702,3.8647022,3.4447021,4.5947022,4.394702,3.234702,3.494702,2.6747022,3.8947022,3.544702,2.6347022,2.1147022,1.3847022,1.1247021,0.6547021,0.7147021,0.42470214,1.0547022,1.8547021
-12.075298,-11.805298,-9.935298,-8.845298,-8.075298,-7.185298,-6.495298,-5.9252977,-4.205298,-3.0452979,-2.0852978,-1.2852979,-0.74529785,-1.3952979,-0.7752979,0.51470214,1.9347022,2.8947022,2.494702,1.9147022,1.8147022,2.004702,3.254702,4.4947023,5.004702,4.4947023,4.144702,5.2647023,4.734702,4.914702,5.084702,5.0747023,3.764702,2.1347022,2.5747023,3.4247022,3.264702,4.004702,3.4647021,4.084702,4.3247023,2.6447022,2.5747023,2.0747023,4.644702,4.3247023,3.1747022,3.9147022,4.924702,5.464702,5.024702,4.7647023,4.4547024,4.234702,4.184702,4.8447022,4.674702,4.684702
-10.615298,-9.745297,-8.955297,-8.355298,-7.145298,-6.365298,-5.225298,-4.4052978,-2.8052979,-2.5452979,-1.5352979,-0.5252979,1.2247021,2.264702,3.3547022,3.9647021,3.0847023,3.6747022,4.294702,4.8047023,5.374702,5.4947023,5.504702,5.384702,5.3247023,5.694702,5.5947022,5.904702,5.364702,5.364702,5.984702,5.2047024,4.854702,4.0947022,3.9547021,4.694702,4.314702,5.104702,2.034702,3.774702,4.174702,4.684702,4.294702,4.104702,2.744702,2.6747022,5.084702,5.0747023,5.174702,5.8247023,6.044702,6.4947023,6.834702,6.5347023,6.694702,6.834702,6.964702,7.2847023
-8.875298,-8.035297,-7.515298,-6.605298,-5.5252976,-4.585298,-3.2752979,-1.5952978,-0.10529785,1.1447022,2.494702,3.4647021,4.194702,5.214702,5.354702,5.434702,5.944702,5.3247023,6.0747023,6.144702,6.194702,6.0947022,6.184702,5.714702,5.5547023,7.194702,6.964702,7.654702,6.984702,7.0147023,6.734702,5.8447022,5.5547023,5.874702,5.754702,5.8247023,4.644702,4.5747023,5.024702,4.754702,4.964702,4.044702,3.304702,2.314702,2.7247021,5.634702,4.604702,4.5347023,4.614702,7.274702,6.584702,7.0547023,7.564702,8.474702,8.824702,8.984702,9.294703,9.464703
-6.365298,-5.125298,-3.7852979,-2.505298,-1.2652979,0.20470215,1.5047021,2.4347022,3.8447022,4.274702,5.3447022,5.964702,6.4947023,6.7247024,6.3047023,6.104702,7.614702,8.054702,8.214703,8.214703,7.734702,7.564702,8.004703,8.114702,9.184702,8.204702,8.664702,9.214703,8.524702,8.464703,7.7847023,7.484702,7.3447022,7.154702,6.544702,6.234702,6.144702,6.2247024,6.274702,6.0547023,5.8447022,5.904702,5.894702,5.294702,4.734702,5.5547023,5.064702,4.7447023,3.5847023,7.584702,6.7647023,6.5147023,7.9547024,8.664702,9.364702,9.644702,10.284702,11.604702
-3.1352978,-1.7452979,-0.13529785,1.2047021,2.7047021,3.8347023,4.7847023,6.024702,6.5947022,6.914702,7.2447023,7.654702,8.414702,9.604702,9.304702,9.504703,10.294703,10.324702,9.954702,9.0847025,9.544703,9.854702,9.754703,10.044703,10.074702,10.204702,9.924702,9.484702,9.394702,8.824702,7.754702,8.314702,7.5747023,7.0947022,5.3247023,3.4047022,2.734702,4.0547023,4.424702,5.274702,4.234702,2.6347022,3.284702,4.334702,4.274702,3.2047021,2.3947022,2.8947022,3.7147021,3.534702,2.4647021,4.734702,5.124702,4.774702,8.354702,9.524702,10.164702,11.804702
1.8147022,2.8247023,3.774702,4.604702,5.914702,6.7047024,7.504702,8.264702,9.274702,9.8347025,10.264702,11.434702,11.604702,11.444702,11.104702,11.114702,11.784702,11.234702,11.144702,10.8347025,11.974702,11.374702,11.194702,10.644702,11.3347025,11.074702,10.794703,10.864702,10.414702,9.554702,8.904702,10.064702,6.424702,6.5747023,6.904702,6.654702,5.984702,6.3447022,4.814702,4.114702,4.294702,5.174702,5.464702,4.7847023,5.254702,6.7647023,6.9747024,7.674702,8.604702,8.774702,8.994702,8.994702,9.114702,9.954702,9.594702,10.644702,8.674702,10.944702
6.024702,6.614702,7.064702,7.5547023,8.624702,9.414702,10.164702,10.634702,10.944702,11.574702,12.284702,11.864702,12.674702,12.224702,12.854702,12.734702,13.214703,12.774702,12.264702,11.614702,12.454702,12.414702,12.414702,12.994702,12.394702,12.204702,11.554702,11.774702,10.774702,9.724702,9.224702,8.5847025,9.854702,7.4947023,6.7447023,7.2847023,6.814702,5.184702,5.274702,6.184702,7.214702,6.964702,6.3247023,5.984702,6.8447022,7.444702,7.864702,8.554702,8.914702,9.314702,10.044703,10.664702,11.304702,11.924702,12.394702,12.734702,13.364702,13.824702
8.444702,9.294703,9.884702,10.374702,11.004703,11.484702,11.954702,12.844702,13.064702,13.234702,13.614702,13.684702,14.144702,14.364702,14.614702,14.644702,14.664702,14.824702,14.444702,14.474702,13.674702,13.194702,13.094702,13.604702,13.564702,12.694702,12.604702,11.604702,9.144702,10.674702,10.734702,10.244702,8.744702,8.264702,8.464703,8.274702,7.584702,7.5347023,7.5147023,7.8047023,7.814702,7.5147023,8.144702,7.934702,8.444702,8.914702,9.744702,9.914702,10.5847025,10.594702,11.464703,11.884702,12.444702,13.094702,13.684702,14.414702,15.054702,15.254703
10.934702,10.8347025,10.964703,11.484702,12.194702,12.594702,13.614702,14.414702,14.784702,15.134702,15.254703,15.504703,15.994702,16.134703,15.974702,15.844702,16.034702,15.804702,15.714703,15.324702,14.894702,14.544703,14.034702,13.904702,13.014702,12.5847025,13.044703,11.924702,10.824702,11.354702,10.234702,10.404702,9.794703,9.8347025,9.004703,8.804702,9.354702,9.234702,9.274702,9.134702,9.114702,8.744702,9.204702,9.394702,10.104702,10.454702,10.8347025,11.414702,11.514702,11.974702,12.604702,12.944702,13.694702,13.954702,14.364702,15.034702,15.154702,15.804702
12.3347025,12.844702,13.004703,13.474702,14.134702,14.244702,14.644702,14.554702,15.134702,15.374702,15.924702,16.144703,16.134703,16.184702,16.164701,16.264702,16.314703,16.344702,15.844702,16.194702,15.244702,15.8347025,14.764702,14.154702,13.494702,13.114702,11.8347025,10.5847025,11.224702,10.974702,10.714703,10.984702,10.824702,10.274702,10.004703,10.204702,10.104702,10.474702,10.514702,10.384702,10.664702,10.544703,10.254703,11.344702,11.564702,12.144702,12.524702,12.984702,13.524702,13.914702,14.104702,14.324702,14.594702,14.914702,15.484702,15.894702,16.264702,16.534702
13.934702,14.444702,14.494702,14.304702,14.374702,14.204702,14.154702,14.154702,14.454702,14.614702,15.134702,15.724702,15.954702,16.154701,16.554703,16.794703,16.694702,16.384703,16.524702,16.394703,15.994702,14.934702,14.404702,13.894702,13.874702,13.074702,12.144702,8.754703,10.824702,10.684702,11.054702,10.8347025,10.274702,10.144702,10.3347025,10.494702,10.484702,10.0847025,10.404702,10.474702,11.364702,11.784702,11.944702,12.784702,12.854702,13.474702,13.744702,14.364702,14.784702,15.074702,15.974702,16.284702,16.884703,16.664701,16.924702,17.374702,17.454702,17.674702
14.514702,14.194702,13.514702,13.484702,13.544703,13.114702,13.344702,13.654702,13.814702,13.984702,14.224702,14.544703,14.994702,15.204702,15.284702,15.474702,15.814702,15.934702,15.744702,15.414702,15.404702,14.694702,14.664702,13.5847025,13.684702,12.224702,12.094702,8.474702,9.994702,9.894702,9.634702,9.364702,9.754703,10.094702,10.044703,10.144702,8.914702,9.714703,10.114702,11.594702,12.184702,13.124702,13.374702,13.464703,13.794703,14.564702,15.384702,15.934702,17.004702,16.754702,17.384703,17.274702,17.264702,17.994701,18.484703,18.944702,19.184702,19.174702
13.454702,13.004703,12.654702,12.994702,13.034702,12.414702,12.674702,12.634702,12.504703,12.474702,12.484702,12.684702,12.884702,12.514702,12.714703,11.674702,12.694702,13.534702,14.314702,15.104702,12.754703,13.424702,14.624702,10.354702,14.764702,11.914702,9.574702,6.934702,8.944702,10.664702,9.484702,9.434702,10.294703,11.324702,8.424702,7.634702,7.964702,9.104702,11.034702,11.824702,12.104702,12.794703,13.604702,14.664702,15.614702,16.604702,16.834702,17.304703,16.724703,17.234703,17.744701,17.944702,18.454702,18.494701,18.804703,19.294703,19.664701,19.604702
13.154702,13.244702,12.674702,12.054702,11.524702,11.524702,12.424702,12.454702,12.744702,12.414702,12.534702,12.494702,12.324702,11.954702,11.774702,10.344702,11.264702,12.804702,12.604702,11.674702,12.384702,12.864702,12.254703,12.504703,9.704702,10.744702,8.444702,4.604702,6.5947022,8.564702,9.684702,10.634702,5.2647023,2.3547022,5.0547023,7.084702,8.094702,9.174702,10.444702,12.674702,13.654702,14.184702,15.134702,15.864702,16.964703,17.534702,17.854702,18.294703,18.334702,17.864702,18.184702,18.714703,18.834702,19.034702,19.164701,19.264702,19.364702,19.614702
13.194702,13.174702,12.534702,12.544703,12.5847025,12.754703,12.774702,12.694702,12.5847025,12.694702,12.554702,11.814702,11.384702,8.094702,10.0847025,11.174702,10.964703,12.524702,11.064702,11.474702,11.244702,12.194702,10.634702,10.314702,8.914702,2.304702,3.024702,2.3247023,6.134702,10.074702,1.9147022,1.5247022,2.564702,3.6647022,4.7047024,5.314702,8.664702,10.714703,11.724702,13.224702,14.784702,15.694702,15.484702,16.794703,17.514702,17.714703,17.664701,18.094702,18.254702,18.484703,18.694702,18.764702,18.884703,18.704702,18.234703,19.674702,19.404701,19.404701
11.974702,13.074702,11.874702,11.754703,13.524702,11.194702,14.0847025,11.634702,11.474702,12.794703,13.184702,12.154702,6.694702,9.814702,10.794703,11.404702,9.504703,12.384702,13.5847025,13.554702,12.454702,-0.33529785,-4.495298,-4.7352977,-3.1452978,-1.4752978,-0.62529784,-2.0952978,-0.27529785,1.2647022,2.4547021,3.564702,4.864702,6.834702,7.7447023,8.0847025,8.5847025,10.954702,11.454702,11.804702,13.604702,15.004703,16.484703,16.414701,16.804703,16.914701,17.404701,17.344702,18.144703,18.514702,18.754702,19.084702,19.114702,18.864702,18.964703,19.044703,18.674702,19.154701
10.984702,10.074702,9.954702,6.894702,7.374702,9.284702,9.634702,6.2647023,5.644702,8.564702,8.604702,6.584702,6.2247024,2.8247023,3.1647022,1.7547021,-1.5652978,-4.835298,-5.625298,-7.415298,-9.175298,-7.355298,-5.805298,-4.625298,-3.6352978,-1.9352978,0.14470215,1.8547021,3.2247021,4.214702,5.384702,5.644702,6.4547024,7.3247023,8.274702,9.484702,10.514702,11.704702,12.204702,12.674702,13.274702,13.264702,13.434702,15.934702,15.384702,16.494701,16.614702,16.694702,17.014702,16.914701,16.874702,17.144703,17.754702,17.674702,17.274702,18.324701,17.634703,17.034702
8.124702,7.334702,6.2047024,4.484702,5.8447022,5.914702,6.0347023,6.734702,6.2447023,5.904702,3.0947022,0.98470217,-1.2852979,-0.30529785,0.74470216,0.7947022,0.014702149,-1.2752979,-1.7552979,-2.6152978,-2.995298,-2.495298,-1.4852978,-0.79529786,0.24470215,1.7047021,2.6347022,3.6247022,4.7847023,6.4547024,7.394702,8.374702,9.204702,9.854702,10.614702,11.274702,12.204702,12.704702,12.894702,13.224702,13.244702,13.004703,11.894702,12.684702,14.114702,14.164702,15.734702,14.554702,15.884702,14.904702,15.494702,15.954702,15.884702,15.844702,15.854702,17.004702,16.964703,16.384703
