json/gfs_20240717_12.json
{"header": { "discipline":0, "disciplineName":"Meteorological products", "gribEdition":2, "gribLength":79852, "center":7, "centerName":"US National Weather Service - NCEP(WMC)", "subcenter":0, "refTime":"2024-07-17T12:00:00.000Z", "significanceOfRT":1, "significanceOfRTName":"Start of forecast", "productStatus":0, "productStatusName":"Operational products", "productType":1, "productTypeName":"Forecast products", "productDefinitionTemplate":0, "productDefinitionTemplateName":"Analysis/forecast at horizontal level/layer at a point in time", "parameterCategory":2, "parameterCategoryName":"Momentum", "parameterNumber":3, "parameterNumberName":"V-component_of_wind", "parameterUnit":"m.s-1", "genProcessType":2, "genProcessTypeName":"Forecast", "forecastTime":0, "surface1Type":103, "surface1TypeName":"Specified height level above ground", "surface1Value":10.0, "surface2Type":255, "surface2TypeName":"Missing", "surface2Value":0.0, "gridDefinitionTemplate":0, "gridDefinitionTemplateName":"Latitude_Longitude", "numberPoints":65160, "shape":6, "shapeName":"Earth spherical with radius of 6,371,229.0 m", "gridUnits":"degrees", "resolution":48, "winds":"true", "scanMode":0, "nx":360, "ny":181, "basicAngle":0, "lo1":0.0, "la1":90.0, "lo2":359.0, "la2":-90.0, "dx":1.0, "dy":1.0 }, "data":
[rows 26 to 51 of 181, columns 295 to 353 of 360]
1.0333886,10.663388,8.143389,7.983389,6.9733887,6.9733887,6.4333887,5.6333885,4.2233887,3.2333887,1.7033887,0.93338865,-1.3566114,-2.7266114,-0.64661133,-0.22661133,2.2933886,3.5133886,2.4333887,1.0533887,-1.0666113,-3.5066113,-4.706611,-4.6366115,-1.5666113,-5.3166113,-8.106611,-7.976611,-7.516611,-7.7166114,-7.436611,-6.8166113,-5.3266115,-4.2366114,-3.8966112,-3.4566114,-2.8166113,-2.4166114,-2.5566113,-3.0966113,-3.5266113,-2.5766113,-1.5366113,-0.5266113,0.42338866,0.62338865,1.6533886,0.05338867,-0.30661133,-2.4566114,-6.766611,-6.686611,-2.7566113,-0.81661135,0.49338868,1.1533886,2.1233888,3.3233886,3.5433886
1.1433886,5.3633885,5.7833886,5.5733886,5.1933885,5.2433887,5.0933886,6.043389,5.2233887,3.1933887,1.6633887,-0.20661134,-0.6766113,-2.1566114,-1.7866113,0.44338867,0.24338867,1.9933887,1.6333886,-0.28661132,-2.0266113,-5.456611,-3.0866113,-1.3466114,-5.7866116,-9.436611,-10.626612,-9.376612,-7.916611,-5.9666114,-5.6966114,-6.0266113,-5.206611,-4.4866114,-4.206611,-4.0966115,-3.7766113,-2.9266114,-2.2866113,-2.6066113,-2.9966114,-2.6266112,-2.1666114,0.48338866,0.7033887,0.46338868,0.68338865,0.7833887,1.2233887,1.1933887,1.6633887,2.4633887,3.0633886,3.3833888,3.5033886,3.4233887,3.5633886,3.6933887,3.8233886
2.5633886,5.1133885,5.543389,4.9333887,4.5133886,4.583389,4.7833886,4.7133884,4.8433886,4.5733886,2.2633886,-0.7366113,-1.0966114,-2.0366113,-3.2366114,-3.2266114,-0.9866113,-0.7966113,-0.15661132,-0.8566113,-3.4666114,-5.7766113,-3.2166114,-2.7166114,-9.8666115,-8.896611,-9.5766115,-8.836612,-7.876611,-5.516611,-5.6966114,-5.7966113,-4.206611,-4.246611,-3.9066114,-3.5466113,-1.9666114,-2.3366113,-1.8066113,-1.2266114,-0.40661132,-0.8066113,-0.69661134,-0.4166113,-0.11661133,0.15338868,0.28338867,0.38338867,0.75338864,1.4433887,3.0033886,3.9033887,3.6533887,4.083389,4.793389,5.043389,5.1133885,4.833389,3.3033886
6.9533887,6.063389,5.6633887,5.1533885,4.5533886,4.353389,4.6133885,4.2033887,3.7733886,3.7633886,3.2033887,0.6933887,-2.2566113,-1.2466114,-2.6366112,-3.4566114,-1.0866113,1.0333886,-0.58661133,0.23338868,-0.20661134,-1.5266113,-0.8466113,-1.6066114,-5.3166113,-9.186611,-9.456612,-7.916611,-6.4266114,-5.8166113,-5.5566115,-6.186611,-4.896611,-4.186611,-3.8466113,-3.3766112,-2.5366113,-2.1966114,-1.5266113,-0.9166113,-0.51661134,-0.076611325,-0.5366113,-1.1266114,1.6733887,5.4533887,6.4733887,5.503389,4.583389,5.9533887,5.5733886,5.4933887,6.0533886,5.9733887,5.3833885,4.9333887,5.563389,4.833389,5.3033886
0.28338867,5.4933887,6.2433887,5.6733885,5.2233887,4.853389,4.293389,4.103389,3.8933887,3.3233886,1.6633887,1.3433887,-0.17661133,-2.2866113,-2.1466112,-2.4966114,-2.5866113,-1.5266113,-0.44661132,-0.15661132,-0.08661133,-0.11661133,1.4933887,-3.1766114,-6.206611,-6.8066115,-7.7166114,-7.016611,-6.4866114,-6.0266113,-6.2366114,-6.3366113,-6.246611,-5.3466115,-2.4166114,-2.5266113,-0.9766113,0.49338868,0.74338865,1.6133887,3.2133887,2.8533888,3.0833886,3.5433886,3.6433887,3.5733886,3.0533886,5.1133885,4.7133884,4.4133887,3.8933887,4.9933887,5.853389,6.103389,5.873389,5.9333887,5.583389,5.4733887,5.1633887
0.25338867,0.87338865,4.773389,5.1633887,4.233389,3.5633886,3.9133887,3.8033886,3.2333887,2.6833887,3.0033886,2.1533887,-0.12661132,0.003388672,-1.2266114,-2.5366113,-2.1866114,-1.5666113,-1.4266113,-1.7466114,-2.4766114,-1.7066113,-3.0566113,-6.186611,-6.5066113,-7.1966114,-6.3666115,-7.3666115,-6.3266115,-5.9466114,-5.6766114,-7.1566114,-5.7166114,-3.5366113,-1.8466114,-1.5366113,0.19338867,0.74338865,1.3933886,4.6933885,3.9333887,3.6433887,3.7033887,2.6933887,2.1233888,0.5133887,3.6633887,3.3533888,2.9833887,2.4433887,3.4333887,3.8833888,4.3933887,6.1633887,6.4433885,6.1133885,5.4733887,6.733389,6.813389
-0.21661133,-0.68661135,-1.0266113,2.0133886,2.6233888,2.4033887,2.6633887,2.8033886,2.9833887,2.7433887,2.3233886,2.0133886,2.0533886,0.8933887,-0.30661133,-1.1666113,-0.74661136,-1.1966113,-1.6366113,-2.7566113,-3.1566114,-3.7566113,-3.4166114,-4.436611,-6.1566114,-5.016611,-4.0466113,-3.2066114,-3.5866113,-3.9066114,-4.2166114,-3.3266113,-2.4066114,-2.6866114,0.7133887,-0.14661133,1.6833887,0.6933887,2.5733886,3.2533886,2.6133888,3.1133888,2.5833886,0.39338866,-1.6366113,0.5333887,1.5033886,0.91338867,-1.0966114,-3.0766113,-2.5566113,6.1333885,8.403389,9.083388,8.303389,7.4933887,7.3933887,7.4933887,4.523389
-0.10661133,-0.75661135,-0.9766113,-1.3266113,0.6433887,3.2433887,3.3833888,3.4833887,3.0933886,2.8133886,2.4133887,1.6533886,1.0433887,1.1833887,0.87338865,0.31338868,0.12338867,-0.57661134,-2.0866113,-2.2266114,-2.5666113,-3.5066113,-3.3466113,-3.0966113,-3.4266114,-3.2266114,-2.8666112,-2.9466114,-2.5166113,-2.0166113,-1.6066114,-1.7566113,-1.5466113,-0.87661135,-0.7266113,-0.9066113,-0.9766113,0.5233887,1.7033887,1.2933887,0.6933887,0.56338865,2.0733886,-0.29661134,2.0733886,1.9233887,1.6833887,-2.2166114,-2.8166113,-6.706611,1.0833887,12.123388,10.513389,11.693389,10.9233885,9.593389,8.693389,9.223389,8.503388
-0.42661133,0.61338866,-1.1266114,-1.2666113,-0.40661132,3.1633887,3.6533887,3.3733888,3.5433886,2.8933887,2.7033887,1.8933886,1.0233886,0.36338866,0.5233887,1.4733887,1.0433887,1.1533886,0.45338866,-0.5466113,-1.7366114,-2.1666114,-2.2766113,-2.0266113,-1.8766114,-2.7166114,-2.8966112,-2.7866113,-2.2266114,-1.8066113,-2.0366113,-1.6266114,-1.2366114,-1.3466114,-1.3866113,-1.2166114,-1.1066114,0.9733887,1.5433887,0.44338867,0.013388672,-0.43661132,0.5833887,-0.6766113,1.5033886,1.1933887,-0.5966113,-2.1866114,-3.3066113,-6.5766115,-2.5066113,12.433389,13.003388,12.433389,11.973389,12.183389,10.303389,5.1633887,6.0333886
1.8833886,1.9533887,1.9633887,-0.15661132,-1.8966113,-0.32661134,-0.32661134,3.4233887,1.5133886,1.0133886,0.35338867,-0.076611325,0.23338868,0.5833887,0.67338866,0.8333887,1.3633887,1.5533887,1.6633887,0.16338867,-0.6066113,-0.62661135,-2.0066113,-1.4166113,-1.7066113,-2.0466113,-2.3966112,-2.2766113,-1.9066113,-1.6466113,-1.2166114,-1.4166113,-1.4666114,-1.5966114,-1.2366114,-1.4266113,-0.9666113,-0.74661136,-0.7866113,-2.1966114,0.21338867,-0.46661133,0.39338866,-0.38661134,0.6333887,0.3333887,-0.44661132,-1.2466114,-3.8666112,-4.2866116,-4.6766114,6.5933886,14.363389,12.723389,12.643389,11.893389,9.1333885,6.623389,4.333389
0.9033887,-0.9766113,-1.2166114,-1.2066113,-0.30661133,-0.5266113,-3.9866114,-0.48661134,0.6933887,-0.16661133,-1.4666114,-1.8366113,-2.0266113,-1.8466114,-0.17661133,-0.14661133,0.003388672,-0.24661133,0.80338866,1.0133886,-0.14661133,-0.37661132,0.22338867,-0.22661133,-0.29661134,-1.0466113,-2.1966114,-2.1866114,-2.0266113,-1.5066113,-1.0266113,-0.69661134,-0.74661136,-1.2366114,-1.0666113,-1.0366113,-0.76661134,-0.51661134,-0.21661133,-0.28661132,-1.0166113,-1.6466113,-1.4966114,-1.8566114,-1.2466114,0.11338867,-0.9266113,-0.6566113,-3.1266112,-3.5866113,-3.1666114,3.5633886,12.583388,12.333388,11.363389,10.103389,5.853389,3.2233887,5.5733886
-0.95661134,-1.3766114,-2.0266113,-1.3266113,-1.1266114,-0.30661133,0.32338867,-0.9766113,-0.46661133,-1.9166113,-2.3166113,-2.1666114,-1.2766113,-1.3166113,0.103388675,-0.16661133,0.003388672,0.5133887,0.8433887,0.60338867,1.5533887,1.3133887,2.0433886,1.7833886,0.79338866,-0.15661132,-0.6166113,-1.4066113,-1.5066113,-1.3966113,-0.70661134,0.16338867,0.68338865,-0.05661133,-0.8666113,0.8233887,-0.5366113,-2.7566113,-1.5066113,-1.0266113,-1.0866113,-1.5166113,-1.0366113,-2.4066114,-1.3366113,-1.2866113,-2.6966114,-3.1866114,-4.5466113,-4.7566113,-5.3066115,11.783389,12.203388,11.853389,11.573389,8.433389,4.733389,5.4233885,5.9033885
-0.5566113,-1.9566113,-1.1566113,0.013388672,0.31338868,0.43338868,-0.31661132,-0.9266113,-1.1766113,-2.7366114,-4.3466115,-4.0066113,-2.2366114,-0.7166113,-0.40661132,0.26338866,1.0533887,2.8433886,3.6333888,4.1133885,3.5133886,2.9933887,2.1933887,1.5933887,0.56338865,0.103388675,0.9033887,0.7233887,1.9533887,3.2433887,4.6633887,5.0933886,4.4433885,1.6333886,0.7233887,0.6533887,0.39338866,-1.1166114,-3.3766112,-1.1366113,-0.8466113,-2.1866114,-2.9966114,-2.9766114,-2.9466114,-4.016611,-4.5066113,-5.9266114,-6.0366116,-6.3866115,-7.016611,11.353389,10.513389,10.943389,10.523389,6.083389,6.2233887,5.6433887,4.6533885
-0.31661132,-0.026611328,-0.08661133,-0.26661134,0.50338864,-0.4166113,-1.2466114,-1.8166113,-2.5766113,-0.20661134,-0.9266113,0.39338866,0.7233887,0.5733887,-0.34661132,1.4333887,2.4933887,3.1333888,3.6733887,3.5533886,3.8133886,3.5633886,2.7333887,1.3433887,1.6733887,2.4333887,0.6433887,-0.75661135,0.99338865,2.7233887,3.7133887,4.3233886,3.9133887,4.0933886,2.5933886,0.8433887,0.24338867,-0.68661135,-2.0966113,-0.76661134,-2.0666113,-3.4666114,-3.2766113,-4.2866116,-5.0466113,-6.5066113,-6.6366115,-7.5966115,-8.146611,-6.3166113,10.223389,11.023389,10.693389,10.573389,9.403389,8.003388,6.9233885,6.603389,5.6333885
-1.1266114,-1.2966113,-0.70661134,-1.4866114,-0.34661132,-1.6366113,3.6133888,1.9833887,0.68338865,-1.6966113,0.48338866,2.0133886,1.6933887,1.0933887,2.3733888,3.2533886,3.6333888,3.6133888,4.5133886,5.1833887,6.313389,7.313389,6.8033886,5.1333885,3.9633887,2.8133886,1.2033887,1.8033887,2.1933887,9.6733885,11.613389,10.283389,8.023389,6.1133885,4.1733885,2.6733887,1.3133887,-0.57661134,-1.1866113,-2.5766113,-3.0466113,-4.5966115,-4.6766114,-6.5466113,-7.206611,-7.6166115,-8.606611,-9.786612,-7.4066114,6.8233886,9.813389,10.143389,9.393389,9.913388,9.613389,8.393389,6.5733886,6.8033886,5.7033887
-0.50661135,-1.5066113,-1.5666113,-1.0566113,-5.4266114,0.003388672,6.1433887,0.40338868,2.0933886,3.0333886,3.0233886,2.4233887,5.103389,4.773389,3.5733886,4.733389,3.7433887,4.313389,4.623389,5.4933887,7.273389,8.773389,8.963388,8.353389,5.9033885,4.8633885,4.273389,5.1733885,5.6833887,10.623388,12.363389,11.353389,9.073389,6.1133885,4.813389,2.3433886,1.0533887,-0.9766113,-3.4666114,-3.8166113,-4.5966115,-6.396611,-7.1566114,-8.186611,-8.986611,-9.996612,-9.636611,-10.056611,-0.7266113,8.373388,11.303389,10.823389,10.203388,9.613389,8.933389,7.833389,7.313389,6.6533885,5.3033886
1.1233886,3.4633887,-0.4166113,-2.0666113,-0.82661134,4.1833887,2.3233886,2.6033888,2.3533888,3.3733888,5.623389,3.8333886,5.503389,7.083389,7.1533885,5.873389,6.1933885,5.983389,6.1533885,7.483389,8.543388,8.183389,6.6733885,6.1433887,6.3933887,5.0533886,4.4933887,3.8033886,8.073389,10.573389,10.353389,9.943389,8.283389,6.5533886,3.9133887,1.6133887,-0.24661133,-2.7166114,-4.0066113,-5.7566113,-6.7866116,-7.3566113,-8.566611,-9.546612,-9.856611,-10.346611,-10.466611,-4.1766114,-1.8266113,8.053389,13.083388,12.273389,11.183389,9.183389,8.113389,7.2633886,5.8833885,5.2033887,4.813389
1.7133887,1.4033886,1.9233887,3.4633887,6.8033886,4.0133886,4.2633886,4.9233885,5.4333887,6.523389,6.5133886,5.773389,4.123389,7.8633885,7.503389,6.2133884,5.4933887,6.313389,7.123389,7.503389,7.833389,7.0733886,4.9233885,5.0333886,5.0133886,2.8733888,3.6133888,5.9333887,8.413388,8.8833885,8.243389,7.333389,5.6733885,4.003389,1.7133887,0.063388675,-2.5566113,-3.9766114,-5.016611,-6.4866114,-7.3566113,-8.736611,-9.736611,-9.696611,-8.736611,-8.0766115,-4.916611,-2.2066114,1.3533887,7.733389,11.093389,11.603389,10.843389,8.783389,7.623389,6.9133887,5.793389,4.483389,3.4733887
1.8633887,2.1633887,1.8733886,2.9833887,1.5833887,2.8733888,7.4133887,6.503389,6.4233885,6.623389,6.813389,7.2633886,7.3933887,7.8033886,7.8933887,7.5333886,7.2133884,7.103389,6.9433885,6.543389,6.0733886,3.9733887,3.6133888,2.2233887,2.5033886,4.0333886,7.373389,6.9133887,6.6833887,6.4033885,5.4933887,5.373389,3.3033886,1.0633887,-0.8566113,-2.3966112,-4.0766115,-4.686611,-6.4066114,-7.2966113,-7.9866114,-9.096611,-10.506611,-9.496612,-8.916612,-5.4266114,-2.7666113,0.5133887,2.8333886,5.1633887,10.393389,11.643389,9.743389,7.813389,6.0533886,4.9933887,4.0333886,3.0033886,2.3033886
1.0533887,1.5833887,1.9433887,2.4933887,5.4433885,6.273389,6.5533886,6.793389,7.023389,7.503389,8.023389,7.9933887,8.223389,7.2233887,7.5933886,7.0133886,6.9133887,5.9333887,5.483389,5.4033885,3.7333887,1.7133887,2.1733887,5.6933885,6.9133887,7.233389,6.6333885,5.8833885,5.3833885,4.733389,4.253389,3.1033888,0.8233887,-1.2466114,-2.9366114,-3.5266113,-5.396611,-6.916611,-7.626611,-8.486611,-8.246612,-8.336612,-8.0766115,-7.6566114,-5.6166115,-2.8366113,-1.3166113,2.2033887,4.4333887,6.253389,8.433389,8.603389,7.2133884,5.7433887,4.353389,2.5233886,1.1833887,0.8233887,0.39338866
2.6333888,7.7233887,8.113389,7.6833887,7.7233887,6.273389,5.9233885,4.9533887,5.6933885,5.853389,7.4933887,9.043388,8.283389,7.4633884,6.9533887,6.103389,5.2033887,4.4733887,4.313389,2.8733888,1.1933887,-0.38661134,0.14338867,6.2433887,6.7033887,5.9233885,4.8033886,4.623389,4.313389,3.5833886,2.3233886,0.34338868,-1.3466114,-3.0566113,-4.1566114,-6.0966115,-7.126611,-8.446611,-8.936611,-8.726611,-6.436611,-7.6966114,-6.7966113,-5.3866115,-3.6266112,-2.3666112,-1.4466113,3.4833887,3.7733886,7.793389,8.6333885,8.303389,6.5333886,4.2633886,1.3733886,-1.7466114,-1.4266113,-0.50661135,1.0233886
7.7633886,8.693389,10.203388,9.653389,9.353389,7.4033885,7.333389,7.603389,7.5933886,8.1333885,7.3433886,7.6733885,7.0133886,6.0933886,5.063389,4.1533885,3.3633888,3.0533886,2.2133887,0.7033887,-0.46661133,-0.57661134,-0.29661134,4.6433887,5.9433885,4.9733887,4.003389,4.333389,3.1933887,1.9933887,0.013388672,-1.4566113,-2.5966113,-3.6666114,-4.8066115,-6.3566113,-7.9866114,-8.906611,-7.3066115,-7.3166113,-7.0866113,-6.3866115,-5.3166113,-3.5766113,-0.51661134,0.62338865,1.3233887,2.0133886,1.7533886,7.103389,8.233389,7.7133884,6.4933887,3.3833888,-0.8066113,-3.6766114,0.87338865,0.91338867,0.30338868
9.703388,9.493389,9.4233885,9.233389,7.313389,8.723389,7.6333885,6.8633885,6.5133886,6.6633887,6.2433887,6.123389,5.3433886,5.3233886,3.9333887,2.9633887,1.4533887,1.7933887,0.46338868,-0.026611328,-0.21661133,-0.83661133,0.063388675,-1.2966113,5.6633887,4.083389,2.5733886,2.3533888,2.0333886,0.6433887,-1.5766113,-2.9466114,-4.0966115,-4.0266113,-6.666611,-7.9066114,-8.636611,-9.206612,-7.3066115,-8.006611,-7.1766114,-6.0066113,-3.9166114,-1.1566113,0.9733887,0.75338864,1.1133887,1.5933887,2.3233886,6.9933887,8.463388,7.0733886,5.3933887,2.4133887,-0.74661136,-3.1266112,0.35338867,1.2733886,3.0133886
8.903389,8.763389,8.003388,8.013389,8.213388,7.5333886,6.8033886,5.6933885,4.793389,4.6833887,3.3933887,3.4833887,5.1833887,4.333389,3.2433887,2.1433887,1.2933887,-0.49661133,-1.2666113,-1.6066114,-0.76661134,-1.2166114,-1.4566113,-0.9666113,4.483389,3.3433886,0.8433887,0.26338866,-0.10661133,-0.5566113,-2.1166112,-3.7666113,-4.9866114,-5.876611,-6.646611,-7.5966115,-8.436611,-7.7766113,-8.626612,-8.636611,-8.136611,-6.5366116,-1.6666113,2.2633886,4.1133885,3.2033887,3.8133886,3.4533887,3.4333887,6.3033886,8.213388,6.8633885,5.1633887,2.0533886,-1.4766114,-3.6966114,-3.1666114,0.5333887,0.55338866
8.1733885,6.9133887,8.403389,7.6533885,7.3933887,7.083389,5.6633887,4.603389,3.6433887,2.4833887,1.7233887,2.4433887,3.9333887,4.273389,1.9233887,1.0033886,-0.81661135,-2.2966113,-2.6766114,-2.5366113,-1.0166113,0.7133887,-0.50661135,-0.8566113,1.5333886,1.8333887,-0.08661133,-1.2366114,-1.8866113,-1.9466113,-2.2466114,-2.3366113,-3.2166114,-4.206611,-5.976611,-6.7566113,-6.6766114,-8.596611,-8.536612,-10.006611,-8.516611,0.14338867,2.9333887,2.8533888,5.8633885,5.5333886,4.3233886,3.9533887,4.4133887,6.353389,7.503389,5.8933887,3.9533887,0.44338867,-2.3266113,-3.9566114,-3.4766114,1.6533886,2.3633888
7.6633887,6.9333887,6.7133884,6.5333886,6.8233886,6.4133887,5.8433886,4.6133885,3.3233886,2.4833887,1.0033886,1.6033887,2.1633887,1.5933887,2.3233886,-0.33661133,-2.3366113,-4.2966113,-4.7966113,-1.9866114,1.2033887,1.9933887,1.3833886,-2.5066113,-1.6566113,-2.3366113,-1.5366113,-1.8866113,-2.0766113,-1.1766113,-2.1466112,-2.7566113,-3.2666113,-3.6066113,-4.6166115,-4.8566113,-6.0666113,-8.246612,-9.046612,-8.746612,-2.1566114,1.8833886,3.8833888,3.5633886,5.2033887,6.1533885,4.983389,4.6533885,3.9633887,7.4433885,7.2633886,4.983389,2.6333888,-0.95661134,-3.2366114,-5.0566115,-3.1566114,-0.5366113,2.2133887
