json/gfs_20240719_18.json
{"header": { "discipline":0, "disciplineName":"Meteorological products", "gribEdition":2, "gribLength":79643, "center":7, "centerName":"US National Weather Service - NCEP(WMC)", "subcenter":0, "refTime":"2024-07-19T18:00:00.000Z", "significanceOfRT":1, "significanceOfRTName":"Start of forecast", "productStatus":0, "productStatusName":"Operational products", "productType":1, "productTypeName":"Forecast products", "productDefinitionTemplate":0, "productDefinitionTemplateName":"Analysis/forecast at horizontal level/layer at a point in time", "parameterCategory":2, "parameterCategoryName":"Momentum", "parameterNumber":2, "parameterNumberName":"U-component_of_wind", "parameterUnit":"m.s-1", "genProcessType":2, "genProcessTypeName":"Forecast", "forecastTime":0, "surface1Type":103, "surface1TypeName":"Specified height level above ground", "surface1Value":10.0, "surface2Type":255, "surface2TypeName":"Missing", "surface2Value":0.0, "gridDefinitionTemplate":0, "gridDefinitionTemplateName":"Latitude_Longitude", "numberPoints":65160, "shape":6, "shapeName":"Earth spherical with radius of 6,371,229.0 m", "gridUnits":"degrees", "resolution":48, "winds":"true", "scanMode":0, "nx":360, "ny":181, "basicAngle":0, "lo1":0.0, "la1":90.0, "lo2":359.0, "la2":-90.0, "dx":1.0, "dy":1.0 }, "data":
[rows 104 to 129 of 181, columns 58 to 115 of 360]
-5.6443357,-5.1643357,-4.6843357,-6.1843357,-6.774336,-6.694336,-6.544336,-6.444336,-7.134336,-7.704336,-7.814336,-7.794336,-7.6843357,-8.564336,-8.754336,-8.564336,-8.404336,-8.4243355,-8.094336,-8.904336,-8.834336,-8.394336,-8.844336,-8.984336,-9.094336,-9.854336,-9.344336,-10.054336,-10.534336,-10.514336,-10.694336,-10.914336,-10.874336,-9.714336,-9.284336,-9.704336,-10.234336,-10.624336,-11.054336,-11.194336,-9.454336,-9.394336,-9.114336,-8.514336,-9.184336,-9.314336,-10.184336,-9.914336,-9.6743355,-9.654336,-8.914336,-8.994336,-9.034336,-9.874336,-10.324336,-10.624336,-10.524336,-10.644336
-5.704336,-5.154336,-4.334336,-5.724336,-6.6443357,-7.274336,-6.804336,-7.374336,-6.6843357,-7.134336,-7.544336,-7.654336,-7.834336,-7.584336,-8.094336,-7.6643357,-8.344336,-7.9343357,-8.064336,-8.6343355,-8.084336,-8.254336,-8.114336,-8.654336,-8.494336,-9.064336,-9.254336,-9.194336,-10.054336,-10.4243355,-9.854336,-10.604336,-11.524336,-11.064336,-10.1343355,-9.664336,-10.374336,-10.664336,-11.1343355,-11.374336,-10.984336,-10.1343355,-8.914336,-8.944336,-9.104336,-8.8843355,-9.6343355,-9.794336,-9.644336,-9.704336,-9.1743355,-9.264336,-9.014336,-9.054336,-9.194336,-9.434336,-10.444336,-9.894336
-5.474336,-4.584336,-5.044336,-6.944336,-7.724336,-7.154336,-6.8943357,-6.804336,-6.574336,-7.404336,-7.424336,-7.174336,-8.694336,-8.444336,-7.1643357,-7.514336,-7.744336,-7.4143357,-7.954336,-7.374336,-8.054336,-7.904336,-8.704336,-8.274336,-8.194336,-9.464336,-8.304336,-9.614336,-10.004336,-9.954336,-9.584336,-10.124336,-10.644336,-11.244336,-10.554336,-10.024336,-10.114336,-10.904336,-11.274336,-11.314336,-11.794336,-11.904336,-11.464336,-10.084336,-9.244336,-9.284336,-9.184336,-9.894336,-10.054336,-9.9243355,-9.664336,-9.214336,-9.254336,-8.324336,-9.014336,-9.224336,-10.444336,-9.204336
-5.284336,-5.094336,-5.924336,-7.564336,-7.364336,-7.404336,-6.704336,-6.784336,-7.324336,-6.544336,-7.3943357,-8.024336,-7.504336,-7.624336,-7.314336,-7.574336,-7.734336,-6.554336,-6.584336,-6.834336,-7.984336,-8.114336,-8.574336,-8.994336,-8.9243355,-8.794336,-9.114336,-9.844336,-9.8843355,-9.734336,-9.684336,-9.764336,-10.374336,-10.1343355,-10.694336,-11.054336,-10.234336,-10.994336,-10.714336,-11.444336,-11.404336,-11.464336,-11.964336,-11.814336,-11.704336,-11.104336,-10.444336,-11.434336,-12.454336,-11.834336,-11.234336,-10.194336,-9.454336,-8.584336,-8.014336,-8.754336,-8.864336,-8.044336
-5.364336,-5.694336,-7.044336,-7.204336,-7.024336,-6.9143357,-6.974336,-6.984336,-6.024336,-6.534336,-6.714336,-7.4343357,-5.9143357,-7.344336,-6.984336,-7.9343357,-6.324336,-7.014336,-7.504336,-7.634336,-7.274336,-7.1443357,-7.774336,-7.304336,-7.634336,-7.704336,-8.814336,-10.034336,-9.994336,-9.244336,-9.794336,-10.3843355,-9.364336,-9.584336,-10.144336,-11.184336,-11.084336,-11.544336,-11.104336,-11.274336,-11.994336,-11.604336,-11.054336,-11.944336,-11.624336,-10.834336,-12.534336,-12.714336,-12.344336,-11.334336,-11.014336,-9.504336,-8.684336,-7.534336,-7.3943357,-6.654336,-6.6843357,-6.954336
-5.114336,-5.524336,-6.044336,-5.584336,-6.134336,-5.474336,-5.264336,-5.954336,-5.974336,-6.344336,-6.524336,-7.154336,-5.344336,-5.714336,-6.314336,-7.844336,-7.1443357,-7.194336,-6.594336,-6.224336,-7.034336,-7.034336,-7.574336,-6.454336,-6.604336,-7.304336,-6.884336,-8.154336,-8.3843355,-8.854336,-9.544336,-9.064336,-9.544336,-8.834336,-9.594336,-10.844336,-11.034336,-10.894336,-10.524336,-11.444336,-10.894336,-11.044336,-10.604336,-11.284336,-10.784336,-11.604336,-10.9243355,-11.244336,-11.724336,-11.004336,-10.124336,-9.364336,-8.314336,-7.724336,-7.154336,-5.6643357,-5.274336,-4.8943357
-4.274336,-5.1843357,-4.734336,-5.004336,-4.844336,-4.1643357,-4.364336,-5.554336,-5.114336,-5.514336,-6.954336,-7.034336,-6.474336,-4.6443357,-6.484336,-5.804336,-5.354336,-6.814336,-7.1843357,-7.754336,-7.634336,-8.244336,-6.534336,-7.694336,-7.854336,-8.3843355,-9.484336,-7.4343357,-7.504336,-5.694336,-7.314336,-8.664336,-8.644336,-8.494336,-10.1343355,-9.834336,-10.514336,-10.284336,-9.554336,-9.724336,-9.864336,-9.664336,-9.644336,-9.624336,-10.484336,-9.844336,-9.6343355,-10.934336,-10.094336,-9.544336,-8.6743355,-7.9143357,-7.304336,-6.514336,-5.9143357,-4.994336,-4.714336,-1.794336
-3.8143358,-4.494336,-3.854336,-2.824336,-2.724336,-2.374336,-2.5443358,-3.824336,-3.144336,-4.704336,-5.114336,-6.354336,-6.254336,-6.424336,-6.504336,-4.944336,-4.674336,-6.174336,-6.974336,-6.104336,-7.6843357,-7.924336,-7.074336,-6.804336,-8.124336,-8.6343355,-7.844336,-8.894336,-8.414336,-7.6843357,-7.944336,-7.714336,-6.6843357,-7.774336,-8.444336,-9.494336,-9.324336,-9.814336,-10.004336,-9.404336,-9.214336,-9.244336,-8.744336,-8.034336,-9.034336,-8.334336,-8.664336,-9.034336,-8.704336,-8.164336,-8.004336,-8.184336,-7.304336,-6.534336,-5.304336,-4.484336,-3.864336,-2.364336
-2.714336,-3.184336,-3.354336,-2.224336,-1.174336,0.075664066,-2.0643358,-2.7843359,-2.074336,-2.644336,-4.1443357,-5.004336,-6.374336,-5.344336,-4.654336,-3.844336,-3.374336,-6.1643357,-5.084336,-5.654336,-6.584336,-6.474336,-6.564336,-7.244336,-6.634336,-7.9343357,-7.704336,-8.054336,-7.674336,-8.754336,-8.334336,-8.284336,-7.514336,-5.764336,-8.164336,-8.724336,-9.094336,-8.584336,-8.8843355,-8.344336,-7.524336,-7.854336,-6.6643357,-7.624336,-8.574336,-7.494336,-7.324336,-7.224336,-7.254336,-6.8943357,-6.994336,-7.174336,-6.704336,-6.784336,-6.554336,-5.604336,-4.1843357,-1.884336
-0.63433594,-0.94433594,-1.5043359,-0.37433594,-0.11433594,0.98566407,-0.9743359,-2.0543358,-1.0943359,0.015664063,-2.414336,-4.064336,-4.744336,-4.734336,-3.334336,-3.5143359,-5.014336,-4.064336,-4.514336,-5.554336,-5.374336,-4.874336,-6.1643357,-6.004336,-5.554336,-6.234336,-7.154336,-7.774336,-8.344336,-8.064336,-8.314336,-8.494336,-8.304336,-7.854336,-8.844336,-9.124336,-8.794336,-8.414336,-7.814336,-8.3843355,-8.194336,-8.474336,-8.184336,-7.704336,-7.6843357,-8.014336,-8.194336,-7.554336,-7.004336,-6.9343357,-6.264336,-6.754336,-8.1743355,-7.104336,-6.584336,-7.324336,-4.064336,-4.674336
-1.804336,0.7956641,1.9956641,2.415664,1.5456641,2.015664,2.2456641,0.70566404,0.48566407,1.7556641,1.1356641,-1.5743359,-2.144336,-3.0043359,-2.994336,-3.844336,-4.334336,-1.884336,-2.994336,-5.124336,-5.474336,-7.114336,-6.604336,-5.344336,-5.594336,-6.794336,-6.1843357,-6.814336,-6.4143357,-7.274336,-7.454336,-7.484336,-7.8943357,-8.374336,-8.904336,-8.374336,-8.034336,-8.854336,-7.524336,-8.154336,-8.014336,-8.094336,-7.924336,-7.424336,-7.884336,-7.704336,-7.454336,-8.064336,-7.794336,-7.884336,-7.274336,-8.414336,-7.474336,-8.1743355,-7.804336,-8.394336,-3.574336,-5.504336
-0.25433594,-0.18433593,0.15566406,0.24566406,2.915664,3.105664,3.775664,3.265664,3.2156641,3.4756641,2.255664,0.24566406,0.14566407,0.025664063,-0.69433594,-2.214336,-1.3643359,-2.2743359,-3.884336,-4.734336,-4.604336,-6.564336,-4.714336,-3.664336,-4.594336,-4.234336,-6.704336,-6.994336,-5.474336,-6.474336,-6.8943357,-6.314336,-6.964336,-6.694336,-7.244336,-6.704336,-6.634336,-6.074336,-6.324336,-7.504336,-5.994336,-6.674336,-6.114336,-6.804336,-6.494336,-5.4143357,-7.334336,-6.034336,-7.134336,-6.584336,-6.994336,-7.294336,-7.994336,-6.454336,-8.284336,-8.354336,-3.8143358,-4.504336
-0.38433594,0.075664066,0.67566407,1.2656641,1.1256641,0.70566404,4.255664,4.5656643,5.215664,5.715664,4.775664,3.1956642,2.855664,3.255664,2.765664,-0.13433594,0.58566403,0.15566406,-2.174336,-1.384336,-3.744336,-4.954336,-3.644336,-3.164336,-3.624336,-3.114336,-3.7643359,-3.834336,-4.744336,-4.294336,-4.884336,-5.364336,-4.294336,-4.554336,-4.794336,-4.6843357,-4.994336,-4.714336,-5.1443357,-5.544336,-5.134336,-5.514336,-5.254336,-4.8943357,-5.214336,-4.6643357,-5.024336,-4.574336,-4.594336,-4.224336,-5.484336,-5.624336,-4.834336,-5.404336,-6.624336,-7.3943357,-7.214336,-4.074336
1.6556641,1.7556641,2.115664,1.8756641,2.305664,1.815664,2.2156641,2.515664,4.935664,6.6056643,7.235664,5.915664,3.885664,4.955664,3.825664,2.405664,2.295664,2.1956642,1.3956641,0.115664065,-0.47433594,-2.974336,-1.5943359,-1.4943359,0.025664063,-2.654336,-2.934336,-4.294336,-3.714336,-2.674336,-3.614336,-3.704336,-4.044336,-3.594336,-2.854336,-2.334336,-2.124336,-2.864336,-2.824336,-2.974336,-3.354336,-3.144336,-3.2843359,-2.604336,-2.584336,-3.614336,-2.664336,-1.4843359,-2.5143359,-2.184336,-2.714336,-3.864336,-3.574336,-3.334336,-4.8943357,-5.784336,-3.634336,-3.904336
1.715664,2.365664,2.395664,3.7256641,4.015664,3.825664,3.4656641,3.165664,3.375664,3.835664,7.615664,6.775664,5.675664,5.625664,5.615664,4.5656643,3.895664,3.4356642,3.645664,1.5256641,2.405664,1.095664,0.92566407,0.83566403,-0.41433594,-1.5943359,-2.444336,-1.1943359,0.44566405,-2.184336,-1.174336,-3.234336,0.8556641,0.7256641,0.42566407,0.09566406,0.57566404,-0.064335935,-1.304336,-0.9743359,0.06566406,-0.48433593,0.13566406,-0.21433593,-0.12433594,-0.19433594,1.3756641,0.88566405,1.3056641,1.0256641,1.1456641,-1.294336,-0.54433596,-1.164336,-1.2443359,-2.374336,-4.044336,-2.164336
3.115664,3.615664,4.095664,4.045664,4.745664,5.675664,4.755664,4.845664,4.785664,4.285664,3.915664,7.005664,6.935664,6.865664,6.615664,5.175664,4.995664,4.095664,4.615664,4.715664,4.905664,3.4856641,1.715664,-0.22433594,-0.42433593,0.64566404,1.7956641,1.315664,3.6956642,2.9356642,2.4556642,2.655664,3.1856642,3.395664,3.405664,3.775664,2.285664,1.6256641,2.155664,2.385664,2.525664,1.7556641,2.915664,2.9456642,2.585664,3.4656641,3.265664,3.325664,2.9656641,4.255664,3.7356641,4.045664,2.875664,2.335664,2.4856641,2.515664,1.455664,-1.674336
4.615664,4.275664,4.895664,5.245664,5.675664,4.3556643,6.705664,6.445664,5.965664,5.635664,4.945664,3.555664,5.795664,6.385664,7.515664,6.165664,5.955664,5.375664,5.775664,6.0656643,4.885664,4.785664,4.275664,3.355664,1.7656641,2.4356642,1.715664,3.035664,3.9856641,4.515664,5.175664,5.615664,5.525664,6.015664,5.755664,5.805664,4.875664,4.575664,5.235664,5.5656643,6.445664,5.555664,5.145664,5.3356643,5.635664,6.535664,6.845664,6.795664,7.215664,7.225664,6.885664,7.0856643,7.705664,6.915664,6.195664,6.005664,5.575664,0.47566405
4.035664,4.3156643,4.005664,3.565664,6.385664,5.965664,5.295664,5.575664,7.715664,6.8156643,6.735664,5.935664,5.535664,5.785664,7.225664,8.3256645,7.5656643,7.145664,6.915664,7.035664,6.295664,5.615664,5.705664,5.455664,4.675664,4.075664,3.565664,3.815664,5.215664,5.625664,7.495664,7.215664,6.885664,8.425664,7.845664,7.215664,8.205664,7.205664,7.175664,7.775664,7.255664,7.905664,7.545664,7.995664,8.0756645,8.135664,8.645664,8.635664,8.925664,9.565664,9.125664,9.0756645,9.225664,9.835664,9.635664,9.255664,8.145664,6.8356643
4.825664,4.685664,5.3356643,5.385664,5.415664,5.275664,5.735664,6.015664,6.755664,7.505664,8.655664,8.215664,7.925664,6.555664,5.745664,6.075664,8.375664,7.715664,7.595664,7.055664,7.5656643,6.8356643,6.785664,6.995664,6.675664,6.745664,6.485664,5.945664,6.435664,8.195664,8.335664,9.045664,8.795664,8.925664,9.175664,9.345664,9.405664,9.095664,9.425664,9.265664,9.095664,9.195664,9.905664,10.395664,9.435664,9.565664,10.145664,10.355664,11.355664,11.145664,10.515664,11.475664,11.085664,10.715664,10.785664,11.1156645,10.015664,9.315664
4.8356643,5.145664,4.6056643,6.425664,6.795664,6.325664,7.155664,7.965664,8.185664,7.635664,9.1156645,9.805664,9.805664,9.145664,7.775664,6.675664,6.435664,7.185664,8.655664,8.775664,8.845664,9.305664,8.295664,8.235664,7.885664,8.225664,8.445664,8.405664,8.085664,7.805664,9.885664,10.875664,10.495664,9.515664,10.465664,10.975664,10.965664,9.765664,10.295664,10.495664,10.845664,10.705664,10.845664,10.635664,11.155664,11.395664,12.225664,11.775664,11.215664,12.985664,11.715664,12.015664,12.415664,13.035664,12.495664,12.185664,11.6156645,11.545664
3.385664,3.9856641,4.735664,6.3356643,5.305664,5.3556643,7.155664,7.885664,9.135664,9.095664,8.215664,8.475664,9.235664,10.065664,9.595664,8.285664,7.455664,7.665664,8.055664,7.435664,8.535664,10.065664,9.595664,9.605664,9.435664,8.755664,9.055664,9.765664,10.085664,8.965664,9.355664,10.155664,10.945664,10.065664,10.165664,11.295664,10.275664,11.345664,11.445664,10.915664,10.795664,11.735664,11.085664,11.805664,11.885664,13.555664,11.485664,13.355664,12.915664,14.135664,12.485664,13.675664,14.495664,13.765664,13.725664,13.475664,13.605664,10.515664
4.515664,5.365664,5.5856643,6.365664,6.015664,7.235664,7.3356643,7.665664,7.395664,7.875664,8.375664,9.0756645,8.8256645,9.715664,9.855664,9.5756645,8.605664,8.265664,8.335664,7.895664,8.035664,7.245664,8.5756645,9.875664,10.0756645,9.695664,9.235664,10.8256645,10.6156645,10.3656645,10.535664,10.915664,10.955664,11.565664,11.765664,12.025664,11.485664,11.655664,12.645664,12.535664,12.915664,13.065664,13.065664,13.295664,14.685664,14.215664,13.915664,14.445664,14.105664,15.315664,14.095664,14.585664,14.025664,15.205664,14.975664,12.875664,14.675664,14.915664
3.4756641,4.1056643,5.015664,5.035664,7.195664,7.925664,8.725664,8.585664,8.685664,8.905664,8.485664,8.905664,9.605664,8.755664,8.985664,9.585664,9.355664,8.205664,8.515664,8.065664,7.665664,6.095664,5.345664,7.225664,7.715664,10.555664,10.3656645,11.355664,12.455664,11.485664,12.085664,12.225664,12.335664,12.775664,13.225664,13.625664,13.855664,13.745664,13.945664,14.545664,14.455664,14.255664,14.855664,14.8656645,14.685664,14.685664,16.055664,15.815664,15.395664,15.945664,15.955664,15.145664,14.855664,14.715664,13.945664,14.185664,14.145664,13.975664
4.255664,5.8556643,6.6056643,7.495664,8.295664,8.945664,8.765664,8.905664,9.025664,10.205664,9.805664,9.3256645,9.445664,9.465664,8.975664,8.565664,9.185664,9.065664,7.665664,7.445664,6.045664,5.545664,5.385664,6.445664,7.235664,8.095664,10.495664,10.845664,11.965664,13.715664,13.725664,12.315664,13.165664,14.335664,14.315664,14.255664,14.3256645,14.605664,15.565664,15.675664,15.915664,16.365664,16.055664,16.215664,15.795664,16.425665,15.965664,15.235664,14.775664,15.665664,16.425665,16.585665,15.675664,15.425664,14.915664,15.405664,14.875664,14.625664
5.005664,4.715664,6.535664,5.455664,4.3556643,4.865664,6.3156643,7.805664,8.815664,8.965664,9.285664,10.235664,9.375664,8.545664,8.8656645,7.425664,8.245664,8.705664,9.065664,7.325664,7.3156643,5.445664,6.185664,6.8556643,7.665664,8.035664,7.505664,7.825664,9.665664,10.765664,11.485664,13.675664,16.315664,15.345664,15.015664,14.885664,14.545664,15.035664,15.425664,16.135664,16.225664,16.575665,16.785664,16.615664,16.635664,16.145664,17.345665,16.995665,16.765663,16.075665,16.345665,16.555664,15.165664,15.155664,14.005664,15.235664,14.905664,14.5756645
2.805664,3.9456642,2.015664,1.825664,1.705664,2.405664,3.815664,4.365664,6.795664,8.225664,9.985664,10.205664,9.525664,7.8556643,7.535664,6.015664,7.125664,7.645664,8.965664,7.995664,7.755664,7.325664,6.825664,7.155664,7.385664,6.965664,7.935664,8.275664,9.3256645,9.475664,10.285664,9.8256645,8.835664,14.775664,16.255665,15.515664,15.225664,15.685664,16.135664,16.815664,17.315664,17.825665,18.235664,18.255665,18.415665,17.885664,17.885664,17.925665,17.605663,17.145664,17.315664,16.755665,16.075665,16.035664,15.905664,15.8656645,16.395664,15.305664
