json/gfs_20240724_06.json
{"header": { "discipline":0, "disciplineName":"Meteorological products", "gribEdition":2, "gribLength":79361, "center":7, "centerName":"US National Weather Service - NCEP(WMC)", "subcenter":0, "refTime":"2024-07-24T06:00:00.000Z", "significanceOfRT":1, "significanceOfRTName":"Start of forecast", "productStatus":0, "productStatusName":"Operational products", "productType":1, "productTypeName":"Forecast products", "productDefinitionTemplate":0, "productDefinitionTemplateName":"Analysis/forecast at horizontal level/layer at a point in time", "parameterCategory":2, "parameterCategoryName":"Momentum", "parameterNumber":2, "parameterNumberName":"U-component_of_wind", "parameterUnit":"m.s-1", "genProcessType":2, "genProcessTypeName":"Forecast", "forecastTime":0, "surface1Type":103, "surface1TypeName":"Specified height level above ground", "surface1Value":10.0, "surface2Type":255, "surface2TypeName":"Missing", "surface2Value":0.0, "gridDefinitionTemplate":0, "gridDefinitionTemplateName":"Latitude_Longitude", "numberPoints":65160, "shape":6, "shapeName":"Earth spherical with radius of 6,371,229.0 m", "gridUnits":"degrees", "resolution":48, "winds":"true", "scanMode":0, "nx":360, "ny":181, "basicAngle":0, "lo1":0.0, "la1":90.0, "lo2":359.0, "la2":-90.0, "dx":1.0, "dy":1.0 }, "data":
[rows 104 to 129 of 181, columns 290 to 347 of 360]
1.0212451,0.82124513,1.3012451,1.2512451,0.8512451,0.031245118,0.33124512,-0.17875488,-0.98875487,-1.1887549,0.11124512,-1.5387549,-1.3387549,-0.6987549,-1.9887549,-0.29875487,-1.6087549,-1.7587548,0.8512451,-1.4687549,-2.9287548,-2.038755,-0.3087549,2.431245,-3.098755,-1.6387548,-0.5487549,-4.128755,-2.4587548,-0.24875489,0.2912451,0.13124512,-5.5087547,-3.4287548,-4.168755,-7.118755,-6.518755,-4.878755,-5.248755,-6.4887547,-8.078754,-7.948755,-7.058755,-6.148755,-8.158755,-8.298755,-7.7587547,-8.158755,-8.188755,-7.648755,-7.888755,-8.328754,-7.518755,-7.518755,-7.438755,-7.038755,-6.808755,-7.188755
0.48124513,1.5112451,1.1112452,0.94124514,0.7712451,1.0312451,-0.018754883,-0.35875487,0.22124511,-0.088754885,0.9112451,-1.2287549,0.121245116,-1.3887548,-1.4387549,-2.088755,-1.7287549,-0.028754883,-0.26875487,-1.5887549,-2.998755,-2.048755,-1.7887549,-1.4887549,-2.1287549,-2.348755,-0.35875487,-3.338755,-1.0287548,-2.3887548,1.1612451,1.8212451,-5.218755,-4.7987547,-3.518755,-5.388755,-5.448755,-4.858755,-4.7987547,-6.858755,-6.2587547,-6.928755,-5.538755,-5.948755,-5.878755,-6.728755,-7.158755,-8.098755,-7.658755,-7.108755,-7.558755,-7.408755,-8.098755,-7.168755,-7.398755,-7.0287547,-6.4887547,-7.148755
0.45124513,-2.258755,1.5112451,0.8312451,0.9012451,0.7212451,0.39124513,-0.55875486,1.1512451,-0.37875488,-0.118754886,-0.028754883,-1.4687549,-0.47875488,-1.0387549,0.7912451,-1.5287548,-0.5387549,-0.6587549,-1.6887549,-2.8887548,-2.988755,-2.058755,-1.0687549,-0.5187549,-0.8187549,-0.9787549,-2.598755,-2.308755,-0.47875488,0.23124512,0.87124515,-2.008755,-5.728755,-4.268755,-4.408755,-4.498755,-3.9487548,-4.888755,-6.918755,-8.278755,-7.598755,-6.328755,-6.2987547,-4.648755,-4.678755,-4.5287547,-4.808755,-5.5087547,-6.728755,-6.918755,-7.2787547,-7.928755,-6.788755,-6.2587547,-6.998755,-6.828755,-6.678755
1.5712451,1.0112451,-0.7887549,0.16124512,1.9012451,0.24124512,1.1212451,0.82124513,-0.73875487,-0.3087549,-1.0087548,0.69124514,-2.558755,-1.1587548,-1.2387549,-2.248755,-2.568755,-0.4287549,-1.7287549,-3.058755,-1.6287549,-2.8987548,-1.1287549,-0.8287549,-1.8787549,-1.5187548,-1.2787548,0.041245118,-1.5487549,0.62124515,0.87124515,-2.758755,-3.088755,-4.248755,-4.078755,-4.218755,-3.488755,-3.6187549,-4.0687547,-5.288755,-7.0287547,-6.408755,-5.268755,-4.898755,-5.638755,-4.7587547,-5.7587547,-5.708755,-6.5287547,-6.0487547,-6.368755,-5.418755,-5.658755,-5.978755,-6.398755,-5.748755,-5.958755,-6.658755
-0.5887549,2.1412451,-0.14875488,0.8012451,1.3512452,0.7912451,1.0112451,1.0212451,0.23124512,-1.2287549,0.17124511,-0.5287549,-0.9087549,-2.478755,-1.4487549,-2.238755,-1.9187549,-2.538755,-2.988755,-2.1487548,-2.728755,-0.73875487,-1.7687548,-1.3387549,-1.6287549,-1.1087549,-2.768755,-1.5187548,-1.0587549,-0.06875488,0.3412451,-3.788755,-3.068755,-2.9687548,-3.2187548,-3.988755,-3.778755,-3.8587549,-3.828755,-4.218755,-4.658755,-4.368755,-3.9187548,-3.598755,-3.7087548,-3.998755,-5.2987547,-5.648755,-6.5887547,-5.038755,-4.518755,-3.9687548,-3.498755,-3.6887548,-4.718755,-4.518755,-4.718755,-4.8387547
-0.4587549,2.471245,1.4612451,-1.5487549,1.5912452,1.5612451,2.0812452,-0.7087549,-1.4287549,-1.5887549,-1.0787549,-0.44875488,-1.9387549,-1.1287549,-2.6587548,-2.848755,-0.6387549,-2.6287549,-2.9387548,-1.3687549,-2.758755,-2.4487548,-1.4787549,-1.9987549,-0.34875488,-1.4287549,-1.5287548,-0.5687549,-0.8887549,-1.2187549,-0.038754884,-3.258755,-3.568755,-3.2187548,-2.8887548,-3.4687548,-3.778755,-3.768755,-3.4487548,-3.808755,-4.118755,-3.998755,-3.758755,-3.3687549,-3.3687549,-2.9387548,-3.348755,-3.6887548,-3.8887548,-3.6387548,-3.828755,-3.4287548,-3.1087549,-2.6487548,-1.7987549,-0.7187549,-2.748755,-3.6987548
-0.7087549,0.9312451,2.451245,0.4112451,1.3012451,0.7412451,0.8312451,-1.1487548,-1.7287549,-1.4887549,-1.2087549,-1.3287549,-1.8587549,-1.8587549,-1.6587548,-0.8387549,-2.1787548,-1.7487549,-3.1287549,-2.4187548,-3.1387548,-2.258755,-1.9087548,-1.7687548,0.76124513,-0.5387549,-1.1187549,-0.2787549,-0.5187549,-0.6687549,3.211245,2.981245,-1.3687549,-1.9187549,-1.6487548,-1.6187549,-1.1387548,-1.8487549,-1.8587549,-1.9287549,-1.7187549,-1.3287549,-1.7887549,-2.478755,-2.6087549,-2.6887548,-2.7087548,-2.6987548,-2.6887548,-3.1287549,-3.258755,-3.508755,-3.298755,-2.6087549,-1.8887548,-1.1487548,-1.2387549,-0.6687549
-0.34875488,-3.048755,3.6312451,2.451245,3.5412452,2.1412451,0.8312451,-1.3287549,-1.4287549,-2.778755,-2.028755,-0.8187549,-1.1787549,-2.088755,-1.5887549,-3.4487548,-2.078755,-2.6987548,-2.228755,-3.4187548,-3.008755,-3.9587548,-1.2687548,-2.098755,-0.31875488,-1.7187549,-1.7787548,0.2812451,-0.07875488,1.7412452,1.5412451,-0.20875488,-0.3387549,-0.4587549,-0.6487549,0.48124513,2.271245,1.8712451,1.0612451,0.76124513,0.121245116,0.4412451,1.2812451,0.6512451,0.5412451,0.0112451175,-0.6687549,-0.92875487,-1.1387548,-1.1987549,-1.8387549,-1.8087549,-1.3187549,-1.6087549,-0.7287549,-0.5387549,0.39124513,1.0712451
-2.328755,-3.018755,1.2512451,2.6312451,2.0512452,6.021245,0.9112451,-2.6487548,-1.9887549,-3.558755,-2.1987548,-1.0887549,-0.5687549,-2.2087548,-3.9587548,-2.3787549,-2.7187548,-2.548755,-2.4087548,-2.828755,-2.4487548,-2.508755,-2.238755,-1.0687549,-0.008754883,-0.55875486,0.48124513,0.091245115,-0.058754884,2.471245,-1.3587549,-0.7987549,0.031245118,-1.7187549,2.181245,2.431245,2.411245,2.0512452,1.3412452,2.3412452,2.771245,1.7712451,1.7512451,1.6512451,1.3512452,2.441245,2.1312451,1.4812452,0.8912451,0.87124515,0.8912451,1.5112451,1.4412451,1.5112451,2.0412452,1.1612451,1.8912451,2.511245
-1.7187549,-3.4687548,-0.8287549,3.8812451,0.19124512,5.901245,1.1712451,-2.6887548,-2.348755,-2.038755,-2.748755,-2.308755,-1.1587548,-1.8687549,-1.6887549,-1.4987549,-2.7187548,-4.058755,-3.3887548,-0.18875489,-1.5587549,-2.088755,-0.17875488,-3.098755,-0.3387549,-1.3887548,0.45124513,0.051245116,0.5812451,-0.018754883,0.42124513,0.43124512,1.3212451,-0.12875488,1.1712451,0.7812451,0.14124511,2.0412452,-0.23875488,-0.44875488,2.271245,3.8512452,3.171245,2.231245,2.1412451,2.171245,2.501245,4.051245,3.481245,2.691245,3.441245,2.3312452,3.151245,2.931245,3.001245,2.151245,2.471245,3.711245
-0.20875488,-3.1487548,-1.5587549,0.22124511,1.4412451,2.001245,1.6412451,-1.6487548,-3.798755,-1.6187549,-3.248755,-2.1887548,-1.7387549,-2.578755,-1.6687549,-1.4687549,-2.488755,-3.9187548,-0.34875488,-1.2487549,-0.87875485,-1.0187548,-0.74875486,-0.28875488,-1.7287549,-2.798755,-2.558755,-2.6087549,-1.4187549,-0.19875488,0.16124512,0.121245116,-0.34875488,0.39124513,1.8112451,2.511245,2.3012452,1.0812451,1.2112451,2.8012452,3.2812452,4.1612453,6.171245,4.151245,3.8712451,3.511245,3.471245,3.3212452,2.941245,4.541245,3.011245,4.551245,4.9712453,4.651245,3.5412452,2.5512452,4.021245,3.911245
-1.6287549,1.1312451,1.6912451,0.30124512,-0.3087549,0.9912451,-0.80875486,-1.3487549,-2.068755,-1.9687549,-2.3587549,-2.1987548,-2.1887548,-2.1287549,-2.1387548,-2.478755,-3.2087548,-1.2487549,-2.588755,-0.31875488,-1.3787549,-0.7687549,0.7312451,-2.6287549,-3.6487548,-2.258755,-2.598755,-1.5987549,-0.7587549,0.10124512,0.42124513,-0.4587549,1.0912452,1.3412452,2.971245,0.15124512,0.6812451,3.961245,1.2912451,3.6312451,3.0612452,3.721245,5.861245,7.541245,5.641245,5.461245,4.731245,5.131245,5.111245,4.331245,5.071245,6.501245,6.9712453,4.4912453,4.551245,5.321245,5.091245,5.211245
-1.2087549,1.1412451,6.621245,5.9712453,3.8312452,-2.6087549,0.46124512,-1.4487549,-1.7487549,-1.5687549,-2.048755,-2.318755,-2.278755,-2.798755,-1.9287549,-1.8187549,-1.8387549,-0.8387549,-1.4387549,-0.4087549,-0.5887549,0.63124514,-1.0287548,-2.538755,-2.9287548,-1.5487549,-1.7087549,-0.92875487,-0.09875488,-0.2787549,-0.13875489,1.0012451,0.8612451,0.5212451,0.9712451,0.57124513,1.2412452,2.191245,1.4812452,1.1912451,3.231245,5.381245,5.071245,5.1612453,7.311245,6.371245,5.9912453,6.4712453,7.121245,7.081245,7.2612453,7.801245,6.401245,6.9512453,6.321245,6.561245,6.621245,6.821245
-2.568755,-0.8187549,3.0412452,4.4712453,3.711245,2.961245,-1.3487549,-1.7287549,-2.228755,-2.578755,-2.258755,-2.728755,-3.768755,-3.4587548,-3.3787549,-1.4787549,-0.4987549,-1.3787549,-1.0187548,-1.0187548,0.2812451,0.5312451,0.33124512,-1.9887549,-2.498755,-1.4887549,-0.9587549,0.2912451,0.87124515,0.43124512,0.3812451,0.8912451,0.8012451,1.4512451,0.2912451,0.51124513,1.1512451,1.2012451,3.0512452,3.1112452,4.401245,5.131245,5.941245,5.791245,5.861245,5.581245,6.641245,7.921245,7.9112453,8.051245,7.541245,7.591245,6.9712453,8.191245,8.131245,8.311245,8.391245,8.041245
-2.548755,5.621245,1.2712451,0.9312451,2.671245,-0.41875488,-3.038755,-3.298755,-2.738755,-2.848755,-2.1587548,-3.048755,-3.758755,-3.278755,-1.9387549,-1.9187549,-2.988755,-1.4087548,-1.4087548,-1.1087549,-1.4287549,0.031245118,-1.2487549,-2.348755,-1.9587549,-1.1787549,-0.93875486,1.0512451,0.76124513,0.6612451,0.18124512,2.021245,1.7912451,1.8812451,0.9012451,1.5012451,2.261245,1.8612452,2.3412452,2.931245,4.4712453,4.9712453,4.811245,3.701245,5.421245,7.691245,7.611245,8.011245,8.471245,9.521245,9.231245,9.171246,8.471245,8.621245,9.051245,9.361245,8.531245,8.391245
-0.2787549,2.171245,-1.9487549,1.5712451,-0.058754884,-0.13875489,-3.6187549,-2.598755,-2.4487548,-2.978755,-2.318755,-3.6587548,-3.6487548,-3.1887548,-3.348755,-2.828755,-2.4487548,-2.2087548,-0.16875488,-1.1887549,1.1812451,-4.0287547,-3.248755,-2.028755,-2.048755,-1.3487549,-0.058754884,0.9012451,0.3412451,0.7212451,0.9612451,1.6112452,2.1112452,2.5712452,2.171245,2.451245,2.901245,3.431245,3.911245,3.8412452,4.061245,4.421245,5.2412453,5.4912453,5.871245,7.9512453,9.011245,8.791245,9.161245,10.021245,9.951245,10.0012455,10.281245,10.401245,9.841245,10.221245,9.971245,9.591245
2.231245,1.2412452,0.87124515,4.021245,-1.3987548,-1.6087549,0.76124513,-0.5087549,-2.3787549,-2.278755,-2.578755,-2.9687548,-3.2087548,-3.7187548,-2.4387548,-2.3787549,-2.1587548,-1.5287548,-1.5587549,-0.9487549,-4.168755,-3.6787548,-3.4087548,-2.778755,-1.8687549,-0.6687549,-0.09875488,-0.3987549,0.13124512,0.82124513,1.6712451,1.9612451,2.481245,2.941245,2.8712451,2.991245,3.5812452,3.8412452,4.141245,4.641245,5.4912453,5.6812453,6.281245,7.091245,7.4312453,7.541245,7.801245,8.981245,9.791245,9.711246,9.921246,10.331245,10.681245,11.231245,11.431245,11.321245,11.061245,10.771245
2.421245,3.001245,0.75124514,-0.7887549,0.7912451,-1.5087548,1.7812451,-2.088755,-1.8087549,-1.5387549,-2.318755,-3.1387548,-2.6387548,-2.748755,-1.9487549,-1.3087549,-1.6987549,-1.1487548,-1.1587548,-3.4687548,-3.818755,-3.1187549,-2.4287548,-1.7587548,-0.73875487,-0.018754883,-0.23875488,-0.6487549,-0.92875487,1.2912451,1.5712451,2.0812452,2.481245,2.941245,3.011245,3.2812452,3.6012452,4.4112453,5.041245,5.821245,6.751245,6.811245,7.321245,7.921245,8.631245,8.961246,8.631245,8.921246,8.901245,9.271245,10.041245,10.621245,11.011245,11.121245,11.271245,11.701245,11.911245,11.871245
5.141245,3.731245,2.6012452,2.201245,2.151245,-2.258755,1.0412451,0.51124513,-2.1987548,-1.5087548,-2.4587548,-2.528755,-2.568755,-1.9187549,-0.80875486,-1.4687549,-1.5487549,-0.4687549,-1.9587549,-2.778755,-2.758755,-2.008755,-0.6987549,-0.25875488,-0.8287549,-0.34875488,0.14124511,0.8312451,-1.0387549,1.0512451,1.4812452,1.8812451,2.251245,2.461245,2.481245,3.241245,3.3012452,4.111245,4.9712453,6.171245,7.171245,7.521245,7.5112453,7.041245,7.9512453,8.951245,9.581245,9.661245,9.331245,9.981245,10.881245,11.231245,11.111245,12.011245,12.531245,12.931245,11.911245,12.981245
3.021245,2.231245,3.411245,-0.9787549,1.5512451,1.9512451,2.3612452,2.271245,-1.0987549,-2.4687548,-0.86875486,-1.7187549,-1.3687549,-1.8687549,-2.528755,-0.6387549,-1.0787549,-1.0187548,-2.8787549,-1.8387549,-1.5387549,-0.20875488,0.3512451,0.121245116,-0.61875486,-0.38875487,-1.5487549,0.48124513,-0.67875487,0.6512451,1.6912451,1.9112451,2.001245,2.0512452,2.401245,2.8512452,3.691245,4.801245,5.541245,6.501245,6.4712453,7.821245,9.021245,8.801245,9.151245,9.041245,9.311245,10.831245,10.951245,11.281245,12.241245,12.531245,12.781245,13.241245,13.891245,13.811245,13.701245,13.391245
-2.038755,1.0412451,1.9312451,2.431245,4.811245,4.081245,3.761245,1.4712452,-0.17875488,-1.1787549,-2.068755,-0.9587549,-1.9287549,-0.8187549,0.4112451,-2.018755,-1.5287548,-2.228755,-1.7587548,-1.8687549,-0.24875489,0.8512451,1.1212451,0.061245117,-0.06875488,0.40124512,-0.118754886,0.9512451,0.46124512,0.7412451,1.2612451,1.8412452,2.0712452,2.8912451,3.2812452,3.3312452,4.321245,5.131245,6.281245,7.291245,7.811245,8.281245,8.701245,9.071245,9.811245,9.841245,9.7512455,11.681245,11.551245,11.841245,11.561245,12.541245,13.531245,13.631245,14.451245,14.191245,14.531245,14.401245
6.551245,3.681245,1.5012451,2.3912451,4.001245,3.6412451,2.271245,0.4112451,0.7912451,-0.62875485,-0.74875486,-0.7587549,-0.5987549,-2.338755,-1.7087549,-4.098755,-4.5487547,-1.6587548,-0.06875488,0.061245117,0.27124512,1.9712452,1.2612451,0.7412451,1.0112451,1.3912451,1.6612451,1.8812451,1.4712452,1.7112451,2.241245,2.3412452,2.651245,2.151245,2.231245,3.671245,5.191245,6.421245,7.271245,7.9912453,8.271245,8.901245,9.311245,10.131245,10.691245,11.181245,11.461246,12.931245,13.401245,13.811245,13.271245,13.601245,12.571245,13.611245,14.961246,15.521245,16.681246,16.031244
5.981245,1.2912451,0.7912451,1.2512451,5.041245,3.961245,2.8112452,0.041245118,-0.24875489,-1.4087548,-0.7987549,-0.38875487,-0.6987549,-1.9587549,-2.738755,-3.2087548,-2.1687548,-0.3087549,1.7112451,-0.41875488,2.8312452,2.5512452,2.3512452,2.3312452,1.9312451,0.94124514,1.9712452,1.5912452,0.9912451,2.0512452,2.231245,2.8312452,2.731245,2.251245,4.361245,6.091245,7.111245,7.391245,7.231245,7.981245,8.871245,9.631245,10.311245,10.711246,11.181245,12.451245,13.141245,13.361245,13.391245,13.601245,13.711246,14.451245,14.721245,14.941245,15.161245,15.2512455,14.871245,15.991245
7.0112453,3.5812452,3.681245,2.8612452,2.501245,5.4312453,3.6012452,0.33124512,-0.5487549,-0.7987549,-1.5987549,-1.1187549,0.0112451175,-0.5687549,-0.6387549,-0.6987549,-0.5087549,1.0312451,1.9312451,2.5412452,4.111245,3.6412451,3.1212451,2.261245,1.8412452,1.3012451,0.9512451,1.8212451,1.7512451,2.3112452,2.7912452,2.8512452,4.111245,4.071245,6.621245,7.211245,7.531245,7.9712453,8.671246,9.321245,10.311245,11.591245,11.721245,12.761245,13.461246,14.121245,14.461246,14.071245,14.541245,14.491245,15.061245,14.651245,15.101245,15.631245,15.211246,16.421246,16.481245,16.361244
3.3712451,1.0712451,6.9712453,8.521245,7.091245,8.311245,2.7912452,1.3312451,-0.7987549,0.63124514,0.11124512,0.2912451,1.8212451,-0.22875488,0.46124512,0.031245118,2.271245,3.5412452,3.001245,3.471245,3.151245,4.141245,3.0412452,1.7112451,1.4012451,1.3912451,2.2812452,2.3212452,2.431245,2.961245,3.721245,5.191245,5.601245,6.481245,7.961245,8.371245,8.661245,9.131245,10.571245,11.411245,11.301245,12.941245,13.641245,14.191245,15.301245,15.471245,16.011246,17.011246,15.951245,16.811245,16.791245,16.931246,16.291245,15.791245,15.371245,15.531245,17.091246,18.261246
5.4912453,5.171245,14.051245,11.971245,11.281245,6.961245,1.0812451,1.3012451,1.7212452,0.6412451,1.6712451,-0.048754882,1.7312452,1.8712451,2.171245,2.211245,1.8012451,4.211245,5.141245,4.141245,4.041245,3.0612452,2.1112452,1.5912452,2.6012452,2.7912452,3.6412451,3.1212451,4.101245,4.1812453,5.581245,6.941245,7.881245,8.481245,8.5012455,9.271245,10.331245,11.391245,12.131245,12.201245,12.581245,14.011245,14.111245,15.331245,15.951245,16.801245,17.551245,18.641245,18.761246,19.111244,18.941246,18.491245,17.921246,17.821245,17.371244,17.121244,16.731245,18.251245
