json/gfs_20240720_00.json
{"header": { "discipline":0, "disciplineName":"Meteorological products", "gribEdition":2, "gribLength":79598, "center":7, "centerName":"US National Weather Service - NCEP(WMC)", "subcenter":0, "refTime":"2024-07-20T00:00:00.000Z", "significanceOfRT":1, "significanceOfRTName":"Start of forecast", "productStatus":0, "productStatusName":"Operational products", "productType":1, "productTypeName":"Forecast products", "productDefinitionTemplate":0, "productDefinitionTemplateName":"Analysis/forecast at horizontal level/layer at a point in time", "parameterCategory":2, "parameterCategoryName":"Momentum", "parameterNumber":3, "parameterNumberName":"V-component_of_wind", "parameterUnit":"m.s-1", "genProcessType":2, "genProcessTypeName":"Forecast", "forecastTime":0, "surface1Type":103, "surface1TypeName":"Specified height level above ground", "surface1Value":10.0, "surface2Type":255, "surface2TypeName":"Missing", "surface2Value":0.0, "gridDefinitionTemplate":0, "gridDefinitionTemplateName":"Latitude_Longitude", "numberPoints":65160, "shape":6, "shapeName":"Earth spherical with radius of 6,371,229.0 m", "gridUnits":"degrees", "resolution":48, "winds":"true", "scanMode":0, "nx":360, "ny":181, "basicAngle":0, "lo1":0.0, "la1":90.0, "lo2":359.0, "la2":-90.0, "dx":1.0, "dy":1.0 }, "data":
[rows 52 to 77 of 181, columns 177 to 235 of 360]
8.223797,6.5837965,9.693796,10.173797,9.093797,8.573796,7.5837965,7.4937963,6.4137964,6.923796,5.3737965,3.8937964,4.3137965,3.0337963,1.1937964,-0.11620361,-0.4362036,-1.7362037,-1.0762036,-3.2162037,-3.8062036,-4.306204,-4.9262037,-4.806204,-4.0162034,-4.2962036,-4.2762036,-4.3162036,-4.2262034,-4.116204,-4.7762036,-5.116204,-5.096204,-5.1262035,-4.9362035,-5.3962035,-5.9562035,-1.1262037,-0.34620363,0.0037963868,-0.6962036,-1.5362036,-2.7162037,-2.3962035,-0.95620364,-0.4262036,1.0737964,-0.38620362,0.023796387,-2.3962035,0.063796386,1.2437963,0.5037964,-1.6462036,-2.6462035,-4.846204,-6.056204,-7.6562037,-7.9162035
8.853796,8.763797,9.263797,9.073796,8.783796,7.5537963,6.633796,5.633796,4.9637966,6.0437965,4.5137963,3.3437965,3.4937963,2.0237963,1.0337964,-1.0462036,-2.1462035,-0.2762036,-1.6462036,-3.1862037,-3.7662036,-4.4562035,-4.9462037,-4.7162037,-4.6962037,-4.4262037,-4.1762037,-4.3962035,-4.4662037,-4.6462035,-4.6562037,-4.9462037,-5.096204,-5.5862036,-7.0262036,-2.6962037,-2.5562036,-1.3262036,-0.9062036,-1.6062036,-1.3862036,-1.8762037,-1.3862036,-1.1062036,-1.0062037,-1.0962036,-0.41620362,-0.6562036,3.2737963,3.2537963,3.9937963,1.8337964,0.033796385,-2.0762036,-3.5062037,-4.8562036,-5.636204,-7.366204,-8.576203
6.863796,7.9637966,8.363796,8.023796,6.9637966,6.0737963,5.0037966,4.9837966,4.423796,4.7337966,3.0837965,2.5237963,2.5837965,0.8637964,-0.03620361,-1.9262036,-1.1662036,-1.9362036,-3.6262035,-3.7562037,-4.1962037,-4.3562036,-4.7162037,-4.7762036,-4.9362035,-4.7562037,-4.7862034,-4.6962037,-4.8162036,-5.3762035,-5.556204,-6.6062036,-3.4462037,-2.7262037,-2.5762036,-2.4362037,-2.0762036,-1.4862037,-0.08620361,-0.51620364,-1.7962036,-2.1962037,-1.9362036,-1.9062036,-1.2662036,-0.7462036,-0.2662036,-0.106203616,4.8037963,2.8037963,1.8637964,0.8437964,-1.3062036,-2.9662037,-3.9162035,-5.1662035,-6.4162035,-9.866203,-8.696203
7.0137963,7.403796,7.3937964,7.113796,6.3537965,4.4537964,4.3337965,5.0937963,5.2337966,3.6537964,1.7937964,2.4937963,2.1237965,1.5437964,0.5037964,-0.25620362,-1.0062037,-3.2162037,-4.056204,-4.5462036,-4.2762036,-4.5462036,-4.9862037,-5.056204,-4.9462037,-5.056204,-4.7762036,-4.9162035,-4.1662035,-4.076204,-3.5262036,-3.6262035,-2.8162036,-3.5362036,-3.4562037,-3.2962036,-1.9362036,-1.3562036,-1.3062036,-0.21620362,-0.6062036,-1.0662036,-2.5262036,-2.8562036,-0.83620363,-0.40620363,4.4137964,5.1037965,3.2837963,1.4437964,0.4537964,-0.7262036,-2.2262037,-3.7462037,-4.576204,-5.5862036,-6.7362037,-7.8962035,-9.006204
6.6837964,5.8137965,6.693796,6.1437964,5.1037965,3.2437963,4.1837964,5.153796,4.2037964,2.3437965,1.4337964,1.8637964,1.6737964,-0.22620362,-0.5062036,-2.2862036,-3.4762037,-4.1662035,-4.5662036,-5.6562037,-5.6462035,-5.7662034,-5.9362035,-5.636204,-5.5262036,-5.3962035,-3.4362037,-3.3962035,-3.8262036,-4.096204,-4.6062036,-4.1962037,-4.6562037,-2.8162036,-1.4862037,-1.9362036,-2.6562035,-3.3462036,-0.41620362,-0.4862036,-0.6162036,-0.76620364,-0.25620362,0.30379638,0.7137964,2.3937964,4.1437964,3.5437963,1.5237964,1.3137964,-0.0062036132,-1.4362036,-2.7562037,-4.4862037,-5.2262034,-5.886204,-6.6562037,-7.4262037,-7.306204
5.6037965,5.0737963,5.7837963,5.0837965,3.4737964,3.2137964,3.5237963,4.193796,3.7237964,1.0837964,1.2437963,1.1337963,-0.4862036,-1.1262037,-1.8262036,-2.1662035,-3.4362037,-4.7662034,-5.2262034,-5.5362034,-5.4462037,-5.2862034,-3.8262036,-3.5062037,-4.3162036,-4.9462037,-4.9362035,-4.5462036,-5.1562037,-5.5062037,-5.0362034,-5.5062037,-3.7962036,-2.3662035,-1.6862036,-1.9362036,-3.0862036,-2.5262036,-1.2462037,-1.7462037,4.863796,5.113796,4.1037965,3.4537964,2.6137965,3.2137964,2.7537963,1.6237963,1.0437964,0.4537964,-1.3462036,-2.1362035,-3.1262035,-4.7462034,-5.8162036,-6.6862035,-6.8762035,-7.056204,-7.636204
4.3537965,4.7137966,5.0437965,3.4937963,3.1337965,3.3137963,4.2837963,3.8737965,2.8437965,1.7337964,0.8137964,0.5237964,-0.64620364,-0.83620363,-1.3962036,-2.3062036,-3.3762035,-4.636204,-4.8762035,-4.6962037,-3.7062037,-3.5662036,-3.6462035,-4.5162034,-4.7362037,-4.6962037,-5.136204,-5.0662036,-4.9562035,-5.9262037,-6.4962034,-5.5062037,-2.5662036,1.1837964,-1.6662036,-1.6362036,-2.0562036,-1.5862036,-1.0062037,5.6037965,5.8537965,4.133796,3.5537963,2.7337964,2.9137964,2.6337965,1.3337964,0.5037964,-0.06620362,-1.3262036,-2.0262036,-2.6162035,-3.8962035,-4.886204,-5.4162035,-6.0662036,-7.096204,-7.366204,-7.7362037
3.5837965,4.5237966,3.4537964,2.2437963,2.7737963,2.7037964,3.1337965,3.2037964,3.0137963,1.1437964,-0.71620363,0.21379639,-0.5362036,-0.3662036,-0.9962036,-2.1062036,-2.2462037,-3.2962036,-3.9462037,-4.3362036,-4.6562037,-5.1662035,-5.596204,-5.5062037,-6.0062037,-6.5262036,-5.7462034,-6.0162034,-6.7062035,-6.8162036,-5.0262036,-0.2762036,2.1137965,0.6437964,-0.7362036,-0.25620362,1.8337964,2.2137964,1.5737964,5.903796,4.5237966,2.9337964,4.2437963,3.5837965,2.6537964,1.0937964,-0.25620362,-0.18620361,-0.9262036,-1.8062036,-1.9262036,-3.3662035,-4.1662035,-4.806204,-5.8762035,-6.5362034,-7.3162036,-8.136204,-7.9262037
3.6637964,2.8137963,1.8637964,0.8937964,1.8637964,3.3837965,3.3237963,2.2437963,1.7437963,0.5537964,-0.51620364,-1.2962036,-1.5762036,-2.4162035,-2.6162035,-3.6962037,-4.116204,-4.2862034,-5.2362037,-6.0362034,-5.9562035,-5.4062037,-5.4362035,-5.826204,-4.7462034,-4.4462037,-3.2562037,-3.6162035,-4.2962036,-1.4462036,-1.5362036,-0.106203616,1.3237964,0.12379639,2.4137964,2.7137964,2.9237964,3.9137964,4.3337965,4.0737963,2.7037964,1.3837963,3.6937964,2.9337964,0.8737964,-0.5462036,-0.20620361,-1.5662036,-2.2862036,-2.1662035,-2.9062035,-3.4962037,-3.8162036,-4.6662035,-5.2362037,-5.7362037,-6.346204,-6.7262034,-6.7962036
2.8337965,2.3237963,1.4837964,0.33379638,0.7437964,3.2537963,2.9837964,1.8137964,0.08379639,-0.2762036,-0.95620364,-1.5962036,-2.1362035,-2.4362037,-3.3462036,-3.8062036,-3.7462037,-4.866204,-4.9062037,-4.4962034,-4.1262035,-4.9562035,-5.9862037,-3.2462037,-4.0862036,-3.6362035,-1.0462036,-1.7562037,-1.5162036,-0.6962036,-1.1862036,1.8137964,4.4737964,3.4037964,3.3937964,3.2137964,3.0537963,2.8037963,3.0437963,2.6537964,1.1337963,2.6937964,2.2537963,0.2837964,-0.9362036,-0.4862036,-1.9562036,-2.1162035,-2.1062036,-2.8462036,-3.1562035,-3.4062035,-3.8262036,-4.596204,-4.886204,-4.9962034,-5.5062037,-5.826204,-6.366204
1.6937964,1.6637964,1.0937964,0.5537964,1.0137963,1.1237963,1.9437964,0.4237964,0.09379639,-0.4562036,-0.70620364,-1.7262036,-2.0262036,-2.5462036,-3.2362037,-3.2262037,-3.0162036,-4.1262035,-4.1562037,-4.8362036,-2.8262036,-2.9062035,-2.6762037,-2.4162035,-1.9862037,-2.1462035,-1.3962036,-0.71620363,0.79379636,2.7737963,2.0237963,3.4037964,2.9737964,2.4337964,2.3137963,2.0937965,1.9237964,1.7137964,1.6337963,1.2737964,1.2337964,2.1337965,0.6337964,-0.76620364,-0.8662036,-1.9562036,-1.7962036,-2.4662037,-3.0062037,-3.6762037,-3.9662037,-3.2762036,-3.7462037,-3.8262036,-4.346204,-4.8362036,-5.1662035,-5.5062037,-5.7062035
0.9537964,1.5637964,1.0837964,-0.06620362,-0.5562036,-0.3262036,0.5837964,-0.7362036,-1.5662036,-2.1862037,-1.3262036,-1.3462036,-0.9862036,-2.0962036,-1.8962036,-1.3162036,-1.7662036,-2.8762035,-3.0862036,-3.5662036,-2.7062037,-3.8362036,-1.9862037,-1.0062037,-0.9962036,-0.76620364,-0.9962036,3.3737965,2.8637965,2.3537965,1.9237964,2.1137965,2.1337965,2.1837964,1.8537964,1.3937964,1.2437963,0.85379636,0.20379639,-0.4662036,0.72379637,0.5837964,-0.51620364,-1.4262036,-1.7062036,-2.0362036,-2.2162037,-2.9462037,-2.8562036,-3.6762037,-3.3562036,-3.5362036,-3.7762036,-3.8462036,-3.9762037,-4.4862037,-5.0362034,-5.2462034,-5.6962037
1.4137964,1.1637964,0.53379637,-0.3962036,-0.89620364,-1.4262036,-0.9762036,-1.6162037,-2.5362036,-1.3762037,-1.8962036,-2.3162036,-2.3762035,-1.6762036,-2.6262035,-2.3362036,-2.5862036,-2.8562036,-3.0362036,-3.8662035,-3.0262036,-3.3962035,-2.3062036,-1.3562036,-2.5362036,1.0837964,2.3137963,2.0437963,1.2237964,1.5537964,1.3037964,0.97379637,0.7137964,0.8137964,0.73379636,-0.2662036,0.8637964,-0.046203613,0.21379639,0.4437964,0.54379636,0.09379639,-1.1062036,-2.0362036,-2.7662036,-3.0562036,-3.0862036,-3.0962036,-3.3962035,-3.5962036,-3.4962037,-3.9862037,-3.6062036,-3.4362037,-3.8862035,-4.7662034,-4.8562036,-4.8762035,-4.9562035
1.3237964,0.4137964,0.14379638,-0.3962036,-1.6962036,-2.4462037,-1.1562036,-1.5262036,-2.1362035,-1.0162036,-0.5762036,-2.1262035,-2.4662037,-3.4162035,-3.7662036,-3.5462036,-3.8062036,-3.7162037,-3.8962035,-3.7962036,-3.1562035,-3.0162036,0.073796384,-0.35620362,0.8437964,1.4537964,0.8337964,0.8037964,0.9537964,0.5737964,-0.2762036,-0.71620363,-0.4362036,0.6537964,-0.12620361,0.09379639,0.91379637,0.73379636,0.5537964,1.0137963,0.6137964,-1.3762037,-2.5462036,-3.0562036,-3.6262035,-3.2662036,-3.3962035,-3.6062036,-3.5462036,-4.4262037,-4.2062035,-3.7362037,-3.3062036,-3.8162036,-3.7662036,-3.4162035,-3.9162035,-4.7162037,-5.1762037
1.3337964,-0.89620364,-1.1862036,-0.6862036,-1.8162036,-2.0362036,-1.1962036,-1.9762036,-2.3462036,-1.6462036,-1.6762036,-1.6962036,-1.2862036,-1.6962036,-2.2062037,-1.1262037,-1.7462037,-1.7962036,-2.2262037,-2.7062037,-1.4162036,-2.0962036,-1.4962037,0.27379638,-0.026203614,0.33379638,0.6337964,0.0037963868,-0.3662036,-1.0662036,-0.8462036,-0.25620362,-0.83620363,-0.31620362,0.2837964,0.3837964,0.46379638,1.0137963,0.78379637,0.2437964,-2.0862036,-2.0562036,-2.9062035,-3.0362036,-3.6362035,-3.4362037,-3.3462036,-3.9862037,-5.0262036,-5.2362037,-4.576204,-4.5462036,-4.2762036,-4.076204,-4.2162037,-3.7462037,-3.9362037,-4.4362035,-4.806204
1.7137964,-1.1862036,-0.51620364,-0.9762036,-2.4262037,-2.4462037,-1.9762036,-2.9762037,-2.4962037,-1.1862036,-1.9562036,-2.0462036,-1.6362036,-2.7962036,-2.6962037,-0.6262036,-1.9662036,-1.5262036,-1.0162036,-1.1262037,-2.5562036,-0.09620361,-1.2262036,-0.76620364,-0.2662036,-0.16620362,-0.47620362,-0.71620363,-1.5262036,-1.5462036,0.2437964,0.09379639,1.6837964,1.4037964,0.5937964,-0.08620361,0.2937964,0.8337964,0.6537964,-1.1462036,-2.2462037,-1.7462037,-2.8062036,-3.0662036,-3.4962037,-4.2062035,-3.6662035,-4.3562036,-5.636204,-5.576204,-5.4762034,-5.826204,-5.2562037,-4.0262036,-4.1262035,-3.9562037,-4.0262036,-4.0362034,-4.5262036
1.7137964,0.7637964,-0.4562036,-1.8262036,-2.6862037,-1.7462037,-2.5662036,-1.8062036,-1.8562036,-2.2162037,-2.9462037,-2.6162035,-2.1262035,-1.9462036,-2.3262036,-0.9462036,-2.2762036,-1.2362037,-1.4462036,-1.4862037,-1.8562036,-2.2262037,-3.0562036,-0.8262036,-2.5662036,-0.23620361,-1.0462036,-1.3662037,-1.3562036,-0.9462036,-0.6662036,0.3237964,1.3237964,1.1737964,0.4237964,0.49379638,1.4837964,0.91379637,-0.8262036,-1.7262036,-2.4762037,-2.7562037,-3.1362035,-3.5162036,-4.2562037,-5.076204,-4.9662037,-4.9062037,-6.7862034,-6.886204,-8.356204,-5.9562035,-3.9962037,-3.9562037,-3.0462036,-2.8562036,-2.7862036,-3.0962036,-3.8462036
0.6937964,0.12379639,-0.6562036,-2.0362036,-1.9462036,-0.8062036,0.4537964,-2.4062035,-0.8262036,-1.8862036,-1.7162036,-1.9462036,-1.7862036,-1.9362036,-0.6662036,-1.5362036,-1.5762036,-0.5962036,-2.2962036,-0.64620364,0.2937964,-1.1462036,-2.3962035,-2.3062036,-3.3562036,-2.2262037,-3.4162035,-0.0062036132,-0.8062036,-1.1462036,-1.4862037,0.8637964,0.6437964,0.7737964,0.7137964,0.073796384,0.043796387,-0.89620364,-0.8062036,-1.8562036,-2.6962037,-2.6062036,-3.3162036,-3.6062036,-4.0162034,-5.2362037,-5.4862037,-5.9962034,-8.366203,-9.196203,-12.656203,-6.6862035,-2.7962036,-1.5462036,-1.8162036,-1.9062036,-2.7162037,-2.9162035,-3.2362037
-0.18620361,-0.18620361,-0.7862036,-1.2162036,-1.6362036,-1.6862036,-0.64620364,-1.2962036,-1.0262036,-1.7462037,-2.8862035,-2.5362036,-1.8562036,-1.5962036,-1.5662036,-0.6262036,-0.016203614,-1.5762036,-2.0062037,-0.08620361,-0.4262036,-3.0362036,-3.2062037,-3.5362036,3.8737965,0.6337964,-3.4262037,-0.016203614,0.6137964,-1.9662036,-1.7962036,0.013796386,-0.03620361,-0.1462036,0.3137964,0.12379639,-1.6262037,-2.6362035,-1.5562036,-1.7262036,-2.6662035,-3.1362035,-3.6962037,-4.2262034,-4.3562036,-5.0262036,-5.5262036,-6.4962034,-8.446203,-9.656203,-12.506204,2.8937964,3.1037965,1.7637963,0.11379638,-1.4062036,-3.1162035,-3.1162035,-4.0062037
-0.6862036,-2.3662035,-2.0762036,-2.3062036,-0.7862036,-1.5562036,0.2837964,-1.8562036,-2.0962036,-0.6662036,-0.8162036,0.54379636,0.8837964,1.2137964,1.7937964,0.73379636,-1.1762036,-1.0862036,-2.0362036,-2.6862037,-2.9762037,-2.8162036,-1.3862036,-0.40620363,4.0537963,3.5337963,-5.2162037,0.17379639,-3.5562036,-2.8062036,-1.7862036,-0.9862036,-1.3562036,-1.0462036,-0.6662036,-1.0362036,-1.4362036,-1.3362036,-2.3662035,-2.4362037,-2.9162035,-3.8462036,-4.0462036,-4.2462034,-4.2162037,-4.7762036,-7.0162034,-7.3362036,-7.9262037,-8.446203,-8.006204,-3.1462035,6.0237966,4.2137966,1.4737964,-0.52620363,-1.5662036,-2.7862036,-2.9462037
-0.44620362,-1.1462036,-1.8362036,-0.9762036,-1.8762037,-0.9962036,-1.6562036,-0.2762036,0.073796384,0.1337964,-0.3062036,0.4737964,1.1837964,1.0037963,-0.106203616,-0.70620364,-1.4562036,-2.5962036,-2.6262035,-2.4162035,-3.0662036,-2.6762037,-2.3562036,-0.3662036,-0.6062036,-0.6162036,-3.8862035,-3.3862035,-4.1662035,-1.7962036,-0.9362036,-0.47620362,-0.4562036,0.15379639,-1.7662036,-2.7962036,-2.0462036,-2.3162036,-3.1262035,-2.7162037,-3.6762037,-3.8062036,-4.1762037,-4.2362037,-3.3562036,-6.0162034,-6.2262034,-6.8362036,-7.5462036,-7.0862036,-5.4462037,-4.0362034,-0.5662036,4.2037964,2.1937964,0.60379636,-0.5362036,-1.7762036,-2.1362035
-1.5562036,-1.2262036,-1.4362036,-1.7262036,-2.1662035,-2.2562037,0.5837964,0.8237964,-0.3662036,-0.37620363,1.0137963,-0.23620361,-0.71620363,0.4237964,-0.83620363,-0.9162036,-1.8362036,-1.6062036,-0.9262036,-1.4362036,-0.9262036,-1.1562036,-0.5362036,-1.6862036,-1.4862037,-2.6762037,-4.0362034,-3.2962036,-2.0262036,-1.1362036,-0.0062036132,0.22379638,-0.35620362,-1.5762036,-3.1862037,-3.1962037,-3.5162036,-2.3762035,-2.3462036,-2.8262036,-2.7262037,-3.3762035,-3.7362037,-4.2362037,-4.326204,-5.4362035,-6.6262035,-6.7362037,-7.4762034,-5.6862035,-4.8962035,-3.4362037,2.1037965,2.4737964,1.6237963,0.79379636,-1.3362036,-1.5862036,-0.4362036
-1.8762037,-0.8262036,-1.9662036,-0.34620363,-1.6962036,-1.0662036,-0.28620362,-0.8462036,-0.41620362,-0.0062036132,-0.71620363,-1.0062037,-0.3062036,-0.22620362,-0.8062036,-0.18620361,-0.9862036,-1.0462036,-0.37620363,0.043796387,-0.5662036,-0.9762036,-1.5062037,-2.3362036,-2.8562036,-3.4462037,-3.8062036,-2.1762037,0.7137964,-0.40620363,-0.52620363,-0.3962036,-0.8562036,-1.3262036,-2.0362036,-2.6262035,-3.3562036,-3.5962036,-3.6462035,-3.7962036,-3.9962037,-3.8762035,-4.8562036,-5.076204,-6.4562035,-6.2862034,-6.056204,-6.2762036,-6.3162036,-5.366204,-3.2462037,-0.9762036,0.5137964,0.2837964,0.73379636,-0.4362036,-1.4262036,-2.1862037,-1.0762036
-1.0562036,-0.41620362,-1.0262036,-0.8662036,-1.3962036,-1.4762036,-2.5662036,-0.16620362,-0.9262036,-0.9862036,-1.0062037,-1.5162036,-1.6162037,-2.1462035,-0.35620362,-2.2762036,-1.8262036,-2.0562036,-0.9762036,-1.6562036,-2.3262036,-3.0162036,-3.4962037,-4.056204,-3.8862035,-4.2662034,-5.6262035,-1.1762036,-0.8662036,-1.1962036,-1.3362036,-1.0862036,-1.2062036,-2.2562037,-2.8362036,-3.2262037,-2.9362037,-4.1762037,-3.8362036,-3.8562036,-4.8562036,-5.4262037,-5.9562035,-5.9762034,-6.116204,-4.9362035,-4.9562035,-5.056204,-3.7162037,-3.9162035,-1.7562037,-1.5762036,-1.6562036,-0.70620364,-0.9262036,-1.6062036,-1.4562036,-1.8162036,-0.9862036
-1.5562036,-1.4462036,-1.8662037,-2.7262037,-1.8262036,-1.3662037,-1.2162036,-1.3262036,-1.2362037,-1.6462036,-2.4662037,-2.3562036,-2.2862036,-2.7762036,-2.2162037,-2.1762037,-2.7362037,-2.4662037,-2.4362037,-2.9862037,-3.0662036,-3.7462037,-4.7162037,-5.136204,-5.2662034,-4.806204,-5.0462036,-3.0962036,-1.3962036,-0.6762036,-1.8162036,-2.2862036,-2.3362036,-3.2962036,-3.2462037,-3.6862037,-3.1762037,-3.8862035,-3.8662035,-4.9762034,-5.5362034,-6.0062037,-5.9762034,-5.3962035,-5.7462034,-3.3462036,-4.5462036,-3.5862036,-3.2062037,-3.5162036,-3.6162035,-2.2762036,-1.5462036,-1.8362036,-2.5162036,-2.9162035,-2.7162037,-1.4462036,-1.2462037
-2.8962035,-3.0962036,-3.7662036,-3.3262036,-2.9662037,-2.6862037,-2.2762036,-2.1362035,-2.0362036,-2.7262037,-2.7362037,-2.6562035,-3.4462037,-3.1462035,-3.6062036,-3.9162035,-4.4762034,-3.6662035,-4.136204,-3.7762036,-4.2462034,-4.3962035,-4.886204,-5.4062037,-4.7462034,-5.0062037,-4.4862037,-3.1562035,-2.7662036,-0.64620364,-1.1762036,-2.6262035,-2.7962036,-3.0062037,-3.9562037,-4.2662034,-3.2862036,-3.3462036,-3.2962036,-3.2662036,-2.8862035,-3.4662037,-3.1962037,-3.9262037,-4.596204,-4.6662035,-4.1962037,-4.5862036,-4.4262037,-3.4862037,-2.7362037,-3.3362036,-2.8362036,-2.5962036,-3.8162036,-3.4962037,-2.2262037,-2.2762036,-1.8662037
