json/gfs_20240720_18.json
{"header": { "discipline":0, "disciplineName":"Meteorological products", "gribEdition":2, "gribLength":79936, "center":7, "centerName":"US National Weather Service - NCEP(WMC)", "subcenter":0, "refTime":"2024-07-20T18:00:00.000Z", "significanceOfRT":1, "significanceOfRTName":"Start of forecast", "productStatus":0, "productStatusName":"Operational products", "productType":1, "productTypeName":"Forecast products", "productDefinitionTemplate":0, "productDefinitionTemplateName":"Analysis/forecast at horizontal level/layer at a point in time", "parameterCategory":2, "parameterCategoryName":"Momentum", "parameterNumber":3, "parameterNumberName":"V-component_of_wind", "parameterUnit":"m.s-1", "genProcessType":2, "genProcessTypeName":"Forecast", "forecastTime":0, "surface1Type":103, "surface1TypeName":"Specified height level above ground", "surface1Value":10.0, "surface2Type":255, "surface2TypeName":"Missing", "surface2Value":0.0, "gridDefinitionTemplate":0, "gridDefinitionTemplateName":"Latitude_Longitude", "numberPoints":65160, "shape":6, "shapeName":"Earth spherical with radius of 6,371,229.0 m", "gridUnits":"degrees", "resolution":48, "winds":"true", "scanMode":0, "nx":360, "ny":181, "basicAngle":0, "lo1":0.0, "la1":90.0, "lo2":359.0, "la2":-90.0, "dx":1.0, "dy":1.0 }, "data":
[rows 26 to 51 of 181, columns 177 to 235 of 360]
2.2131066,3.2031066,3.5231066,2.6231067,2.5731068,2.4331067,3.6831067,3.9231067,3.4631066,2.4831066,1.6431067,2.7131066,2.7731066,4.6031065,4.9831066,4.5031066,4.5631065,3.5231066,2.4231067,1.2831067,0.1931067,0.4631067,0.80310667,-0.116893314,-0.5168933,0.4031067,1.1431067,1.1531067,0.22310668,0.04310669,-0.6568933,-0.036893312,-0.2968933,-1.2268933,-1.2268933,-1.7768933,-1.3268933,-1.2968934,-0.39689332,-0.5768933,-1.6368933,-1.4768933,-1.1868933,-0.8968933,-0.08689331,0.3131067,-1.0668933,0.12310669,0.6231067,0.18310669,0.15310669,0.04310669,0.38310668,0.11310669,0.07310669,0.01310669,-0.46689332,-0.6168933,1.4331067
-2.4568932,-1.4168934,-1.1368933,-0.6668933,0.7731067,1.4531066,2.2131066,3.6431067,4.3431067,5.1231065,5.9431067,5.413107,5.2331066,4.1931067,3.6131067,4.663107,4.1131067,3.3131068,2.1431067,0.6631067,0.23310669,0.22310668,0.08310669,0.23310669,0.5931067,0.4831067,-0.45689332,-0.4868933,-1.0168933,-0.7268933,-1.0868933,-2.2068932,-0.7068933,-1.3468933,-1.4568933,-2.3868933,-1.7268933,-2.3368933,-0.33689332,-1.2568933,-2.0068934,-0.7968933,0.17310669,-0.0068933107,-0.5468933,0.4231067,1.0031067,1.4131067,0.3331067,0.6431067,0.25310668,1.2731067,1.4631066,1.0231067,1.0131067,0.32310668,-0.17689331,-1.3668933,1.0331067
-0.50689334,-3.2268934,-3.9968934,-0.39689332,1.5531067,3.3331068,4.573107,5.0831065,5.9031067,6.3631067,6.6531067,6.3831067,6.683107,6.3831067,5.183107,5.3331065,5.243107,2.2031066,3.1231067,2.8931067,1.4831067,0.21310669,0.4331067,0.7731067,-0.14689331,-0.4768933,-1.3268933,-1.6368933,-2.9268932,-0.46689332,-0.88689333,-0.5868933,-1.4368933,-0.5368933,0.18310669,0.1931067,-1.2068933,-1.3368933,0.9431067,-1.9668933,0.3631067,-0.6568933,-0.7368933,-0.08689331,-0.56689334,0.4931067,1.3531067,0.8831067,1.0331067,-0.15689331,-0.7368933,0.3031067,0.23310669,0.5431067,0.5331067,0.5831067,0.11310669,1.0531067,0.14310668
-3.0368934,-1.9368933,-0.8568933,0.5631067,2.8231068,4.3431067,4.913107,5.4831066,6.323107,7.3631067,7.8531065,8.143106,7.8131065,7.513107,6.9631066,4.8531065,4.823107,4.4631066,1.9631066,3.2731066,2.5631068,1.2031066,0.20310669,-0.3168933,-1.4868933,-0.6868933,-1.2968934,-3.4168932,-1.5768933,-0.6168933,-1.9868933,0.15310669,-1.3568933,-1.3968933,0.6631067,1.1531067,-0.06689331,0.053106688,-0.24689332,0.053106688,-0.21689332,0.7231067,0.5231067,-0.88689333,0.11310669,1.8731067,1.3731067,1.7731067,1.6531067,1.7031066,0.4331067,-0.02689331,0.8831067,1.3531067,0.07310669,0.6731067,0.4631067,-1.1068933,-0.7668933
-1.1968933,0.41310668,1.1031067,1.7031066,3.3831067,3.8931067,3.5831068,4.5231066,5.973107,7.1931067,7.8431067,8.053106,8.563107,8.253107,7.533107,7.2131066,7.0931067,5.1731067,3.8731067,2.8331068,1.8631067,-0.42689332,-0.12689331,-1.1668934,-0.9368933,-2.3568933,-3.2068932,-1.9168934,-1.6668934,-1.5668933,-2.8668933,-3.3768933,-1.3668933,1.6531067,-1.9668933,-3.6568933,-4.2468934,-1.5668933,-0.42689332,-0.24689332,0.7831067,-4.5768933,-3.4568932,-3.7968934,-1.8468933,-1.6568933,0.4331067,2.5931067,2.2731066,1.3831067,-0.0068933107,1.3331066,0.8131067,-0.7268933,-0.6868933,1.0531067,-0.18689331,-0.5368933,0.8731067
0.3031067,1.1331067,1.2931067,1.3131067,1.2831067,2.5331068,3.5431068,4.4031067,5.263107,6.7931066,7.4631066,8.323107,8.863107,9.033107,8.173107,6.8831067,5.973107,5.493107,4.5631065,3.4731066,1.4731067,0.7031067,-1.3368933,-2.3268933,-1.5368934,-3.6868932,-5.466893,-1.3068933,-1.1268933,0.023106689,-5.546893,-0.8668933,-2.6368933,-5.0368934,-5.176893,-5.696893,-3.2968934,-1.5768933,0.8931067,1.6431067,0.9031067,0.6231067,-0.5568933,0.01310669,-1.2568933,-0.8468933,-1.4068933,-1.1868933,-0.1668933,1.2931067,1.3331066,1.3331066,2.8131068,1.4731067,-0.6768933,-0.69689333,-0.8668933,-0.3768933,-1.1368933
0.4031067,0.4631067,0.5231067,1.0431067,1.3131067,2.2331066,3.8231068,4.823107,5.953107,6.7331066,7.6731067,8.193107,8.773107,8.483107,8.313107,6.6131067,5.5631065,5.033107,4.433107,3.9631066,3.4631066,2.4131067,0.8131067,-1.4668933,-2.5268934,-2.4968934,-0.7168933,-1.0068933,-1.6368933,2.7631066,-0.9968933,-3.0768933,-4.466893,-3.0268934,-4.836893,-4.5568933,-3.7968934,-1.7468933,2.7631066,7.0431066,4.453107,2.3031068,1.5931067,0.80310667,2.6931067,0.1631067,-2.6368933,-0.5568933,-1.7468933,-1.4768933,0.47310668,1.5331067,0.8931067,0.15310669,0.3731067,1.1431067,1.8231066,2.4031067,1.7331067
-0.0068933107,0.5231067,0.7731067,1.0231067,1.4731067,2.6331067,3.4631066,4.823107,4.7331066,5.823107,5.6331067,6.8931065,7.5431066,7.533107,8.453107,8.733107,5.2131066,5.763107,4.1031065,4.2331066,3.8731067,2.2931068,1.8031067,0.2431067,-0.45689332,-2.0968933,-6.256893,-3.4968934,-6.0968933,-1.5468934,-0.4168933,-2.1368933,-5.1068935,-2.8068933,0.61310667,-1.7968934,-2.7768934,-2.9768934,-0.6268933,1.0531067,1.4131067,1.5431067,2.6231067,2.6431067,2.7231066,2.6231067,4.5931067,6.3531065,0.29310668,-1.2568933,0.6231067,-0.9368933,-0.7468933,1.4131067,2.2231066,1.5631067,2.2031066,1.8631067,1.7531067
-0.05689331,1.0131067,1.4731067,1.7931067,1.5931067,2.8431067,3.2231066,4.3931065,4.723107,6.033107,7.6531067,8.693107,6.7331066,7.2331066,7.663107,8.223106,9.873107,5.053107,3.7231066,5.1031065,3.4631066,4.763107,1.5531067,0.6231067,-0.6168933,-0.3268933,-2.4568932,-2.7368934,-2.8568933,-4.6168933,-2.7968934,-1.4468933,-1.4568933,-2.8268933,-3.2268934,-3.7968934,-2.2568934,-3.2068932,-2.3568933,-3.3368933,-2.5368934,0.9631067,1.6031067,2.4631066,3.0731068,3.1831067,3.7031066,4.4831066,3.4631066,0.5231067,1.0231067,0.7531067,1.0431067,-0.4768933,0.9531067,1.5531067,2.3831067,1.9431067,1.7331067
0.3331067,1.4931067,2.0631068,2.6131067,3.2131066,3.8931067,3.9931066,3.3531067,4.3831067,6.0231066,7.5631065,9.583107,10.433106,7.803107,7.0031066,7.4031067,7.6231065,12.583107,4.993107,3.3731067,6.433107,3.6531067,2.7631066,1.9031067,0.8931067,-0.20689331,-1.7168933,-3.3168933,-3.2268934,-3.8668933,-3.8668933,-1.7968934,-1.0468934,-2.7968934,-4.446893,-3.4668932,-5.046893,-5.006893,-5.4768934,-6.546893,-3.5768933,0.4031067,2.7631066,3.4231067,4.0031066,4.7131066,4.6531067,5.573107,4.2131066,4.6131067,1.8231066,1.0031067,0.08310669,-0.17689331,0.7031067,-1.2168933,0.7131067,0.6331067,1.5131067
1.3231066,3.6031067,4.073107,4.933107,5.0431066,4.2931066,4.3831067,3.9631066,4.8331065,6.323107,8.323107,9.913107,10.773107,12.373107,8.053106,11.333107,1.4131067,6.3931065,4.1931067,5.513107,6.243107,5.743107,4.6031065,2.7931068,1.2231067,-0.01689331,-1.5168933,-3.2268934,-3.8368933,-3.1268933,-2.6568933,-2.4568932,-3.4668932,-4.0768933,-4.926893,-5.1668935,-5.3568935,-6.546893,-7.716893,-5.2268934,-1.1668934,1.1431067,2.8531067,4.683107,5.033107,5.1731067,5.6931067,6.453107,6.0931067,5.6731067,2.3731067,2.8731067,4.3631067,0.61310667,1.7031066,0.4031067,-0.05689331,0.4331067,-0.30689332
3.7431066,5.7531066,6.7131066,7.703107,7.5431066,4.823107,7.4431067,5.4031067,6.3431067,5.3331065,9.843106,9.753107,9.1031065,5.683107,6.4431067,5.1331067,4.0231066,7.0031066,6.1331067,7.433107,7.453107,6.1231065,5.0631065,3.6131067,1.2031066,0.10310669,-1.2268933,-2.8268933,-3.4868934,-3.5268934,-3.5968933,-4.6468935,-5.1668935,-4.926893,-5.6668935,-7.086893,-6.6568933,-8.056893,-8.586893,-3.8768933,-1.6668934,1.6931067,2.9831066,6.4031067,6.243107,6.553107,5.8331065,6.5831065,7.073107,5.4631066,4.803107,1.1031067,3.4031067,1.0631067,0.1931067,0.8331067,0.9731067,0.11310669,-0.7068933
5.5831065,7.6931067,8.173107,8.433106,8.613107,1.9631066,7.263107,4.6931067,5.6131067,4.473107,8.263106,10.283107,11.213107,11.373107,10.413107,9.483107,9.383106,7.3731065,5.9431067,6.5431066,7.4431067,8.233107,6.033107,4.1531067,1.6731067,-0.21689332,-2.3068933,-3.6068933,-3.8468933,-4.526893,-4.8768935,-5.3068933,-5.946893,-6.2068934,-7.3968935,-8.136893,-8.986894,-8.666893,-7.0168934,-4.966893,0.21310669,2.8231068,4.573107,7.073107,7.8531065,8.503107,8.623107,7.8431067,7.2331066,7.0931067,4.953107,3.8431067,2.6031067,0.21310669,-0.2968933,0.38310668,0.3731067,1.2631067,-1.0468934
4.223107,7.1431065,8.223106,8.323107,8.323107,8.163107,8.073107,6.553107,5.2131066,4.413107,7.6731067,9.8531065,10.713107,11.593106,10.693107,10.523107,8.6031065,7.3931065,6.263107,5.7131066,7.823107,7.9631066,6.283107,4.433107,1.7431067,-0.7268933,-2.9768934,-4.4568934,-4.1468935,-4.4068933,-5.1668935,-5.8068933,-6.5368934,-7.2468934,-7.9968934,-8.076893,-8.526894,-8.186893,-7.796893,-4.946893,0.5631067,4.8831067,7.3931065,8.553106,8.453107,9.163107,8.843106,8.653107,7.0931067,7.2531066,6.8331065,4.3431067,2.0331068,-1.5068933,-1.6268933,-1.5168933,1.6731067,1.2731067,1.1731067
4.513107,6.303107,7.7331066,8.333107,8.083107,7.973107,6.803107,5.9231067,5.263107,4.223107,7.323107,10.113107,12.163107,12.963107,10.803106,10.363107,9.403107,7.6231065,6.163107,4.973107,5.223107,8.013106,5.8731065,4.4431067,1.7531067,-1.1868933,-2.6368933,-3.7468934,-4.5168934,-4.796893,-5.256893,-6.0168934,-6.6168933,-5.9968934,-7.3668933,-7.4968934,-7.9368935,-8.406894,-5.716893,-1.9568933,1.9531066,6.053107,6.553107,8.873107,8.523107,9.733107,8.8531065,8.283107,7.2931066,5.4231067,6.953107,5.0631065,2.1531067,-0.7968933,-3.3868933,-2.2068932,1.1431067,-0.30689332,0.1631067
3.9331067,5.9831066,6.743107,7.203107,6.8631067,6.9631066,5.763107,4.6431065,4.743107,3.5631068,6.703107,9.773107,11.273107,12.8531065,11.383106,10.003107,8.543107,7.6331067,5.9831066,3.4731066,2.7431066,5.5031066,6.513107,4.7531066,2.5131066,-0.39689332,-2.6268933,-3.4668932,-4.3268933,-5.716893,-5.796893,-6.086893,-5.9768934,-6.6068935,-6.316893,-6.1268935,-5.9968934,-5.0168934,-2.7568934,-0.5968933,2.3831067,4.5631065,5.6731067,5.823107,7.493107,8.933106,7.8831067,6.8331065,7.3431067,4.6131067,6.6031065,5.1431065,2.4031067,-0.30689332,-3.0268934,-2.6868932,-2.4368932,-2.2968934,1.4431067
3.8631067,5.1131067,5.743107,5.5431066,5.303107,5.1931067,4.573107,4.4031067,2.8831067,1.5631067,6.1931067,11.263106,13.583107,11.903107,11.363107,9.963107,8.863107,7.6331067,6.1531067,4.3631067,2.2531066,0.4831067,5.0431066,5.263107,2.8531067,0.61310667,-1.7568933,-3.3068933,-4.006893,-4.316893,-5.2868934,-6.086893,-4.9768934,-5.0568933,-4.816893,-4.566893,-4.0168934,-2.7968934,-1.4768933,0.4631067,2.4731066,3.5931067,3.9131067,4.8431067,4.9631066,6.243107,6.1731067,5.553107,6.3631067,2.8131068,5.803107,4.3631067,2.3731067,-0.23689331,-3.1868932,-4.466893,-3.1168933,-3.4368932,-4.4168935
1.3131067,2.4031067,2.7131066,3.4831066,4.3331065,3.8531067,3.4131067,2.8331068,1.6131067,4.823107,12.3531065,14.3531065,14.233107,12.253107,10.643106,10.173107,8.683106,6.743107,6.703107,4.3531065,2.3031068,0.55310667,-0.6668933,3.1831067,4.3731065,1.4931067,-0.81689334,-3.2568934,-4.4368935,-4.426893,-3.8468933,-4.5768933,-5.4168935,-4.586893,-4.4168935,-4.1468935,-2.8668933,-2.5168934,-0.45689332,-0.0068933107,1.3931067,2.7231066,3.1431067,3.3731067,3.9631066,4.303107,4.7331066,4.3831067,4.683107,0.6731067,4.8931065,4.743107,2.0831068,-1.2468933,-3.7268934,-4.8768935,-3.1968932,-4.6468935,-5.776893
-0.20689331,1.1531067,2.1731067,2.9131067,2.2831068,1.7831067,2.3531067,0.3131067,-1.2168933,9.013106,13.593106,12.363107,12.383106,11.573107,10.963107,9.963107,8.133106,7.1331067,5.723107,4.433107,2.4131067,1.0931067,0.4531067,-0.46689332,1.7531067,2.2731066,-0.04689331,-2.9568932,-4.5368934,-5.3768935,-5.716893,-5.8768935,-6.196893,-5.3968935,-4.2268934,-4.0568933,-3.4868934,-2.3668933,-1.3368933,0.0031066895,0.7931067,1.0231067,1.4531066,2.5431068,2.4831066,3.6331067,1.7331067,4.4831066,1.3631067,-0.02689331,5.163107,4.203107,1.6031067,-2.4268932,-5.336893,-5.4368935,-4.5768933,-5.276893,-5.7668934
0.1631067,0.93310666,0.8831067,0.8331067,1.1331067,0.80310667,-0.6068933,-0.7368933,5.1731067,13.483107,13.343106,12.333107,11.733107,10.893106,10.243107,8.823107,7.4231067,6.183107,5.1131067,3.3231068,2.6431067,1.0731066,0.6031067,0.20310669,-0.27689332,1.1231067,1.2531067,-2.4468932,-4.5568933,-5.7068934,-5.1668935,-6.0968933,-6.1068935,-5.426893,-5.2468934,-3.6868932,-2.1668932,-2.0068934,-2.0668933,-1.2268933,-0.4168933,-0.9768933,0.28310668,2.1131067,1.4831067,0.86310667,2.8231068,1.5531067,1.2331067,0.9431067,3.5831068,3.6931067,-1.5068933,-2.5968933,-4.966893,-5.986893,-5.1268935,-5.7268934,-5.946893
-1.3068933,-1.8768933,-0.33689332,0.063106686,-0.50689334,-1.8568933,-2.1568933,2.5031066,11.543107,12.8531065,11.813107,11.833107,10.923107,10.023107,9.003107,7.913107,6.9431067,5.1731067,4.553107,3.9231067,3.8731067,2.3831067,1.3031067,0.55310667,0.21310669,0.41310668,0.14310668,-1.3868933,-3.0468934,-4.6368933,-4.796893,-6.0568933,-5.6668935,-4.3968935,-3.4368932,-2.2368934,-1.8768933,-1.6568933,-1.5868933,-1.4268934,-1.2368933,-0.6268933,-0.04689331,-0.36689332,-0.3268933,1.2131066,0.9031067,-0.116893314,0.28310668,3.8331068,3.1831067,2.7231066,-0.5468933,-4.0568933,-5.0568933,-5.6368933,-6.4068933,-6.1168933,-5.8468933
-2.5568933,-1.9568933,-2.2468934,-2.3768933,-2.3268933,-2.0368934,-0.3168933,12.753107,13.423107,12.653107,11.763106,10.173107,9.983107,8.483107,8.393106,7.1031065,6.243107,5.0631065,3.5731068,2.6631067,2.1031067,1.5931067,2.4331067,0.7231067,-0.04689331,-1.0368934,-0.8268933,-3.1968932,-4.7268934,-5.196893,-5.0768933,-4.676893,-3.9668932,-3.7768934,-3.5268934,-2.6468933,-1.3768933,-1.2768933,-1.8268933,-2.1168933,-1.3468933,-1.6468933,-0.09689331,-1.2468933,0.3631067,-0.6868933,-1.4668933,-1.6568933,3.9531066,3.0531068,2.3731067,1.8331066,-3.7568934,-4.756893,-5.1368933,-6.4068933,-7.236893,-7.2268934,-6.256893
-2.5768933,-2.8668933,-2.2968934,-2.4068933,-3.5068934,-0.3868933,12.493107,12.643106,12.963107,11.413107,10.463107,9.743107,8.333107,7.473107,6.803107,6.283107,5.6031065,4.953107,3.7531066,3.0531068,2.8031068,2.7631066,1.7231067,0.14310668,-0.7768933,-1.1668934,-2.5168934,-2.8768933,-4.2868934,-5.276893,-5.026893,-4.8768935,-3.8568933,-3.5568933,-2.8068933,-2.2468934,-2.0068934,-2.3268933,-2.0968933,-2.0668933,-2.4068933,-2.6668932,-1.6068933,0.09310669,-2.0868933,-2.2768934,-1.2368933,0.5831067,4.1731067,2.1531067,1.4031067,-3.4968934,-3.1268933,-4.586893,-5.216893,-6.5768933,-6.9568934,-8.216893,-8.476893
-2.5368934,-2.3768933,-3.2068932,-5.6468935,6.413107,12.463107,11.343106,12.423107,10.723106,10.433106,9.1031065,8.143106,7.5031066,6.8531065,6.663107,5.7731066,4.6931067,3.9231067,4.0031066,3.2931068,2.2831068,1.5331067,0.17310669,-1.5468934,-2.1568933,-3.4868934,-4.3668933,-4.3568935,-4.6068935,-5.1468935,-5.6668935,-4.986893,-3.7268934,-3.3368933,-3.1368933,-1.6568933,-1.5068933,-1.3268933,-2.2768934,-2.3068933,-0.6868933,-0.2668933,-1.9068933,-2.3968933,-2.5068934,-5.3568935,-0.9568933,3.3431067,2.8631067,4.413107,-0.12689331,-2.5268934,-2.2568934,-4.6868935,-4.946893,-5.9168935,-7.1068935,-8.656894,-9.766893
-2.6368933,-4.506893,-3.9168932,10.6031065,11.093106,11.043107,12.003107,11.163107,10.363107,9.553106,8.653107,7.763107,6.8131065,7.2731066,6.0931067,4.3831067,4.2331066,4.243107,3.2231066,1.9131067,0.86310667,0.03310669,-1.6468933,-2.8868933,-4.926893,-4.4968934,-3.4368932,-4.1868935,-3.9468932,-3.0968933,-4.046893,-3.8568933,-3.8768933,-3.7368934,-3.3468933,-2.9168932,-2.4468932,-2.6968932,-2.5068934,-2.6368933,-2.3368933,-2.4168932,-3.0768933,-4.5568933,-2.9168932,-1.8468933,-3.3468933,4.053107,4.4031067,-0.6068933,-2.6568933,-1.9368933,-4.2068934,-4.9968934,-4.6668935,-5.6668935,-7.1668935,-9.276894,-10.426893
-5.3068933,-1.0568933,9.433106,10.383106,9.613107,9.583107,10.783107,9.243107,9.033107,8.093106,8.403107,7.3531065,7.1131067,6.3331065,4.5231066,3.1931067,4.1331067,3.3331068,1.4731067,0.17310669,-0.4068933,-1.0768933,-2.1068933,-2.2968934,-2.9368932,-3.2268934,-4.2068934,-4.3468933,-4.1168933,-4.0168934,-4.216893,-3.9168932,-3.8168933,-3.7268934,-3.6868932,-3.9568932,-3.4768934,-2.9568932,-3.5468934,-3.0068934,-3.7768934,-4.1368933,-4.8968935,-1.7168933,-2.2868934,-2.6368933,-2.8868933,1.8831067,2.4131067,1.2531067,-1.5268933,-3.4968934,-4.5168934,-3.6568933,-4.9068933,-5.296893,-7.836893,-9.656894,-12.946894
