json/gfs_20240717_00.json
{"header": { "discipline":0, "disciplineName":"Meteorological products", "gribEdition":2, "gribLength":79424, "center":7, "centerName":"US National Weather Service - NCEP(WMC)", "subcenter":0, "refTime":"2024-07-17T00:00:00.000Z", "significanceOfRT":1, "significanceOfRTName":"Start of forecast", "productStatus":0, "productStatusName":"Operational products", "productType":1, "productTypeName":"Forecast products", "productDefinitionTemplate":0, "productDefinitionTemplateName":"Analysis/forecast at horizontal level/layer at a point in time", "parameterCategory":2, "parameterCategoryName":"Momentum", "parameterNumber":3, "parameterNumberName":"V-component_of_wind", "parameterUnit":"m.s-1", "genProcessType":2, "genProcessTypeName":"Forecast", "forecastTime":0, "surface1Type":103, "surface1TypeName":"Specified height level above ground", "surface1Value":10.0, "surface2Type":255, "surface2TypeName":"Missing", "surface2Value":0.0, "gridDefinitionTemplate":0, "gridDefinitionTemplateName":"Latitude_Longitude", "numberPoints":65160, "shape":6, "shapeName":"Earth spherical with radius of 6,371,229.0 m", "gridUnits":"degrees", "resolution":48, "winds":"true", "scanMode":0, "nx":360, "ny":181, "basicAngle":0, "lo1":0.0, "la1":90.0, "lo2":359.0, "la2":-90.0, "dx":1.0, "dy":1.0 }, "data":
[rows 27 to 53 of 181, columns 120 to 179 of 360]
0.2903711,0.1403711,-1.1596289,-0.6796289,1.8703711,5.490371,2.940371,2.440371,2.3103712,2.0903711,1.3403711,2.0103712,1.4103711,1.2503711,1.4903711,0.4003711,3.7109375E-4,-0.06962891,0.9303711,1.9903711,2.440371,0.7303711,2.0503712,2.980371,2.180371,1.1103711,2.000371,2.730371,2.630371,2.640371,2.3403711,3.2703712,3.5803711,4.050371,3.730371,2.5203712,3.0903711,0.8303711,1.7703711,1.1603711,-0.1696289,0.5403711,1.6403711,1.440371,0.8103711,-0.3796289,0.9503711,1.6603711,1.4003711,-0.52962893,-1.6796288,0.1403711,2.0403712,1.670371,2.430371,2.0603712,0.8803711,2.910371,1.2903711,0.66037107
-0.6396289,0.30037108,0.6203711,0.8703711,1.0903711,2.900371,2.5203712,2.250371,2.870371,2.370371,1.3703711,1.0903711,0.7303711,1.300371,2.670371,1.7303711,0.9003711,1.3203712,1.2303711,1.680371,2.3303711,2.870371,5.440371,3.170371,3.990371,2.2603712,2.0703712,1.8703711,1.2603711,1.7903711,1.310371,1.920371,2.610371,2.3303711,2.5203712,2.110371,1.7203711,0.9603711,1.310371,-0.119628906,-3.569629,-2.389629,0.4503711,0.1403711,-0.1396289,-0.1396289,0.53037107,-0.10962891,0.8303711,1.1103711,0.8603711,0.9803711,0.8503711,1.810371,1.690371,1.0003711,1.2803711,1.9803711,1.3303711,0.2603711
0.2803711,0.4103711,-0.4396289,-0.12962891,2.8303711,2.460371,2.950371,2.7903712,1.6403711,2.420371,2.230371,1.6403711,0.39037108,1.5303711,2.0603712,3.2803712,3.3503711,3.990371,0.27037108,1.7203711,2.200371,2.3003712,2.370371,2.7603712,0.97037107,2.7603712,2.2703712,3.110371,0.78037107,0.7003711,-0.1396289,-0.1496289,-0.029628906,0.21037109,1.1303711,1.0103711,1.1403711,-0.7896289,-0.029628906,2.430371,-0.6896289,-0.38962892,-1.059629,-0.4396289,1.2903711,0.0803711,0.6903711,0.1303711,0.7103711,1.2203711,-0.009628906,1.050371,0.6003711,0.6003711,1.2103711,1.4003711,0.6903711,3.7109375E-4,-0.039628908,-0.8196289
0.7903711,3.7109375E-4,0.2903711,0.6903711,2.210371,2.500371,2.5803711,2.5903711,1.9503711,1.6403711,0.9403711,0.6003711,0.5803711,1.1003711,3.5303712,2.630371,1.4503711,0.6103711,4.4303713,0.8203711,1.9803711,2.2903712,1.5403711,2.640371,1.0403711,1.5403711,2.3103712,2.480371,2.2603712,2.940371,2.2803712,1.3303711,-0.20962891,1.0003711,-0.7996289,-1.9996289,-2.999629,-1.9196289,-1.9196289,-3.319629,-4.699629,-6.829629,-0.1896289,2.700371,2.610371,2.380371,-0.3296289,-0.2196289,-0.6096289,-0.9196289,-1.2196289,0.1303711,2.0503712,2.210371,2.0103712,1.8503711,1.4503711,1.2603711,0.9303711,0.9403711
-1.0896289,-0.38962892,0.9303711,1.2103711,0.8403711,1.920371,1.6403711,1.1303711,1.440371,0.2503711,-0.0996289,-0.089628905,0.8703711,2.7703712,1.3503711,2.2803712,0.8203711,0.72037107,1.8603711,6.290371,2.380371,2.990371,4.060371,4.850371,2.900371,3.110371,1.0003711,3.5603712,1.4603711,-1.1196289,-3.369629,-0.029628906,-2.749629,-2.339629,-3.809629,-6.169629,-5.5896287,-4.949629,-5.009629,-4.939629,-0.8696289,1.4003711,1.1403711,-1.9196289,-0.9896289,-0.7996289,-1.439629,-1.5096289,-0.7496289,0.4603711,1.9503711,3.730371,4.340371,3.930371,3.140371,2.490371,1.810371,1.7403711,1.6103711,0.9903711
0.7403711,-0.049628906,-0.6596289,-0.9596289,1.4003711,0.9303711,1.2503711,1.7803711,1.5103711,-0.10962891,0.8203711,1.3703711,0.6503711,0.4203711,2.690371,1.2603711,0.7703711,0.9903711,1.4103711,4.280371,5.540371,5.460371,4.280371,3.500371,3.2703712,1.940371,0.7503711,-1.0296289,-1.0896289,-2.039629,-4.509629,-5.559629,-5.829629,-5.739629,-7.269629,-8.029629,-6.699629,-5.199629,-4.429629,-1.2696289,1.9003711,1.2903711,-1.9896289,1.2503711,-2.029629,-1.6096289,-0.6696289,-0.41962892,0.3503711,2.140371,3.5403712,4.830371,4.870371,4.730371,3.900371,2.880371,1.8503711,1.1503711,0.9203711,1.7403711
-0.5496289,0.5103711,-0.4996289,-1.2796289,-1.0496289,0.6403711,0.4303711,0.0803711,2.5203712,2.0703712,1.6603711,2.130371,1.3603711,-0.17962891,1.060371,1.940371,4.4303713,3.2803712,2.870371,-0.119628906,2.3103712,2.960371,3.500371,2.610371,1.1303711,-2.539629,-3.259629,-4.039629,-3.9196289,-5.389629,-8.179629,-8.539629,-8.609629,-9.529629,-9.739629,-10.009629,-9.279629,-3.259629,-2.009629,1.5203711,1.4603711,-4.579629,0.20037109,2.5203712,0.6203711,-1.2596289,-0.3996289,1.3203712,2.7603712,3.7803712,4.440371,5.030371,4.610371,4.9703712,3.450371,2.420371,1.0403711,0.5003711,1.3203712,2.140371
-0.12962891,-0.6996289,-1.0996289,0.050371096,0.30037108,-0.5096289,0.1903711,0.39037108,-0.5196289,-0.5196289,0.5003711,0.9903711,3.0603712,3.5603712,6.070371,3.8003712,3.430371,0.3503711,-1.4996289,0.5703711,0.5703711,1.440371,2.460371,0.9403711,-1.5296289,-3.9896288,-4.699629,-5.0696287,-6.919629,-10.379629,-11.039629,-10.929629,-11.119629,-10.999629,-10.109629,-8.659629,-5.129629,-2.119629,1.1203711,1.8803711,-4.989629,-0.5996289,0.15037109,-2.1696289,0.3203711,0.8103711,1.1203711,1.680371,2.430371,3.8003712,4.630371,5.2203712,4.570371,3.490371,2.6003711,1.3703711,0.9303711,-0.47962892,-0.6796289,-0.9396289
-1.059629,-0.5396289,-1.0496289,-0.8696289,-0.96962893,-0.7996289,-0.1696289,-0.3396289,-0.06962891,-0.4296289,1.2203711,1.1003711,2.430371,-0.20962891,0.5503711,0.7603711,-4.399629,-1.5896289,-0.10962891,0.9903711,1.7403711,1.1403711,0.7603711,-0.7596289,-2.809629,-5.879629,-7.3196287,-8.229629,-10.279629,-11.039629,-12.839629,-13.489629,-12.479629,-10.349628,-8.979629,-0.3996289,-2.129629,-1.059629,0.27037108,-2.6996288,2.710371,-0.20962891,-2.309629,-0.6096289,0.7103711,3.180371,4.500371,4.740371,4.730371,4.4703712,4.030371,4.110371,5.190371,4.360371,3.0103712,1.5403711,-0.5196289,-2.319629,-2.509629,-2.819629
-1.199629,-0.5996289,0.060371093,0.18037109,-1.1596289,-0.9196289,-1.4696289,-0.8096289,-0.7596289,-0.2196289,3.200371,-2.079629,-0.2496289,-1.5896289,-1.6796288,1.2403711,3.7109375E-4,-3.859629,-3.119629,0.9803711,0.8103711,-0.8696289,1.2703711,-4.2796288,-4.659629,-6.1096287,-9.269629,-9.969629,-9.099628,-11.629629,-13.659629,-16.689629,-13.609629,-8.549629,-0.12962891,9.970371,2.700371,2.0703712,-1.6096289,0.050371096,-3.6596289,-1.1696289,-0.5396289,2.200371,3.500371,4.010371,4.520371,5.070371,4.810371,4.030371,3.1003711,2.230371,3.8003712,2.8403711,2.660371,1.9603711,-0.2996289,-2.6896288,-3.1496289,-3.4796288
0.1303711,-1.4096289,-1.5396289,-1.4896289,-1.829629,-1.2896289,-0.35962892,-0.089628905,2.750371,3.180371,4.850371,2.8003712,2.950371,2.210371,2.170371,2.610371,-2.009629,-0.38962892,-1.069629,-0.9796289,-1.569629,0.21037109,-1.2396289,-4.879629,-6.5896287,-6.489629,-6.719629,-9.319629,-10.989629,-8.759629,-11.409629,-13.5596285,-11.169629,-5.879629,5.900371,6.520371,12.760371,1.7403711,0.6103711,-2.579629,-1.1096289,4.870371,4.7003713,4.7003713,5.780371,6.380371,6.240371,5.500371,5.560371,4.610371,3.910371,2.450371,1.7703711,-1.4696289,3.610371,1.6203711,0.5803711,-1.3696289,-2.7396288,-2.8996289
-2.009629,-2.579629,-2.1496289,-1.1796288,-0.6596289,-0.07962891,-0.049628906,3.0903711,5.170371,5.790371,4.730371,3.5103712,1.420371,2.440371,1.8503711,1.300371,-1.3496289,0.15037109,-0.2296289,1.1203711,0.6903711,-1.5396289,-2.099629,-3.4596288,-6.449629,-7.169629,-7.679629,-8.189629,-7.329629,-8.729629,-10.289629,-8.359629,-5.959629,-2.069629,3.8403711,3.390371,9.980371,1.8703711,1.180371,6.020371,7.250371,7.770371,7.210371,6.7003713,5.620371,6.040371,6.620371,5.960371,5.4103713,5.500371,4.570371,3.5503712,1.2003711,1.6203711,2.5903711,2.410371,0.2903711,-0.1896289,-1.7496289,-1.939629
-3.2196288,-1.8396289,-0.47962892,0.4503711,0.0803711,2.630371,4.4103713,4.4303713,6.590371,6.820371,5.040371,2.3503711,2.0903711,1.3803711,1.6403711,-0.6396289,-0.8796289,0.8303711,1.2203711,-0.2996289,-1.8896289,-5.739629,0.23037109,-1.5196289,-4.509629,-5.129629,-7.289629,-7.729629,-7.229629,-7.039629,-6.459629,-4.849629,-3.6596289,-1.329629,-0.2796289,3.720371,6.260371,5.240371,12.750371,10.760371,9.390371,8.620371,8.230371,6.780371,5.840371,6.080371,5.730371,5.400371,4.340371,5.120371,4.120371,3.180371,2.660371,2.0103712,2.7803712,2.610371,0.9403711,-1.0496289,-1.449629,-2.269629
-3.119629,-0.8696289,0.4603711,2.0803711,2.450371,4.760371,7.040371,5.170371,5.550371,4.9303713,4.960371,2.7703712,0.97037107,1.8803711,1.180371,1.7103711,1.5303711,2.8003712,0.2803711,-0.8696289,-1.0496289,-4.709629,2.430371,-1.2596289,-3.2096288,-4.329629,-5.199629,-5.379629,-6.489629,-5.419629,-4.739629,-4.079629,-2.809629,-0.5696289,2.3403711,5.820371,7.1403713,11.820371,11.360371,9.630371,9.530371,9.330371,8.630371,7.520371,5.880371,4.9303713,4.870371,4.490371,4.810371,4.940371,3.740371,3.180371,2.210371,2.450371,2.5703712,2.750371,1.4603711,-0.4896289,-2.009629,-2.519629
-6.919629,1.0203711,2.480371,2.1003711,2.880371,4.710371,7.4103713,7.900371,4.730371,2.980371,4.900371,2.880371,1.1003711,0.7403711,1.8603711,1.6403711,3.440371,1.6603711,-0.1996289,-0.8896289,-1.7496289,3.210371,0.6903711,0.9603711,-2.299629,-4.0296288,-3.6496289,-3.1696289,-1.9796289,-1.7096289,-0.5596289,-0.119628906,1.2903711,2.5703712,4.3903713,5.740371,8.630371,9.450371,9.9403715,8.910371,9.090371,9.140371,8.180371,7.3903713,6.080371,5.4103713,4.6803713,4.320371,3.670371,4.2203712,3.5503712,3.240371,1.940371,2.0903711,2.8303711,2.3403711,1.1403711,-0.019628907,-1.3896289,-1.8996289
-5.0296288,0.8003711,0.6803711,-0.1396289,4.4703712,7.070371,6.730371,8.920371,5.240371,3.430371,3.630371,1.810371,1.4803711,2.730371,4.040371,2.0803711,1.2903711,0.7103711,0.020371094,0.050371096,2.620371,5.120371,5.540371,-4.309629,-2.2096288,-1.4096289,-1.0096289,-0.17962891,0.2403711,0.8303711,2.250371,2.5603712,2.740371,4.340371,6.1603713,8.020371,8.920371,9.010371,8.500371,8.240371,8.000371,8.770371,8.470371,7.4703712,5.870371,5.060371,3.7603712,3.5603712,3.3103712,2.750371,2.880371,2.110371,2.110371,2.190371,2.690371,2.5903711,1.440371,0.27037108,-0.5496289,-1.189629
-3.559629,-0.06962891,-1.8996289,3.7903712,7.030371,7.040371,7.880371,7.360371,3.360371,0.4903711,2.240371,1.1203711,5.4103713,6.840371,3.640371,1.3303711,0.91037107,0.3803711,0.050371096,2.960371,2.160371,3.930371,4.210371,0.5803711,3.150371,3.0403712,2.430371,1.940371,2.660371,3.8003712,4.490371,3.8103712,4.7003713,4.740371,6.210371,7.2203712,7.530371,8.040371,8.6903715,7.610371,7.540371,9.410371,8.470371,6.630371,5.020371,4.310371,3.5703712,3.190371,3.3503711,2.910371,2.720371,2.400371,2.230371,2.7903712,3.130371,2.0503712,1.0403711,0.5603711,-0.7496289,-1.7496289
-4.239629,-1.9196289,-0.3696289,6.900371,9.870371,7.4503713,6.560371,5.840371,1.6303711,-1.2696289,3.7603712,2.390371,5.130371,5.6403713,-0.1696289,-0.1496289,0.040371094,0.3803711,3.450371,5.520371,5.330371,5.710371,3.220371,2.5703712,2.640371,3.390371,4.610371,4.730371,5.6403713,3.440371,0.1603711,6.560371,5.980371,5.9503713,6.420371,6.800371,7.2003713,6.4303713,5.900371,6.2003713,8.490371,8.000371,6.340371,5.1403713,4.310371,4.120371,3.2603712,3.0903711,3.210371,3.0303712,2.360371,1.6403711,1.3403711,2.480371,2.970371,2.5403712,1.180371,0.33037108,-0.1696289,-0.6796289
-6.5296288,-2.569629,2.930371,5.630371,7.6803713,6.360371,6.040371,4.900371,0.4903711,1.9703711,2.8403711,1.940371,7.1603713,2.150371,1.1103711,1.430371,1.8403711,5.4303713,5.630371,5.900371,6.210371,6.190371,3.110371,2.8203712,3.370371,2.160371,4.830371,7.060371,3.610371,6.560371,6.250371,6.300371,6.810371,6.790371,6.740371,5.960371,5.230371,5.320371,6.580371,7.4103713,6.370371,6.150371,5.2003713,3.620371,3.3503711,2.990371,2.460371,2.360371,2.360371,2.3003712,1.550371,0.3103711,0.97037107,1.7403711,2.0503712,0.3503711,0.2803711,0.36037108,-0.2496289,0.11037109
-2.7096288,-0.5796289,1.9003711,3.250371,5.870371,6.150371,4.770371,1.800371,2.110371,1.920371,3.190371,1.3803711,5.4103713,2.250371,1.0203711,1.5703712,4.670371,4.690371,4.4503713,4.380371,5.1403713,7.120371,1.7703711,0.3703711,0.8503711,0.4103711,5.630371,4.350371,5.810371,5.6803713,5.7203712,6.030371,5.990371,5.650371,5.2003713,5.340371,4.840371,4.290371,5.1803713,4.310371,4.4303713,4.750371,4.520371,3.420371,2.1003711,1.7603711,1.2603711,1.0203711,1.440371,1.550371,1.3703711,0.9203711,0.8203711,1.4703711,0.8703711,1.1503711,-0.3796289,-0.2496289,0.2603711,0.6403711
-1.2996289,-0.2196289,-0.2896289,2.140371,4.650371,3.2903712,0.6903711,1.420371,2.0903711,1.2003711,0.7903711,0.7603711,4.9303713,0.8003711,2.0203712,2.8103712,3.3503711,3.0203712,3.450371,4.670371,2.370371,0.2603711,2.360371,1.1403711,2.130371,4.000371,5.560371,5.6403713,5.3903713,5.1403713,5.4503713,5.270371,5.600371,4.830371,5.170371,4.330371,4.310371,4.1803713,4.1603713,3.0203712,1.9903711,1.560371,0.2903711,-0.8496289,0.2403711,1.0003711,0.8903711,1.2203711,1.1003711,1.420371,1.2103711,0.7503711,0.91037107,1.930371,3.5103712,3.420371,3.640371,3.0103712,3.130371,4.6403713
-1.2696289,-1.699629,-0.2696289,2.5803711,1.4803711,3.5703712,3.0203712,2.5703712,2.720371,-0.6596289,-0.6996289,2.750371,2.190371,3.470371,2.8503711,3.5903711,4.650371,3.980371,4.7203712,4.9703712,1.8603711,-0.7896289,2.950371,3.3203712,5.280371,5.250371,5.4703712,5.770371,5.1403713,4.880371,4.740371,3.970371,3.710371,3.170371,2.880371,2.700371,2.0403712,1.4603711,1.5203711,0.2503711,-1.1296289,-0.6896289,-0.8496289,-0.6396289,-0.8096289,0.040371094,0.4003711,0.66037107,1.930371,1.5203711,3.0703712,4.020371,4.960371,5.120371,4.600371,4.460371,5.260371,5.280371,5.120371,5.340371
-2.009629,-1.9596289,2.000371,2.3303711,1.440371,0.8803711,0.36037108,1.6603711,1.3903711,2.0803711,3.3403711,3.390371,3.450371,3.870371,2.980371,3.230371,3.5403712,3.5703712,4.010371,4.190371,-0.8896289,-0.23962891,3.5303712,5.2203712,5.4503713,5.650371,3.920371,4.030371,4.020371,3.640371,3.500371,3.2703712,2.690371,2.3303711,2.000371,1.3403711,0.8303711,-0.6696289,-2.269629,-2.849629,-3.9396288,-3.559629,-3.9796288,2.750371,2.690371,4.040371,4.840371,3.880371,5.230371,4.120371,4.9303713,6.3903713,5.800371,5.9303713,5.270371,4.880371,5.210371,5.250371,4.850371,6.350371
0.8303711,-0.8096289,0.7003711,-1.1796288,4.170371,1.300371,0.6103711,0.8003711,1.9703711,1.3303711,4.010371,3.160371,2.8303711,3.2703712,3.490371,3.3103712,3.920371,4.340371,3.710371,3.640371,3.660371,0.120371096,2.390371,5.770371,4.600371,3.940371,2.690371,0.9803711,0.9003711,1.430371,1.9903711,2.160371,1.7003711,1.1103711,0.3703711,-0.7696289,-2.139629,-1.7996289,-2.1796288,-2.4096289,-3.069629,1.920371,3.940371,4.110371,6.600371,8.570371,6.9503713,6.740371,6.9703712,6.100371,5.420371,5.310371,5.330371,5.590371,5.550371,4.780371,5.000371,6.730371,5.710371,3.8503711
-1.2096289,-1.5296289,1.3903711,6.460371,7.690371,7.440371,2.860371,1.5203711,1.2203711,3.610371,2.410371,1.2503711,1.5203711,3.3003712,4.6803713,4.830371,4.570371,4.060371,4.050371,3.5103712,0.7503711,1.1603711,5.360371,3.8303711,3.440371,1.300371,0.120371096,-0.1496289,1.5003711,2.3403711,1.1203711,1.1103711,1.6103711,0.8303711,-1.329629,-3.1896288,-1.7996289,0.3703711,3.140371,1.170371,3.8503711,4.460371,4.940371,6.8903713,8.230371,8.060371,5.290371,7.990371,6.340371,6.460371,6.270371,6.4303713,6.010371,5.040371,4.740371,6.510371,6.100371,4.610371,3.740371,4.440371
-0.4396289,2.5203712,5.510371,6.800371,9.340371,4.260371,2.680371,2.3503711,1.680371,4.070371,5.300371,4.860371,5.510371,5.1803713,3.430371,5.630371,7.520371,4.850371,3.150371,3.5403712,0.3203711,0.4903711,1.7403711,3.3403711,2.0603712,-0.23962891,-1.819629,-1.3796289,-0.3796289,1.6603711,2.610371,2.450371,1.7503711,1.7903711,0.4803711,-0.07962891,2.3103712,-0.1896289,0.33037108,3.5803711,4.3903713,5.870371,3.230371,6.280371,7.250371,8.280371,8.120371,7.090371,6.000371,6.850371,5.870371,5.280371,4.690371,5.9103713,5.960371,4.320371,3.910371,2.970371,3.890371,4.060371
1.5003711,2.190371,6.320371,7.800371,9.070371,9.630371,9.170371,5.080371,0.9503711,1.1103711,6.690371,4.580371,4.560371,4.740371,2.660371,4.510371,6.6403713,1.9603711,-1.6196289,-1.6496289,0.3403711,-0.47962892,0.8903711,2.8403711,2.500371,0.6403711,-0.38962892,0.3703711,0.6703711,1.940371,2.250371,1.7803711,4.070371,2.8303711,3.110371,1.8703711,0.6103711,-1.0496289,1.430371,4.230371,6.4503713,6.550371,7.120371,7.540371,8.860371,7.620371,7.460371,6.940371,6.730371,5.570371,4.980371,4.9503713,5.750371,4.300371,3.390371,2.0403712,3.5203712,4.1403713,4.380371,3.860371
