json/gfs_20240717_18.json
{"header": { "discipline":0, "disciplineName":"Meteorological products", "gribEdition":2, "gribLength":79612, "center":7, "centerName":"US National Weather Service - NCEP(WMC)", "subcenter":0, "refTime":"2024-07-17T18:00:00.000Z", "significanceOfRT":1, "significanceOfRTName":"Start of forecast", "productStatus":0, "productStatusName":"Operational products", "productType":1, "productTypeName":"Forecast products", "productDefinitionTemplate":0, "productDefinitionTemplateName":"Analysis/forecast at horizontal level/layer at a point in time", "parameterCategory":2, "parameterCategoryName":"Momentum", "parameterNumber":2, "parameterNumberName":"U-component_of_wind", "parameterUnit":"m.s-1", "genProcessType":2, "genProcessTypeName":"Forecast", "forecastTime":0, "surface1Type":103, "surface1TypeName":"Specified height level above ground", "surface1Value":10.0, "surface2Type":255, "surface2TypeName":"Missing", "surface2Value":0.0, "gridDefinitionTemplate":0, "gridDefinitionTemplateName":"Latitude_Longitude", "numberPoints":65160, "shape":6, "shapeName":"Earth spherical with radius of 6,371,229.0 m", "gridUnits":"degrees", "resolution":48, "winds":"true", "scanMode":0, "nx":360, "ny":181, "basicAngle":0, "lo1":0.0, "la1":90.0, "lo2":359.0, "la2":-90.0, "dx":1.0, "dy":1.0 }, "data":
[rows 75 to 99 of 181, columns 0 to 56 of 360]
-3.1600976,-0.08009765,-1.9600977,-0.93009764,-1.1300976,1.3799024,0.08990234,2.0299025,2.9999022,4.059902,4.1499023,4.039902,2.6599023,4.2499022,2.1899023,3.8099024,5.1799026,4.9099026,3.2499022,1.0599023,2.4999022,-1.2100977,2.2399023,4.019902,-1.9800977,-0.99009764,-7.3000975,6.6699023,0.13990234,0.43990234,-3.1700976,-1.5000976,-0.72009766,1.9699024,1.2799023,2.5099022,-0.47009766,2.6599023,-0.6300976,-1.8200977,-2.5600977,-4.690098,-2.9200976,2.9899023,0.87990236,-0.7000977,-1.6300976,-2.7900977,0.42990234,-1.0600977,-0.60009766,3.8399024,5.9299026,1.9699024,6.139902,6.3999023,6.6799026
-3.3600976,-3.8000977,-1.8500977,-2.1900976,-1.7100977,1.0699023,0.059902344,1.5499023,2.9199023,3.3699024,3.4399023,3.5499024,1.9099023,1.6899023,0.08990234,5.3799024,4.2599025,4.5499024,2.5799024,-0.81009763,-3.1200976,-6.8000975,3.1799023,-1.5100976,0.93990237,0.009902344,-1.2900977,-2.6800976,0.89990234,1.4699024,-0.9500977,-2.9900978,-0.6400977,1.8399024,-0.25009766,0.93990237,-1.0100976,-0.79009765,-1.6800977,0.5399023,0.09990235,-4.1200976,-1.0100976,1.7599024,0.7999023,2.6599023,0.75990236,1.7899023,0.6799023,9.199903,8.809902,5.4899025,-0.15009765,3.5999024,9.009902,5.5099025,7.1499023
1.0199023,-2.1000977,-1.3200977,-2.8000977,-0.5700977,-1.6200976,-0.42009765,3.2999024,2.3599024,0.14990234,1.6799023,2.9599023,1.4699024,2.5299025,-0.94009763,3.4799023,4.6999025,4.4599023,1.8599024,-0.42009765,-7.5600977,-0.020097656,-6.8500977,-8.900098,4.8799024,-2.8700976,-2.6600976,-0.80009764,2.3499024,-2.2500978,-0.78009766,-1.9900976,-3.4300976,-1.0700977,0.29990235,0.17990234,0.75990236,-1.4700977,1.0199023,0.26990235,-2.4300976,-4.630098,-2.1500976,4.4999022,5.079902,-2.6000977,0.8699024,3.8999023,6.0899024,9.279902,7.7599025,-0.68009764,0.49990234,3.1699023,7.849902,6.4299026,7.099902
0.96990234,0.96990234,-0.13009766,-0.060097657,1.9099023,1.2799023,1.4699024,1.8299023,-0.42009765,0.24990234,2.1299024,0.48990235,0.9299023,2.8599024,2.4499023,3.6499023,6.6999025,2.1299024,3.2199023,-1.8200977,2.5399024,0.95990235,-8.600098,-1.2500976,0.8699024,-1.4700977,-0.39009765,-1.8800976,-0.8900977,-5.7400975,5.4899025,-2.1700976,-3.2100976,-2.0000978,-0.5800977,0.82990235,0.94990236,2.3299024,0.069902346,-0.8900977,0.59990233,-0.16009766,3.3699024,2.3999023,7.2399025,7.5299025,8.429902,9.449903,5.9199023,2.6899023,9.259902,-3.7700977,3.0099022,6.389902,6.7599025,8.109902,9.539903
1.9599023,0.039902344,1.7699023,0.009902344,-0.15009765,0.99990237,1.6799023,1.4899024,2.2099023,1.1799023,-0.25009766,1.6399024,1.0099024,0.25990236,1.7999023,0.6799023,2.7799025,2.1199024,-1.1800977,2.4999022,1.1799023,0.38990235,0.019902343,-0.6300976,1.0499023,-1.9800977,-3.9900978,3.3399024,-3.0500977,-3.1400976,-0.23009765,-0.28009766,-1.4900976,-1.9000976,0.22990234,-0.21009766,0.109902345,-0.46009767,-0.060097657,-1.0900977,0.77990234,1.5799023,1.9399023,6.079902,7.059902,5.3999023,3.1499023,6.0099025,2.4199023,7.369902,11.519902,3.3199024,4.349902,5.6799026,6.9399023,7.5099025,7.769902
-0.50009763,0.71990234,1.6699023,1.7299024,1.1099024,0.87990236,0.069902346,1.6799023,1.2899023,2.1199024,-1.6900977,-0.19009766,0.18990235,1.1599023,1.7099023,1.7799023,2.2199023,0.9299023,0.30990234,3.4299023,0.22990234,2.7799025,2.3699024,-0.84009767,1.8799024,0.89990234,0.19990234,2.7599022,1.8899024,-0.5200977,-0.94009763,-0.90009767,-1.3600976,-0.14009766,-0.73009765,0.059902344,-1.3600976,-0.6400977,-0.030097656,0.039902344,2.1699023,4.599902,0.13990234,3.1499023,5.9199023,1.7299024,4.4099026,5.099902,7.389902,8.709903,8.149902,4.5699024,6.039902,6.2999024,6.5499024,6.7799025,8.879902
-1.0500977,1.6199024,0.96990234,1.6099024,2.3599024,1.6999023,0.24990234,0.7999023,1.4599023,1.7199024,0.57990235,-1.0000976,1.8299023,-0.31009766,-1.3000977,1.0099024,0.68990237,1.6099024,2.1999023,1.9899024,-0.19009766,2.1099024,1.1699023,0.8699024,0.13990234,0.84990233,1.3199023,1.7299024,1.4299023,0.42990234,-1.6000977,-2.1800976,-1.5500977,1.6799023,-1.6800977,-0.100097656,1.5799023,0.21990234,-0.050097656,0.68990237,0.89990234,-0.90009767,-0.12009766,2.4099023,6.2399025,6.4399023,6.8599024,8.039903,7.0699024,8.579903,4.4899025,7.139902,6.5299025,6.3199024,7.0099025,7.7199025,8.389902
-1.4000976,1.5199023,1.5699023,1.2999023,1.4399023,1.4599023,0.52990234,0.94990236,1.5699023,1.8499024,1.4099023,0.17990234,1.3099023,-0.40009767,-0.94009763,2.0899024,1.1599023,0.88990235,1.4999024,1.8599024,1.7199024,0.43990234,1.3599024,0.69990236,-0.050097656,0.90990233,1.3899024,3.1999023,-9.765625E-5,0.14990234,-0.84009767,-2.4300976,-0.90009767,2.0099022,-0.12009766,-1.0000976,0.07990234,-0.39009765,-1.4500977,-0.47009766,1.5199023,-1.1300976,-0.39009765,0.58990234,4.059902,6.3799024,6.9199023,4.6899023,6.4799023,6.2599025,6.4499025,6.4799023,5.8999023,6.559902,6.6999025,7.3399024,8.039903
-1.0300976,0.94990236,1.1199024,1.2499024,1.1799023,1.2299024,1.8599024,1.4499023,2.3599024,2.4199023,-0.21009766,-0.22009766,0.44990236,-0.75009763,-0.43009767,1.1099024,1.6999023,1.1699023,0.9199023,0.81990236,1.5799023,0.28990233,1.0899024,0.35990235,0.48990235,0.9199023,1.8999023,2.1699023,1.5199023,1.7199024,1.7299024,-1.9900976,-0.73009765,-0.12009766,0.21990234,-0.54009765,0.76990235,-0.44009766,0.14990234,1.6699023,1.0799023,1.5899024,0.029902345,3.0899024,3.6999023,2.9399023,4.9699025,7.5699024,3.7799025,4.2299023,6.619902,5.9699025,5.849902,6.4699025,7.0499024,7.059902,7.6899023
2.8699024,4.1999025,5.9299026,5.6999025,6.619902,3.1799023,2.1499023,3.4799023,2.1099024,-0.42009765,1.2099023,1.0199023,-1.1400976,-0.97009766,-0.45009765,-0.050097656,0.68990237,0.63990235,1.4899024,1.2599024,0.9899023,0.07990234,1.0599023,0.74990237,0.62990236,1.6299024,1.3099023,1.9699024,0.71990234,2.3199024,-0.5200977,-1.5800977,-1.5000976,0.7999023,0.26990235,-1.3400977,-0.74009764,0.13990234,-1.1900977,0.42990234,1.6899023,0.5499023,3.1799023,0.84990233,3.9099023,2.8699024,2.4599023,3.2899024,3.6299024,5.5299025,6.039902,5.9899025,6.9299026,6.1799026,6.539902,5.889902,6.1099024
5.329902,5.1699023,5.2399025,6.2599025,6.3599024,6.8199024,2.9499023,2.8499024,0.68990237,0.69990236,0.24990234,2.4899023,0.6799023,0.7999023,0.009902344,0.11990234,-0.14009766,0.36990234,1.6299024,1.5299023,0.38990235,1.9699024,0.81990236,-0.08009765,0.5399023,1.1799023,0.50990236,1.0899024,2.2299023,0.52990234,-1.0600977,-0.7000977,-2.4100976,0.30990234,1.0599023,1.5699023,-1.4500977,-2.6500976,-2.0200977,-0.18009765,0.40990233,2.7599022,-0.46009767,2.0799024,3.1599023,-0.35009766,2.5799024,1.9899024,3.6299024,5.809902,5.7099023,6.4599023,6.7999024,6.329902,5.6799026,4.9199023,4.8199024
4.889902,5.6699023,5.9399023,6.559902,6.3399024,6.1499023,6.309902,6.349902,5.8199024,4.7799025,0.8699024,1.6999023,1.0899024,0.75990236,1.2599024,0.26990235,-0.110097654,0.74990237,1.2499024,1.7899023,-0.070097655,1.0299023,0.90990233,0.09990235,-0.29009765,-1.0800977,0.89990234,0.34990233,1.1299024,-0.21009766,-0.24009766,0.55990237,0.059902344,0.65990233,0.46990234,-0.010097656,-0.30009764,-7.170098,-5.1400976,-1.2200977,-2.2600977,0.27990234,-0.09009766,-0.030097656,0.029902345,1.6399024,2.9099023,2.5899024,4.389902,5.099902,5.269902,5.4999022,6.2999024,5.4499025,4.6799026,5.5499024,4.0499024
5.4799023,5.4699025,5.829902,6.519902,5.7399025,5.4199023,6.1799026,5.559902,5.869902,6.0899024,2.0499024,1.2899023,1.2299024,1.2299024,-0.040097658,0.7999023,0.039902344,0.47990236,0.28990233,-0.66009766,1.1199024,0.6099023,1.0899024,-0.070097655,0.25990236,-0.79009765,-0.7000977,0.44990236,-0.60009766,0.69990236,-0.040097658,0.58990234,0.90990233,-1.1100976,-0.15009765,2.0099022,0.26990235,-5.9100976,-7.3300977,-3.0600977,0.069902346,-1.5500977,-1.9700977,-2.8900976,-0.20009765,1.4499023,1.8999023,4.2599025,2.9099023,3.4699023,3.6599023,3.4999022,3.8699024,2.9599023,4.0099025,4.5299025,2.6899023
5.059902,4.5499024,4.8199024,5.2299023,5.0499024,5.0899024,5.019902,5.079902,4.579902,4.9299026,2.2399023,0.87990236,0.62990236,1.5099024,-0.34009767,0.94990236,1.2699023,1.2899023,1.0999024,-0.16009766,1.4099023,-0.93009764,0.12990235,0.58990234,1.2899023,0.26990235,0.07990234,0.27990234,-0.9500977,-0.93009764,0.049902342,-0.7100977,-1.2000977,-0.55009764,-0.8900977,1.1799023,0.47990236,-2.4700975,-5.4100976,-2.9100976,-0.9600977,-2.0100977,-3.3700976,-2.3700976,0.43990234,2.1799023,3.4099023,2.4799023,2.1599023,2.2799025,2.5499024,2.0899024,1.9999024,2.2999024,3.1799023,2.9399023,0.87990236
3.4199023,3.8699024,3.8099024,3.3799024,3.8299024,3.8299024,4.0299025,3.5499024,4.519902,4.5499024,2.3999023,1.2899023,1.2699023,0.51990235,0.87990236,2.0099022,1.0899024,0.37990233,0.07990234,0.52990234,0.8699024,-0.26009765,0.13990234,-0.32009766,1.4299023,-0.20009765,-0.060097657,1.4699024,0.09990235,-1.0400977,-1.0000976,-0.12009766,-1.4600977,-0.26009765,-1.7200977,-0.66009766,2.2499022,0.46990234,-4.4100976,-4.5300975,-1.3900976,-2.9400976,-3.2900977,-0.47009766,1.9499023,1.7099023,2.2699022,1.3599024,1.0999024,0.9199023,1.4599023,1.5499023,1.4899024,1.6099024,2.7099023,0.9199023,0.41990235
1.3999023,2.0499024,1.9899024,1.9299023,2.5199022,3.0699024,3.8299024,4.269902,3.6699023,5.1999025,2.4099023,1.4799024,0.9299023,0.8599023,1.3399024,1.8899024,2.0699024,1.0199023,0.019902343,0.059902344,0.70990235,0.6099023,1.3099023,1.1699023,0.71990234,0.81990236,-1.1900977,0.14990234,0.48990235,-1.0200976,-0.8800976,-1.2500976,-0.81009763,-2.8800976,0.59990233,-1.3200977,0.75990236,0.18990235,1.3999023,-3.3600976,-2.3800976,-1.4100976,-0.44009766,0.42990234,0.09990235,0.83990234,0.6799023,1.0199023,-0.25009766,0.23990235,0.74990237,0.89990234,0.70990235,0.59990233,0.52990234,-0.020097656,-0.32009766
1.0599023,0.96990234,0.64990234,2.2099023,1.9199023,2.5799024,3.4099023,3.1699023,2.9899023,2.3399024,2.4999022,0.40990233,1.0799023,1.8799024,1.5399023,2.3399024,2.4699023,0.96990234,0.29990235,0.15990235,0.56990236,0.28990233,0.27990234,1.3599024,0.8699024,-0.24009766,0.46990234,0.16990234,-0.070097655,-0.45009765,1.0099024,-2.6900976,-3.0100977,-1.7800976,-0.18009765,-0.26009765,-1.1100976,-0.08009765,-1.5500977,-4.2600975,-2.7700977,-0.20009765,0.36990234,-0.5800977,0.109902345,-0.37009767,-1.0500977,0.019902343,0.31990233,-0.38009766,0.08990234,0.069902346,-0.42009765,-0.46009767,-0.65009767,-0.92009765,-1.2300977
0.93990237,0.95990235,1.6499023,2.0199022,2.1299024,1.9499023,1.9399023,2.7199023,3.2799025,1.3299023,1.1199024,2.0899024,1.0599023,1.3199023,2.6499023,3.5899024,0.14990234,0.70990235,-0.44009766,1.1399024,0.70990235,0.87990236,0.75990236,0.19990234,0.37990233,0.29990235,-0.84009767,-0.25009766,0.34990233,1.2699023,0.26990235,-1.4800977,-2.2700977,0.12990235,0.64990234,-2.3300977,-1.5600977,-1.0200976,-3.3900976,-3.9300976,-2.6300976,-0.31009766,-0.8800976,-0.97009766,-1.3900976,-1.4100976,-1.4500977,-1.3900976,-0.67009765,-0.12009766,-0.81009763,0.17990234,-1.3100977,-1.8300977,-1.6200976,-1.5600977,-2.3200977
0.35990235,0.5499023,0.6799023,1.5099024,1.2999023,0.71990234,1.3599024,1.9699024,3.0299025,2.4499023,1.5999024,1.6899023,1.1499023,1.4699024,2.1599023,2.0299025,1.5899024,0.87990236,0.63990235,0.94990236,-0.35009766,-0.8300977,0.75990236,0.74990237,0.19990234,-1.1100976,0.49990234,0.64990234,-0.42009765,-0.18009765,0.58990234,-0.72009766,-0.6300976,0.44990236,-0.46009767,-3.5600977,-0.5100977,-3.0900977,-1.2700976,-2.9500976,-1.9000976,-0.81009763,-1.4300977,-2.4300976,-2.6400976,-2.2300978,-1.8300977,-2.0800977,-1.2300977,-0.7000977,-1.3900976,-1.6300976,-1.8800976,-2.9300976,-3.1900976,-2.1100976,-3.6100976
-0.08009765,0.20990235,0.6199024,0.93990237,1.1799023,0.59990233,1.7799023,1.6599023,1.3299023,2.6499023,2.1199024,1.4099023,1.2499024,3.2099023,1.7799023,0.71990234,3.1499023,2.0399024,-0.20009765,-0.24009766,-0.5700977,-0.13009766,0.23990235,-0.40009767,0.109902345,0.56990236,0.57990235,-0.18009765,-0.09009766,1.7499024,2.1899023,-1.5600977,-0.85009766,0.21990234,-1.5100976,-3.1200976,-1.7200977,-1.9500977,-2.6800976,-1.5600977,-3.0900977,-1.2100977,-2.1000977,-2.4100976,-2.5200977,-1.6500976,-2.0100977,-2.0800977,-2.1900976,-2.4400976,-2.9400976,-3.7200975,-4.150098,-3.8200977,-4.210098,-4.3500977,-4.1400976
-0.67009765,-0.26009765,0.28990233,0.6099023,1.1899023,1.0399023,1.0199023,1.2299024,1.9399023,1.5199023,3.4499023,2.4399023,1.2899023,0.9199023,3.3899024,3.0999024,3.4199023,1.3699024,-0.9500977,-0.43009767,0.5499023,-0.39009765,0.7899023,0.8699024,-0.49009764,-0.34009767,-1.4900976,-0.44009766,0.22990234,-0.7100977,1.8099023,-0.18009765,-2.0100977,1.0999024,-2.5600977,-1.6000977,-2.2600977,-2.4200976,-1.8300977,0.9799023,-3.3400977,-1.5900977,-1.8700976,-2.5100977,-1.9800977,-2.2600977,-2.5300977,-3.0900977,-3.4400976,-4.3300977,-4.730098,-5.8100977,-4.4500976,-4.5400977,-4.6000977,-4.9900975,-4.6800976
-1.5300976,-0.50009763,-0.09009766,0.32990235,0.28990233,0.40990233,0.6199024,0.76990235,1.0399023,1.2299024,3.4599023,1.8299023,2.2499022,4.1599026,3.0899024,2.8199024,1.8399024,1.3499024,-0.65009767,-2.5700977,-0.29009765,-0.060097657,1.5299023,-0.14009766,-0.84009767,-0.74009764,-2.1800976,0.17990234,0.5399023,-0.74009764,-1.3100977,0.75990236,-0.7700977,1.0499023,-2.3900976,-0.87009764,-3.4100976,-0.5200977,-1.8400977,-4.670098,-4.5700974,-2.1800976,-2.4600976,-2.9800978,-3.5800977,-4.210098,-3.9500976,-4.360098,-5.150098,-5.4300976,-6.4300976,-6.1200976,-4.880098,-5.3700976,-4.8500977,-4.8500977,-4.6800976
-1.7000977,-0.8900977,-0.86009765,-0.74009764,-0.23009765,-0.050097656,0.07990234,0.8599023,0.36990234,0.6799023,1.5799023,2.2499022,1.7099023,2.2999024,3.3999023,1.3299023,-0.85009766,-0.010097656,0.70990235,-1.2400976,-0.8300977,0.77990234,0.62990236,-1.5800977,1.4799024,-1.4600977,-1.0100976,1.4499023,-0.39009765,-1.8600976,0.7399023,-0.060097657,1.4099023,-0.69009763,-1.7400976,-2.3300977,-3.8500977,1.0899024,-0.24009766,-1.5700977,-4.880098,-2.7500978,-3.0600977,-3.5200977,-5.5300975,-5.9500976,-5.8700976,-6.4300976,-6.8500977,-6.7400975,-6.5100975,-5.7900977,-6.3300977,-5.5000978,-5.980098,-5.1200976,-5.440098
-2.3600976,-1.9400977,-1.8900976,-1.4200977,-0.60009766,-0.13009766,-0.49009764,0.029902345,0.38990235,-0.100097656,-2.2000976,1.4199023,2.3299024,4.1999025,2.1999023,1.3499024,-1.5100976,-0.46009767,1.4299023,-1.3800976,-1.6200976,0.9199023,-1.1300976,-0.14009766,1.5499023,-1.0400977,-0.69009763,-0.78009766,1.7699023,-0.86009765,1.3099023,-2.4300976,2.2099023,-1.3700976,-1.9300977,-3.0300977,0.5399023,1.1199024,-2.3800976,-1.8100977,-6.0200977,-4.3300977,-3.2100976,-4.0000978,-6.0500975,-6.0600977,-6.610098,-7.7200975,-8.380097,-7.610098,-6.8100977,-7.110098,-6.7900977,-6.7800975,-6.5900974,-6.9300976,-6.4500976
-2.8900976,-2.4600976,-2.3700976,-1.8900976,-1.6800977,-1.2200977,-0.78009766,-0.60009766,0.69990236,-0.020097656,-0.54009765,1.1099024,2.6399024,3.7799025,4.0299025,3.8399024,-1.9100976,-0.32009766,0.8699024,-1.9200977,-0.73009765,-0.50009763,0.6699023,-0.43009767,0.6799023,-1.9200977,-0.36009765,-0.93009764,0.43990234,-1.6400976,-0.75009763,-2.3100977,-0.8200977,-1.4500977,1.2099023,0.30990234,-0.92009765,-0.060097657,-2.1700976,-1.9400977,-6.3100977,-4.0900974,-3.7800977,-4.6000977,-6.980098,-6.1400976,-6.3500977,-8.190098,-8.900098,-8.620098,-7.5900974,-7.2900977,-7.0300975,-7.4100976,-7.5200977,-7.1600976,-7.610098
