json/gfs_20240723_12.json
{"header": { "discipline":0, "disciplineName":"Meteorological products", "gribEdition":2, "gribLength":79959, "center":7, "centerName":"US National Weather Service - NCEP(WMC)", "subcenter":0, "refTime":"2024-07-23T12:00:00.000Z", "significanceOfRT":1, "significanceOfRTName":"Start of forecast", "productStatus":0, "productStatusName":"Operational products", "productType":1, "productTypeName":"Forecast products", "productDefinitionTemplate":0, "productDefinitionTemplateName":"Analysis/forecast at horizontal level/layer at a point in time", "parameterCategory":2, "parameterCategoryName":"Momentum", "parameterNumber":2, "parameterNumberName":"U-component_of_wind", "parameterUnit":"m.s-1", "genProcessType":2, "genProcessTypeName":"Forecast", "forecastTime":0, "surface1Type":103, "surface1TypeName":"Specified height level above ground", "surface1Value":10.0, "surface2Type":255, "surface2TypeName":"Missing", "surface2Value":0.0, "gridDefinitionTemplate":0, "gridDefinitionTemplateName":"Latitude_Longitude", "numberPoints":65160, "shape":6, "shapeName":"Earth spherical with radius of 6,371,229.0 m", "gridUnits":"degrees", "resolution":48, "winds":"true", "scanMode":0, "nx":360, "ny":181, "basicAngle":0, "lo1":0.0, "la1":90.0, "lo2":359.0, "la2":-90.0, "dx":1.0, "dy":1.0 }, "data":
[rows 0 to 25 of 181, columns 171 to 227 of 360]
-4.2009206,-4.2909203,-4.3809204,-4.4709206,-4.5509205,-4.6409206,-4.7209206,-4.8009205,-4.8809204,-4.9609203,-5.0409203,-5.1109204,-5.1909204,-5.2609205,-5.33092,-5.4009204,-5.4709206,-5.5309205,-5.60092,-5.6609206,-5.7209206,-5.7809205,-5.8409204,-5.8909206,-5.9409204,-6.0009203,-6.0509205,-6.0909204,-6.1409206,-6.1909204,-6.2309203,-6.2709203,-6.3109202,-6.3409204,-6.3809204,-6.4109206,-6.4409204,-6.4709206,-6.5009203,-6.5209203,-6.5509205,-6.5709205,-6.5909204,-6.60092,-6.62092,-6.6309204,-6.6409206,-6.6509204,-6.6609206,-6.6609206,-6.6709204,-6.6709204,-6.6709204,-6.6609206,-6.6609206,-6.6509204,-6.6409206
-4.4409204,-4.5109205,-4.58092,-4.6509204,-4.7209206,-4.8009205,-4.8609204,-4.9209204,-4.9809203,-5.0409203,-5.0909204,-5.1309204,-5.1709204,-5.2109203,-5.2409205,-5.2709203,-5.2909203,-5.3109202,-5.3409204,-5.37092,-5.4009204,-5.4209204,-5.4309206,-5.4409204,-5.4509206,-5.4509206,-5.4709206,-5.4909205,-5.5109205,-5.5209203,-5.5409203,-5.5409203,-5.5509205,-5.5409203,-5.5309205,-5.5209203,-5.5109205,-5.4909205,-5.4609203,-5.4409204,-5.4109206,-5.3909206,-5.35092,-5.3109202,-5.2709203,-5.2309203,-5.2109203,-5.1909204,-5.1709204,-5.1509204,-5.1309204,-5.10092,-5.0609202,-5.0309205,-4.9909205,-4.9609203,-4.9409204
-5.2509203,-5.3209205,-5.3809204,-5.4309206,-5.4909205,-5.5309205,-5.58092,-5.62092,-5.6609206,-5.6909204,-5.7209206,-5.7509203,-5.7709203,-5.8009205,-5.83092,-5.85092,-5.8609204,-5.8609204,-5.85092,-5.8409204,-5.8209205,-5.7909203,-5.7409205,-5.7109203,-5.6709204,-5.62092,-5.5709205,-5.5309205,-5.4909205,-5.4609203,-5.4309206,-5.3909206,-5.3809204,-5.3609204,-5.33092,-5.3009205,-5.2609205,-5.2209206,-5.1809206,-5.1409206,-5.0909204,-5.0509205,-5.0009203,-4.9509206,-4.8909206,-4.8209205,-4.7909203,-4.7609205,-4.7209206,-4.7009206,-4.6609206,-4.6309204,-4.5909204,-4.5509205,-4.5009203,-4.4609203,-4.4009204
-6.85092,-6.9409204,-7.0309205,-7.10092,-7.1609206,-7.2109203,-7.2609205,-7.33092,-7.37092,-7.3909206,-7.4109206,-7.4209204,-7.4309206,-7.4209204,-7.4209204,-7.4109206,-7.4009204,-7.3809204,-7.37092,-7.3409204,-7.3109202,-7.2809205,-7.2109203,-7.1309204,-7.0309205,-6.9509206,-6.87092,-6.7909203,-6.6609206,-6.5209203,-6.3909206,-6.2709203,-6.1409206,-5.9309206,-5.7109203,-5.4609203,-5.2009206,-5.0009203,-4.83092,-4.6709204,-4.4909205,-4.3209205,-4.1609206,-3.9909203,-3.8209205,-3.7109203,-3.5809205,-3.4509203,-3.4309204,-3.4809203,-3.5309205,-3.5709205,-3.5709205,-3.5609205,-3.5009203,-3.4009204,-3.2909205
-5.37092,-5.33092,-5.3009205,-5.2309203,-5.1709204,-5.12092,-5.0709205,-5.0209203,-5.0009203,-4.9909205,-4.9909205,-4.9909205,-5.0109205,-5.0409203,-5.0709205,-5.1109204,-5.1509204,-5.2109203,-5.2809205,-5.3609204,-5.4409204,-5.5009203,-5.5709205,-5.6809206,-5.7909203,-5.83092,-5.8409204,-5.87092,-5.8909206,-5.87092,-5.8609204,-5.83092,-5.7709203,-5.6709204,-5.58092,-5.4709206,-5.3409204,-5.1509204,-4.9509206,-4.7109203,-4.4509206,-4.1809206,-3.9409204,-3.7109203,-3.5109205,-3.3509204,-3.2009203,-3.0309205,-2.8709204,-2.7209203,-2.6509204,-2.6309204,-2.6309204,-2.5809205,-2.5409205,-2.3909204,-2.2209203
0.3390796,0.2090796,0.1290796,0.1290796,0.24907959,0.34907958,0.4190796,0.4190796,0.3590796,0.3090796,0.28907958,0.3290796,0.37907958,0.4590796,0.57907957,0.6890796,0.7890796,0.9190796,1.0690796,1.1890796,1.2890795,1.3490796,1.3790796,1.3690796,1.2990795,1.1990796,1.0990796,0.9390796,0.8090796,0.6890796,0.5890796,0.51907957,0.4290796,0.2690796,0.06907959,-0.25092041,-0.67092043,-1.1209204,-1.6209204,-2.1309204,-2.5109205,-2.8009205,-2.9609203,-2.9809203,-2.9109204,-2.7109203,-2.4509203,-2.1309204,-1.8509204,-1.6809204,-1.5109204,-1.3709204,-1.3109204,-1.3309205,-1.3209205,-1.3009204,-1.1609204
1.2690796,1.2090796,1.1190796,1.0490795,1.0190796,1.0090796,1.0190796,1.0490795,1.0890796,1.1290796,1.1890796,1.2290796,1.3090796,1.4190795,1.5390795,1.6790795,1.8290796,1.9590796,2.0590796,2.1690795,2.2690797,2.3790796,2.4990797,2.6090796,2.7290795,2.8390796,2.9490795,3.0390797,3.1290796,3.1990795,3.2590797,3.2990797,3.3490796,3.3790796,3.4190795,3.4290795,3.4090796,3.3490796,3.2590797,3.1390796,3.0390797,2.9390795,2.7890797,2.4690795,2.0290797,1.5490795,1.0790796,0.6090796,0.11907959,-0.4709204,-0.8709204,-0.9309204,-0.67092043,-0.17092042,0.40907958,0.8790796,1.0990796
2.4190795,2.4490795,2.4790795,2.4990797,2.4690795,2.4790795,2.5790796,2.5390797,2.7690797,2.7090795,2.7490797,3.4290795,3.7590797,3.7890797,3.3590796,3.0390797,3.0990796,2.9990797,2.8790796,2.6490796,2.4990797,2.4390795,2.4190795,2.5090797,2.6790795,2.9090796,3.0990796,3.2790797,3.4390795,3.6790795,3.9390795,4.0690794,4.1090794,4.16908,4.2890797,4.39908,4.5290794,4.7190795,4.8590794,4.9290795,5.0590796,5.16908,5.1890798,5.0890794,4.9490795,4.8290796,4.64908,4.4890795,4.3290796,3.8590796,3.2990797,2.9090796,2.8390796,2.5890796,1.9090796,1.2290796,1.2190796
2.8690796,2.6990795,2.6090796,2.4890795,2.3490796,2.2090795,2.0090797,1.8890796,1.7690796,1.6790795,1.5790796,1.4990796,1.4490796,1.4090796,1.3890796,1.3890796,1.4190795,1.4690796,1.5290796,1.5690796,1.5690796,1.5690796,1.6190796,1.7590796,1.9490796,2.0990796,2.2390795,2.4090796,2.6290796,2.8590796,3.1090796,3.3390796,3.5290797,3.7190795,3.9090796,4.1090794,4.2790794,4.4290795,4.62908,4.8390794,4.9890795,5.0890794,5.12908,5.1790795,5.2090797,5.2590795,5.3290796,5.4690795,5.5390797,5.5690794,5.4890795,5.2890797,5.0490794,4.6390796,4.2790794,3.9590795,3.5890796
2.3590796,2.1690795,2.1190796,1.9590796,1.7090796,1.4590796,1.2590796,1.0390795,0.8190796,0.5690796,0.34907958,0.17907959,0.08907959,-0.06092041,-0.19092041,-0.2909204,-0.2909204,-0.19092041,-0.08092041,0.03907959,0.06907959,0.19907959,0.3290796,0.4190796,0.6090796,0.5390796,0.57907957,0.82907957,1.0890796,1.3390796,1.5590796,1.8490796,2.1990795,2.5290797,2.8590796,3.1590796,3.4990797,3.8290796,4.1090794,4.3590794,4.6090794,4.9090796,5.2190795,5.4590797,5.6590796,5.8890796,6.0590796,6.12908,6.16908,6.2890797,6.4690795,6.6190796,6.5290794,6.2290797,5.8390794,5.4090796,5.1590796
2.0690796,1.7990795,1.5590796,1.2990795,1.0290796,0.70907956,0.4890796,0.2090796,0.01907959,0.04907959,0.13907959,0.1290796,0.09907959,-0.2009204,-0.12092041,0.0090795895,-0.04092041,-0.2009204,-0.06092041,0.2690796,0.14907959,-0.06092041,0.08907959,0.3590796,0.5390796,1.0990796,1.7190796,1.8490796,1.8390796,1.8990796,1.8590796,1.8390796,1.9090796,1.9390796,2.2190795,2.7090795,2.9890795,3.0190797,3.0490797,3.2990797,3.6190796,3.8090796,4.0190797,4.4490795,5.0190797,5.5490794,5.9290795,6.14908,6.2690797,6.2690797,6.2190795,6.12908,6.1090794,6.1390796,6.2290797,6.2890797,6.2690797
1.9190795,1.8590796,1.7390796,1.7390796,2.4490795,2.2890797,1.8790796,2.5390797,2.4390795,3.5690796,1.8090796,2.0490797,2.8890796,2.5490797,2.7990797,3.2990797,3.7190795,3.5790796,3.5390797,3.6290796,3.6190796,3.4990797,3.5290797,3.6690795,3.3390796,2.8990796,2.9490795,3.2990797,3.9490795,4.3890796,4.5190797,4.5190797,4.7490797,5.1790795,5.5590796,5.5390797,5.4090796,5.3590794,5.1590796,4.7590795,4.6890798,4.5190797,4.5890794,4.5090795,4.6890798,4.7990794,4.6890798,5.0490794,5.4790797,5.5990796,5.7190795,6.0890794,6.2690797,6.3890796,6.4490795,6.3390794,6.2290797
2.7390795,2.8490796,2.6390796,2.8690796,3.0290797,3.1590796,3.0890796,3.2790797,2.9990797,3.6990795,4.2890797,4.37908,4.4390798,4.3190794,4.0590796,3.9890795,4.2190795,3.9590795,3.6490796,3.6290796,3.7290795,3.9290795,4.0390797,4.4390798,4.7190795,4.8090796,4.4390798,4.4990797,4.4990797,4.9690795,5.6990795,6.12908,6.2090797,6.0490794,6.0590796,5.9290795,6.12908,6.4690795,6.5090795,6.6390796,6.9890795,7.3190794,7.1890798,6.7490797,6.5390797,6.4290795,6.2190795,5.9690795,5.7790794,5.4490795,4.9490795,4.7290797,5.4490795,6.6890798,6.5590796,6.62908,6.8190794
2.8190796,3.4390795,3.3790796,3.1290796,3.0490797,3.3590796,3.7190795,3.6290796,3.5990796,3.8690796,4.14908,4.0090795,3.4290795,3.1190796,2.8890796,2.7090795,2.8690796,3.0590796,3.5290797,3.7390795,3.8190796,4.0190797,4.0390797,3.8090796,3.5890796,3.8490796,3.9490795,3.8790796,3.7290795,3.3890796,3.7090795,3.9490795,4.4590797,4.9090796,4.8190794,4.5890794,4.3190794,4.16908,4.1790795,4.5590796,5.0790796,5.5790796,6.0890794,6.37908,6.4290795,6.7490797,7.1890798,7.5090795,7.2490797,6.7390795,6.5190797,6.4890795,6.41908,6.0890794,5.8690796,6.0790796,6.2990794
2.7990797,2.9690795,2.8190796,2.7890797,2.9290795,2.6990795,2.3990796,2.4290795,2.3690796,2.3790796,2.4390795,1.7490796,1.4890796,1.7290796,2.0290797,2.2390795,2.6390796,2.9590795,2.9390795,2.7090795,2.5290797,2.4490795,2.3690796,2.5990796,2.2790797,2.4590795,2.4690795,2.3390796,2.3590796,2.3890796,2.5090797,2.6990795,2.7090795,2.7490797,2.9190795,2.8790796,3.1090796,3.3990796,3.6390796,4.12908,4.4290795,4.4090796,5.0490794,5.3390794,4.9590797,5.4690795,5.6790795,5.7890797,5.8490796,6.3890796,6.8090796,6.6590796,6.41908,6.3490796,6.2490797,5.5690794,5.4590797
1.5390795,1.4690796,1.2290796,1.0890796,0.5290796,0.6390796,1.1190796,1.1190796,0.9090796,0.7490796,0.4790796,-0.12092041,0.2690796,0.57907957,1.0990796,1.5690796,1.8390796,1.8990796,1.7590796,1.2890795,1.2690796,1.2590796,1.1990796,1.0090796,0.8690796,0.7590796,0.8790796,1.1690795,1.6090796,1.7690796,1.4490796,1.3990796,1.6890796,2.0290797,2.1590796,2.3490796,2.2790797,2.3090796,2.3590796,2.2790797,2.6490796,3.0290797,3.3590796,3.5790796,3.8290796,3.8790796,3.8190796,4.0090795,4.5590796,4.8690796,5.4090796,6.1090794,6.2490797,5.7990794,5.62908,5.5490794,5.39908
-0.2709204,-0.5509204,-0.7809204,-0.6609204,-0.5309204,-0.5109204,-0.5509204,-0.9109204,-1.2509204,-1.3409204,-1.1709204,-0.9409204,-0.85092044,-1.1109204,-0.6909204,-0.2609204,-0.2309204,-0.1509204,-0.01092041,-0.04092041,-0.08092041,-0.3909204,-0.7009204,-0.8809204,-0.8909204,-0.73092043,-0.85092044,-0.54092044,-0.3009204,-0.28092042,-0.2309204,-0.17092042,-0.01092041,0.4490796,0.49907959,0.5090796,0.8890796,1.0390795,1.3190796,2.1090796,2.2890797,1.8490796,1.9390796,2.1090796,2.3390796,2.5790796,2.8690796,3.3790796,3.8190796,3.6890795,3.8390796,4.0390797,4.2190795,4.4090796,4.4390798,4.4890795,4.89908
-0.8609204,-1.8109204,-1.7309204,-1.4909204,-1.5109204,-1.7209204,-2.1309204,-1.4709204,-2.4709203,-3.0009203,-2.8809204,-2.4609203,-2.0109205,-2.2109203,-1.9109204,-1.3709204,-1.0509204,-0.92092043,-1.0009204,-1.0509204,-1.1509204,-1.1009204,-1.1909204,-1.3309205,-1.5609204,-2.2609205,-2.5709205,-2.4209204,-2.2509203,-2.0609205,-2.0409205,-1.8109204,-1.7509204,-1.9809204,-1.9309204,-1.7009205,-1.3409204,-1.1209204,-1.0309204,-0.22092041,0.3990796,0.3390796,0.51907957,0.89907956,0.89907956,0.9490796,2.4090796,2.6890795,3.0990796,2.5490797,3.1190796,3.1090796,2.9990797,2.9190795,3.1190796,3.1690795,3.2690797
-2.5909204,-2.0809205,-3.3409204,-2.8209205,-2.0809205,-1.8709204,-1.0409204,0.16907959,-1.0709205,-2.9009204,-3.9609203,-3.8509204,-2.8509204,-2.2909205,-1.9909204,-1.6209204,-1.6909204,-1.3809204,-1.3109204,-1.2709204,-1.0809205,-1.1909204,-1.6009204,-1.4809204,-1.5309204,-1.5709205,-1.8609204,-2.1309204,-2.5409205,-2.9409204,-3.0709205,-4.5009203,-4.1309204,-3.6109204,-3.1809204,-3.0409205,-2.8109205,-2.5709205,-2.6509204,-2.6409204,-2.6409204,-2.5009203,-1.8009204,-1.8509204,-2.3909204,-2.5909204,-2.5809205,-2.6409204,-1.1209204,-0.6309204,-0.6109204,-0.4409204,0.11907959,0.5490796,0.7790796,0.9890796,1.4190795
0.8490796,-0.7609204,-0.8109204,-2.4009204,-4.1409206,-5.4909205,-7.6609206,-7.3909206,-4.3609204,-1.8509204,-0.9709204,-0.03092041,-0.4209204,-2.1709204,-2.4209204,-2.5909204,-2.7209203,-2.4109204,-2.1309204,-1.6109204,-0.8409204,-0.7509204,-0.43092042,-0.4809204,-0.01092041,0.24907959,-0.10092041,-0.09092041,0.34907958,0.51907957,-1.7309204,-2.7709205,-2.8509204,-2.6609204,-2.8109205,-4.2309203,-4.83092,-4.9509206,-5.1309204,-3.2809205,-3.2509203,-3.1509204,-3.1109204,-2.7809205,-3.2409203,-4.1609206,-4.3109202,-3.9809203,-3.9009204,-3.4409204,-3.3909204,-3.1309204,-2.7409203,-2.2709205,-2.0609205,-1.9609205,-1.7709204
-0.8709204,2.0490797,-1.2209204,0.9990796,1.1590796,-0.6809204,-2.4209204,-3.0009203,-2.8809204,-3.0509205,-3.4109204,-3.5709205,-3.2609205,-3.3309205,-3.1909204,-3.3909204,-2.6309204,-1.8609204,-1.3409204,-1.1609204,-0.6109204,-0.5609204,-0.21092041,-0.5009204,-0.10092041,0.31907958,0.40907958,-0.3009204,-1.1609204,-1.5809205,-1.8809204,-1.5409204,-1.2909204,-0.73092043,-1.0009204,-1.1009204,-1.5209204,-1.3309205,-1.2409204,-2.1009204,-2.3409204,-2.2509203,-2.9309204,-3.1809204,-4.37092,-4.1409206,-3.4309204,-3.0809205,-3.1609204,-2.8409204,-2.9709203,-2.9109204,-2.7009203,-2.6909204,-2.9009204,-3.2809205,-3.7309203
-4.1109204,-2.9209204,-2.1309204,-0.7009204,-0.5809204,0.9090796,1.0590796,1.8690796,2.3590796,0.6990796,-1.6909204,-1.3609204,-2.1009204,-2.3209205,-2.8609204,-2.4109204,-2.0209205,-2.0809205,-1.7109205,-0.4709204,0.37907958,0.5690796,0.5290796,-0.31092042,-1.0109204,-0.6209204,-9.2041015E-4,-0.3209204,-0.7809204,-1.0809205,-0.9409204,-1.1109204,-1.2309204,-0.98092043,-1.2209204,-1.1009204,-1.0909204,-1.0609204,-0.67092043,-0.5509204,-0.31092042,-0.3209204,-0.3309204,-0.16092041,0.8190796,-0.04092041,-1.0209204,-0.7109204,-0.73092043,-0.9109204,-1.2009205,0.70907956,0.7590796,1.3290796,-0.8709204,-0.8009204,-0.9309204
-0.4809204,-2.5309205,-1.9209204,-0.9709204,-0.09092041,-0.7409204,-0.3209204,2.3090796,1.3290796,1.8590796,2.5190797,2.9590795,4.8290796,1.0990796,0.4190796,0.2990796,0.1590796,-0.34092042,-1.0509204,-1.2209204,-1.1109204,-0.46092042,0.40907958,0.1290796,0.34907958,0.18907958,-0.22092041,-1.1409204,0.46907958,-0.9309204,0.13907959,-1.2609204,-1.3109204,-0.8409204,-1.2209204,-0.2309204,-0.60092044,-1.7209204,-0.9309204,-1.0209204,-0.6809204,-1.0309204,0.18907958,-0.5909204,0.4290796,-2.3609204,-2.5409205,-3.6709204,-1.3109204,-0.4709204,-3.1909204,-2.1909204,-1.9009204,-0.2309204,0.70907956,-0.12092041,-2.1309204
0.0090795895,-1.0509204,-1.6809204,-0.8809204,-1.3609204,-1.4609205,1.3090796,0.7890796,1.2390796,1.7690796,1.7890795,2.2690797,1.8790796,1.5990796,1.8490796,2.2590797,1.8990796,2.1490796,-0.6609204,-0.4409204,-1.4209204,-0.8309204,-0.3209204,-0.9009204,-0.01092041,0.7290796,1.4690796,1.3190796,0.03907959,0.6890796,0.5290796,0.5090796,1.0690796,0.6690796,1.1190796,-0.7409204,-0.37092042,0.2990796,-0.7209204,-1.1809204,0.25907958,0.21907958,-0.2609204,-0.9009204,-3.1609204,-3.6509204,-3.2109203,-2.5409205,-2.0909204,-1.3909204,0.09907959,-1.4409204,-3.3209205,-1.9409204,1.2190796,2.2490797,1.4590796
-1.5209204,-1.0409204,0.5090796,-2.6609204,-1.1409204,-0.9509204,0.4490796,-1.2609204,-1.2809204,-0.9609204,1.4890796,1.3190796,1.3790796,1.5890796,1.5590796,1.5390795,-0.28092042,1.0190796,0.9190796,0.3890796,1.6090796,-1.0709205,-1.7209204,-1.3809204,-1.0809205,-9.2041015E-4,0.7790796,1.4390796,1.5290796,0.2990796,0.49907959,2.1490796,2.9090796,-0.5109204,-0.1509204,0.6290796,1.4890796,1.0490795,1.3390796,1.5890796,1.0290796,0.57907957,1.3790796,1.3290796,1.8690796,0.6590796,-0.3909204,-0.050920412,-0.9909204,-1.0709205,0.3390796,-3.7009203,-3.3509204,-1.8609204,-0.8909204,0.1590796,3.0390797
1.5690796,-0.73092043,-2.3709204,-5.33092,-2.1709204,-4.1109204,-2.7409203,-2.5009203,-1.0509204,-0.9409204,-1.7909204,-2.2209203,-2.0409205,-0.73092043,0.7190796,0.8090796,0.7290796,0.25907958,0.7290796,2.2790797,2.4790795,2.1290796,1.3890796,-1.1809204,-0.4509204,-0.34092042,-1.2309204,0.8090796,0.4590796,-0.7709204,1.2690796,1.4690796,-0.7709204,0.6790796,1.1890796,0.2390796,0.89907956,1.2190796,0.7390796,-0.09092041,-0.46092042,0.16907959,-0.7709204,-0.85092044,-1.3409204,-0.04092041,0.70907956,0.5990796,-0.7209204,0.5590796,-0.2309204,-0.8409204,-0.6309204,-1.4509205,1.1390796,0.4590796,-0.34092042
