json/gfs_20240723_06.json
{"header": { "discipline":0, "disciplineName":"Meteorological products", "gribEdition":2, "gribLength":79226, "center":7, "centerName":"US National Weather Service - NCEP(WMC)", "subcenter":0, "refTime":"2024-07-23T06:00:00.000Z", "significanceOfRT":1, "significanceOfRTName":"Start of forecast", "productStatus":0, "productStatusName":"Operational products", "productType":1, "productTypeName":"Forecast products", "productDefinitionTemplate":0, "productDefinitionTemplateName":"Analysis/forecast at horizontal level/layer at a point in time", "parameterCategory":2, "parameterCategoryName":"Momentum", "parameterNumber":2, "parameterNumberName":"U-component_of_wind", "parameterUnit":"m.s-1", "genProcessType":2, "genProcessTypeName":"Forecast", "forecastTime":0, "surface1Type":103, "surface1TypeName":"Specified height level above ground", "surface1Value":10.0, "surface2Type":255, "surface2TypeName":"Missing", "surface2Value":0.0, "gridDefinitionTemplate":0, "gridDefinitionTemplateName":"Latitude_Longitude", "numberPoints":65160, "shape":6, "shapeName":"Earth spherical with radius of 6,371,229.0 m", "gridUnits":"degrees", "resolution":48, "winds":"true", "scanMode":0, "nx":360, "ny":181, "basicAngle":0, "lo1":0.0, "la1":90.0, "lo2":359.0, "la2":-90.0, "dx":1.0, "dy":1.0 }, "data":
[rows 78 to 103 of 181, columns 118 to 176 of 360]
9.812793,9.462793,6.292793,6.992793,7.182793,2.442793,6.392793,3.762793,3.922793,3.402793,1.722793,-1.927207,-0.057207033,0.95279294,1.9227929,2.992793,0.532793,-1.257207,-0.69720703,-0.957207,-1.197207,-3.327207,-3.207207,-4.717207,-3.697207,-2.907207,-4.157207,-4.857207,-5.027207,-4.957207,-5.327207,-5.747207,-6.077207,-6.057207,-6.257207,-6.107207,-6.037207,-6.687207,-7.177207,-6.077207,-6.6472073,-6.457207,-7.277207,-7.797207,-7.677207,-7.537207,-6.907207,-6.627207,-6.387207,-6.087207,-6.517207,-7.007207,-6.887207,-6.227207,-5.717207,-6.197207,-5.907207,-5.467207,-5.577207
8.172793,7.822793,4.382793,5.972793,2.152793,6.782793,3.242793,2.512793,5.482793,2.562793,2.202793,-0.32720703,0.49279296,0.912793,1.442793,4.022793,0.13279296,-0.80720705,0.40279296,-0.92720705,-1.9672071,-3.0372071,-4.027207,-4.4172072,-4.057207,-3.727207,-4.057207,-4.9172072,-4.807207,-5.127207,-4.957207,-6.057207,-5.9172072,-5.677207,-6.117207,-6.1472073,-7.077207,-6.807207,-7.217207,-7.137207,-7.097207,-6.697207,-6.857207,-7.277207,-7.317207,-7.207207,-7.427207,-6.737207,-6.527207,-6.597207,-6.907207,-6.407207,-6.617207,-6.347207,-6.107207,-5.317207,-4.977207,-5.347207,-4.957207
7.092793,1.7827929,5.672793,5.322793,4.842793,2.532793,3.262793,6.172793,5.572793,1.1427929,0.88279295,0.15279298,1.362793,2.292793,1.832793,2.4727929,1.562793,4.022793,-0.907207,-0.45720702,-1.757207,-2.757207,-3.427207,-3.177207,-4.557207,-4.3972073,-4.357207,-4.737207,-4.267207,-4.707207,-4.687207,-5.197207,-5.697207,-5.277207,-5.747207,-6.297207,-7.347207,-7.347207,-6.037207,-6.017207,-6.127207,-5.627207,-6.047207,-6.557207,-6.867207,-6.977207,-6.997207,-6.697207,-6.697207,-6.827207,-6.727207,-6.257207,-6.457207,-6.067207,-5.607207,-4.817207,-4.717207,-4.477207,-4.407207
1.5427929,5.892793,5.182793,4.342793,4.8527927,4.902793,6.772793,5.382793,-1.307207,1.062793,0.75279295,-2.417207,1.222793,3.392793,1.682793,6.292793,0.16279297,1.862793,1.982793,-1.5772071,-0.647207,-0.88720703,-3.587207,-2.687207,-3.227207,-3.0272071,-3.7772071,-4.597207,-4.407207,-3.877207,-3.667207,-4.037207,-4.187207,-4.217207,-5.287207,-5.637207,-7.127207,-6.437207,-5.317207,-5.047207,-4.8972073,-5.6472073,-5.117207,-4.997207,-6.017207,-6.687207,-6.497207,-6.9172072,-6.717207,-6.227207,-6.607207,-5.957207,-6.4172072,-5.957207,-4.967207,-4.457207,-4.547207,-3.747207,-3.0172071
5.972793,1.242793,2.912793,3.122793,3.602793,0.522793,2.622793,0.21279296,-0.56720704,0.21279296,0.982793,0.15279298,0.49279296,3.162793,3.652793,5.732793,3.642793,1.0427929,2.062793,1.572793,0.41279298,-0.087207034,-0.31720704,-0.847207,0.51279294,-1.0972071,-3.5172071,-4.367207,-4.307207,-3.557207,-2.5172071,-1.947207,-1.697207,-2.497207,-2.877207,-4.057207,-3.917207,-3.447207,-4.507207,-4.927207,-4.937207,-5.237207,-4.457207,-4.327207,-4.557207,-5.747207,-6.347207,-6.4172072,-6.157207,-5.9172072,-5.787207,-5.517207,-6.157207,-5.727207,-5.007207,-4.867207,-4.497207,-3.227207,-2.677207
0.902793,1.582793,2.892793,2.9727929,2.162793,2.162793,2.512793,2.392793,0.782793,3.062793,2.952793,1.692793,1.582793,3.032793,4.162793,4.1027927,3.952793,2.672793,3.032793,0.33279297,0.88279295,1.112793,0.05279297,1.432793,-0.27720702,-1.877207,-3.147207,-4.047207,-3.847207,-2.847207,-2.107207,-1.377207,-0.537207,-1.4772071,-1.747207,-1.737207,-2.547207,-2.397207,-3.177207,-4.287207,-4.957207,-4.437207,-4.277207,-4.6672072,-4.577207,-4.827207,-5.157207,-4.657207,-4.847207,-5.197207,-4.9172072,-4.847207,-4.937207,-5.367207,-5.337207,-4.387207,-2.747207,-2.687207,-2.7672071
-0.69720703,1.082793,2.2327929,0.87279296,1.302793,1.462793,-1.027207,0.88279295,3.032793,4.552793,3.102793,1.1427929,1.612793,2.672793,3.682793,4.162793,3.172793,3.572793,3.532793,1.802793,2.292793,1.7727929,0.33279297,-1.687207,-0.43720704,-2.467207,-2.737207,-3.5172071,-2.617207,-2.447207,-2.0272071,-1.187207,-1.237207,-0.86720705,-1.4672071,-1.677207,-2.2872071,-2.297207,-2.667207,-3.377207,-3.7772071,-4.3972073,-4.027207,-4.1672072,-3.617207,-3.987207,-3.687207,-3.557207,-3.547207,-3.687207,-3.7672071,-5.1472073,-4.937207,-3.177207,-2.2772071,-2.7772071,-2.987207,-2.697207,-2.917207
-0.14720704,2.172793,2.502793,2.122793,1.322793,1.852793,2.372793,2.742793,4.822793,4.412793,3.162793,2.362793,0.22279297,3.402793,3.612793,2.932793,2.742793,2.382793,2.442793,1.712793,0.56279296,2.152793,0.36279297,1.512793,2.4827929,1.242793,0.772793,-0.17720704,-1.007207,-1.547207,-1.6072071,-1.737207,-1.8372071,-1.5972071,-1.8272071,-1.7272071,-1.557207,-1.947207,-3.0372071,-2.807207,-3.397207,-3.927207,-3.997207,-4.237207,-3.7772071,-3.007207,-3.447207,-2.887207,-2.867207,-3.497207,-4.227207,-4.3972073,-4.657207,-3.967207,-2.707207,-3.587207,-3.167207,-3.637207,-4.497207
-0.537207,2.422793,1.822793,0.842793,1.2727929,2.752793,-0.087207034,-0.25720704,1.832793,2.812793,3.182793,2.692793,5.092793,3.832793,2.312793,1.482793,1.712793,2.162793,1.1727929,1.102793,0.55279297,0.46279296,1.852793,0.092792965,3.622793,2.7327929,2.872793,1.6427929,-0.017207032,-0.03720703,-1.367207,-1.627207,-2.237207,-1.997207,-1.4572071,-1.5972071,-2.917207,-4.017207,-2.637207,-2.5272071,-3.377207,-3.397207,-3.737207,-4.027207,-3.977207,-3.907207,-3.827207,-4.057207,-4.137207,-4.087207,-4.847207,-4.967207,-4.047207,-4.087207,-4.377207,-3.797207,-3.427207,-4.447207,-4.617207
-2.977207,2.752793,1.722793,0.31279296,-1.017207,-0.25720704,-1.007207,0.15279298,0.972793,3.192793,2.152793,-0.44720703,2.9727929,3.352793,2.622793,0.662793,-0.057207033,-0.49720705,0.64279294,0.982793,1.312793,2.382793,2.812793,3.032793,3.892793,5.022793,5.312793,4.052793,1.992793,0.662793,-0.12720703,-0.80720705,-0.41720703,-1.277207,-3.077207,-4.247207,-4.027207,-4.807207,-3.657207,-3.167207,-2.347207,-3.387207,-3.7872071,-5.157207,-4.677207,-4.587207,-4.437207,-4.617207,-4.967207,-4.827207,-4.977207,-5.927207,-4.9172072,-4.037207,-4.787207,-4.267207,-5.117207,-4.767207,-4.727207
0.22279297,1.482793,3.402793,0.23279297,-1.277207,-1.447207,0.602793,-1.4572071,1.242793,3.202793,-0.47720703,1.6527929,1.9227929,0.972793,0.06279297,-1.757207,-2.0172071,-2.697207,-1.037207,-0.667207,1.312793,3.382793,4.112793,4.412793,3.002793,4.402793,4.8327928,4.562793,3.7127929,2.262793,1.352793,-1.167207,-2.507207,-2.0272071,-3.007207,-4.987207,-3.327207,-3.997207,-2.937207,-2.977207,-3.477207,-4.477207,-4.6672072,-5.377207,-5.1472073,-4.767207,-4.567207,-4.3972073,-4.797207,-5.077207,-5.067207,-5.637207,-5.277207,-4.677207,-4.987207,-4.267207,-4.697207,-5.047207,-3.867207
0.15279298,2.832793,0.022792969,-0.41720703,0.592793,2.322793,1.062793,2.282793,3.342793,2.312793,0.902793,1.202793,1.3927929,-2.107207,-3.477207,-3.397207,-4.1672072,-4.317207,-1.797207,-1.247207,-0.727207,0.772793,1.582793,2.112793,0.23279297,-3.867207,-2.427207,-2.127207,-2.697207,3.002793,-1.047207,-3.2772071,-4.227207,-3.657207,-3.127207,-4.177207,-4.227207,-2.977207,-2.737207,-3.477207,-4.217207,-4.347207,-4.377207,-5.637207,-5.1472073,-4.787207,-4.3972073,-4.437207,-5.017207,-5.317207,-5.307207,-5.767207,-5.627207,-5.527207,-5.567207,-4.727207,-5.317207,-5.157207,-4.957207
2.082793,3.402793,-2.857207,-0.07720703,1.872793,3.4627929,4.432793,4.842793,1.122793,0.722793,-3.257207,-1.277207,-1.777207,0.25279295,-1.697207,-4.267207,-4.617207,-5.027207,-1.627207,-1.267207,-0.0072070314,1.5327929,-2.077207,-2.0172071,-4.177207,-4.887207,-4.867207,-2.617207,-5.1472073,-2.7772071,-4.067207,-4.777207,-5.037207,-5.727207,-4.427207,-4.1672072,-4.3972073,-3.177207,-3.717207,-3.207207,-3.237207,-4.787207,-5.047207,-5.487207,-5.757207,-4.927207,-3.497207,-4.657207,-4.8972073,-4.597207,-5.467207,-5.467207,-5.217207,-6.797207,-5.8972073,-5.197207,-5.257207,-4.727207,-5.837207
3.522793,2.9627929,-1.517207,-2.347207,-0.79720706,5.302793,3.692793,0.81279296,-1.747207,-1.7272071,-2.747207,-1.737207,-4.967207,-0.027207032,-0.527207,-0.22720703,-2.7772071,-1.167207,-0.657207,-2.757207,0.95279294,0.14279297,-2.847207,-2.2872071,-1.917207,-3.607207,-1.6072071,-2.717207,-5.477207,-1.787207,-3.477207,-6.8972073,-6.047207,-7.007207,-5.757207,-5.357207,-4.757207,-3.667207,-3.7772071,-3.107207,-4.117207,-4.337207,-4.347207,-4.387207,-4.557207,-3.937207,-4.697207,-4.287207,-4.867207,-5.057207,-5.687207,-5.477207,-5.767207,-6.467207,-6.377207,-5.197207,-4.577207,-5.977207,-6.377207
2.672793,2.682793,0.14279297,-1.507207,-3.2672071,0.89279294,-0.48720703,1.342793,1.1627929,-3.007207,0.95279294,-1.557207,-4.987207,-2.187207,-4.077207,-0.54720706,1.622793,2.882793,2.172793,-0.17720704,0.022792969,1.5227929,-1.5872071,-3.2672071,-2.567207,-5.777207,-4.547207,-4.567207,-3.167207,-1.647207,-5.967207,-7.077207,-8.137207,-8.067207,-6.047207,-3.7872071,-3.547207,-4.057207,-4.277207,-4.297207,-4.087207,-4.247207,-3.837207,-4.797207,-4.697207,-4.557207,-4.237207,-4.407207,-5.567207,-6.077207,-6.997207,-6.797207,-6.317207,-6.327207,-6.347207,-5.437207,-5.637207,-6.297207,-6.1672072
-4.127207,1.8927929,-1.927207,1.692793,-1.3572071,0.35279298,-1.747207,-3.507207,-0.88720703,-8.327207,-3.707207,0.38279298,-2.317207,-5.077207,-4.227207,-1.117207,0.922793,-0.11720703,1.602793,0.792793,0.93279296,0.93279296,-0.10720703,-0.597207,-1.697207,-3.437207,-7.267207,-10.267207,-7.447207,-7.217207,-4.387207,-6.217207,-6.987207,-5.837207,-9.007207,-2.827207,-3.2772071,-4.547207,-5.177207,-5.767207,-5.007207,-5.407207,-5.307207,-5.367207,-5.507207,-5.217207,-4.967207,-4.9172072,-5.467207,-5.787207,-6.657207,-7.507207,-6.557207,-6.737207,-6.707207,-6.347207,-5.887207,-6.067207,-6.247207
-0.837207,2.2127929,-4.207207,-1.017207,-0.99720705,-0.837207,-3.477207,-4.217207,-6.287207,-4.947207,-4.157207,-4.807207,-5.567207,-5.497207,-7.117207,-2.347207,-6.457207,-0.04720703,0.26279297,0.672793,-0.15720703,-0.25720704,0.18279296,0.0027929686,-0.03720703,-1.627207,-0.827207,-9.297207,-7.757207,-8.967207,-6.6672072,-4.6472073,-4.117207,-5.317207,-6.557207,-1.637207,-2.977207,-3.797207,-4.567207,-6.1472073,-6.267207,-5.727207,-5.747207,-5.477207,-5.587207,-5.097207,-5.717207,-5.697207,-5.317207,-5.087207,-5.767207,-6.567207,-7.137207,-6.817207,-6.687207,-5.957207,-5.927207,-5.427207,-5.6472073
-6.217207,1.442793,-2.927207,-1.687207,-3.417207,-4.4172072,-4.847207,-4.817207,-5.037207,-4.967207,-3.917207,-3.907207,-7.217207,-7.357207,-6.507207,-4.977207,-7.637207,-7.197207,-7.007207,-5.597207,-2.197207,-1.627207,-0.12720703,0.14279297,-0.41720703,0.42279297,-0.087207034,0.56279296,-5.757207,-11.757207,-5.487207,-2.737207,-3.7872071,1.7827929,-3.5172071,-1.237207,0.81279296,-5.717207,-5.127207,-5.527207,-6.007207,-5.987207,-5.957207,-5.447207,-5.677207,-5.497207,-6.057207,-5.227207,-6.017207,-5.527207,-5.877207,-6.6472073,-6.617207,-6.107207,-6.177207,-5.717207,-5.337207,-5.247207,-5.537207
-7.467207,-7.787207,-8.057207,-6.837207,-5.767207,-3.937207,-2.437207,-3.727207,-5.867207,-4.3972073,-3.957207,-3.987207,-7.1472073,-7.607207,-6.797207,-6.037207,-6.247207,-5.837207,-5.057207,-4.687207,0.64279294,-2.377207,-1.757207,-1.397207,-1.067207,0.45279297,-1.407207,-0.19720703,-1.817207,-0.33720702,-3.127207,-3.797207,-0.657207,-3.357207,-2.727207,-4.687207,-4.017207,-0.35720703,-4.3972073,-5.187207,-7.087207,-5.567207,-5.837207,-5.107207,-5.6472073,-5.487207,-5.097207,-6.007207,-7.097207,-6.767207,-6.317207,-6.827207,-6.777207,-6.597207,-6.937207,-6.547207,-7.237207,-7.297207,-6.9172072
-5.787207,-6.537207,-6.957207,-6.467207,-5.537207,-5.027207,-4.427207,-3.097207,-4.617207,-4.237207,-3.687207,-4.927207,-5.577207,-6.707207,-6.867207,-7.717207,-7.057207,-6.6472073,-4.177207,-2.187207,-3.327207,-2.257207,-0.527207,-2.007207,-1.6072071,-1.5972071,-0.33720702,1.1727929,-1.8372071,1.372793,1.102793,-7.317207,-6.347207,-5.367207,-5.607207,-5.777207,-6.1672072,-5.507207,-3.627207,-2.737207,-7.317207,-7.527207,-6.327207,-6.067207,-5.557207,-5.637207,-6.277207,-7.337207,-7.297207,-7.4172072,-7.627207,-7.887207,-7.947207,-7.717207,-7.587207,-7.767207,-7.977207,-7.367207,-6.547207
-3.337207,-2.5372071,-1.867207,-3.7772071,-3.477207,-2.087207,-1.657207,-4.947207,-5.877207,-5.537207,-3.607207,-6.927207,-6.857207,-8.747207,-6.197207,-7.497207,-7.197207,-6.447207,-5.877207,-6.367207,-3.577207,-2.837207,-0.45720702,-2.257207,-2.107207,-2.547207,-4.497207,-5.527207,-0.07720703,-1.787207,-2.977207,-5.347207,-7.337207,-5.737207,-5.587207,-5.607207,-5.577207,-6.427207,-5.777207,-2.847207,-3.687207,-1.777207,-8.427207,-6.137207,-6.297207,-7.077207,-7.137207,-7.727207,-8.067207,-7.797207,-8.347207,-8.677207,-8.427207,-8.457207,-7.857207,-7.557207,-7.737207,-8.227207,-7.687207
-3.737207,-4.257207,-6.067207,-3.397207,0.972793,0.13279296,4.792793,1.952793,-2.047207,-1.057207,-3.827207,-6.707207,-6.927207,-7.607207,-7.677207,-6.877207,-7.117207,-6.717207,-6.8972073,-7.037207,-7.8972073,-8.237207,-7.597207,-5.1472073,-3.857207,-3.377207,-5.887207,-6.497207,-6.157207,1.112793,-0.10720703,-6.967207,-1.187207,-6.1672072,-5.617207,-5.947207,-5.957207,-6.387207,-7.037207,-7.017207,-7.327207,-2.447207,-8.877207,-1.8472071,-6.877207,-7.867207,-8.147207,-8.137207,-8.427207,-8.207207,-8.577207,-8.787207,-8.6572075,-8.797207,-8.097207,-7.1472073,-7.687207,-8.037207,-7.817207
-5.267207,-3.557207,0.95279294,-5.387207,-5.197207,-4.537207,-3.117207,-5.247207,-3.757207,-4.827207,-5.497207,-6.197207,-6.767207,-7.057207,-7.827207,-6.747207,-7.087207,-7.547207,-7.657207,-7.727207,-7.767207,-7.977207,-6.227207,-9.187207,-8.647207,-7.047207,-6.687207,-7.477207,-8.197207,-9.707207,-4.567207,-0.537207,-4.907207,-1.2272071,-5.527207,-6.1472073,-6.127207,-6.907207,-7.6472073,-7.4172072,-7.627207,-7.077207,-7.377207,-7.617207,-8.577207,-7.497207,-8.397207,-8.437207,-9.207207,-8.537207,-8.477207,-8.237207,-8.437207,-8.167207,-7.777207,-7.427207,-7.127207,-7.657207,-7.407207
-6.1672072,-6.297207,-6.977207,-6.217207,-6.747207,-8.1572075,-8.1572075,-5.957207,-4.387207,-5.457207,-5.797207,-4.057207,-4.557207,-7.347207,-6.687207,-6.6672072,-6.977207,-8.117207,-8.167207,-7.727207,-7.557207,-6.967207,-4.137207,-2.047207,-8.557207,-7.127207,-7.3972073,-7.457207,-8.687207,-8.997207,-9.357207,-8.357207,-7.297207,-5.247207,-5.447207,-4.797207,-6.057207,-7.117207,-7.4172072,-7.497207,-7.637207,-8.277207,-7.697207,-8.507207,-8.097207,-7.877207,-8.327207,-8.837207,-9.1572075,-8.237207,-9.207207,-8.637207,-8.827207,-7.797207,-7.827207,-7.097207,-8.247207,-7.637207,-7.637207
-5.217207,-5.987207,-6.447207,-7.127207,-7.347207,-7.877207,-7.177207,-5.6672072,-4.867207,-5.257207,-4.407207,-4.567207,-4.097207,-5.307207,1.092793,-2.907207,-3.647207,-5.127207,-7.717207,-7.4172072,-7.317207,-6.257207,-2.797207,0.652793,-5.307207,-5.507207,-7.727207,-8.347207,-8.817207,-8.4072075,-8.367207,-7.9172072,-6.847207,-6.357207,-5.867207,-6.477207,-6.8972073,-6.587207,-6.557207,-7.497207,-7.607207,-8.307207,-7.867207,-8.147207,-8.477207,-8.487207,-8.257207,-9.297207,-8.817207,-7.767207,-8.857207,-9.447207,-8.807207,-7.497207,-6.6672072,-7.047207,-8.257207,-8.337207,-7.767207
-4.777207,-5.577207,-6.117207,-6.217207,-6.717207,-6.817207,-6.207207,-6.827207,-6.387207,-5.967207,-5.437207,-2.727207,3.632793,-2.487207,-2.197207,-3.877207,-3.437207,-4.527207,-4.277207,-6.487207,-6.737207,-5.777207,-1.867207,3.252793,-5.777207,-5.337207,-8.927207,-9.227207,-8.307207,-8.4072075,-8.197207,-8.147207,-7.637207,-6.687207,-6.8972073,-7.157207,-7.727207,-7.607207,-6.447207,-6.747207,-7.987207,-8.187207,-8.227207,-8.557207,-7.827207,-8.137207,-8.787207,-8.737207,-9.097207,-8.267207,-7.467207,-8.957207,-8.917207,-7.6472073,-8.097207,-7.717207,-7.547207,-7.107207,-6.887207
