json/gfs_20240725_00.json
{"header": { "discipline":0, "disciplineName":"Meteorological products", "gribEdition":2, "gribLength":79528, "center":7, "centerName":"US National Weather Service - NCEP(WMC)", "subcenter":0, "refTime":"2024-07-25T00:00:00.000Z", "significanceOfRT":1, "significanceOfRTName":"Start of forecast", "productStatus":0, "productStatusName":"Operational products", "productType":1, "productTypeName":"Forecast products", "productDefinitionTemplate":0, "productDefinitionTemplateName":"Analysis/forecast at horizontal level/layer at a point in time", "parameterCategory":2, "parameterCategoryName":"Momentum", "parameterNumber":3, "parameterNumberName":"V-component_of_wind", "parameterUnit":"m.s-1", "genProcessType":2, "genProcessTypeName":"Forecast", "forecastTime":0, "surface1Type":103, "surface1TypeName":"Specified height level above ground", "surface1Value":10.0, "surface2Type":255, "surface2TypeName":"Missing", "surface2Value":0.0, "gridDefinitionTemplate":0, "gridDefinitionTemplateName":"Latitude_Longitude", "numberPoints":65160, "shape":6, "shapeName":"Earth spherical with radius of 6,371,229.0 m", "gridUnits":"degrees", "resolution":48, "winds":"true", "scanMode":0, "nx":360, "ny":181, "basicAngle":0, "lo1":0.0, "la1":90.0, "lo2":359.0, "la2":-90.0, "dx":1.0, "dy":1.0 }, "data":
[rows 78 to 103 of 181, columns 290 to 347 of 360]
-0.60189456,0.15810546,-0.5218945,-0.8818945,-0.36189452,-0.94189453,-1.3118945,-2.2418945,-2.3518946,-3.7218945,-4.0818944,-2.6118946,-2.7218945,-2.9318945,-2.5718946,-2.1618946,-2.2018945,-2.7318945,-3.1318946,-2.8518946,-1.6518946,-2.2918944,-1.9618945,-2.0918946,-3.0318944,-3.1518946,-3.1718946,-3.3618946,-3.3218946,-4.5918946,-3.9418945,-4.0018945,-4.1518946,-4.1718946,-3.9218946,-4.8818946,-4.6018944,-3.6818945,-3.8118944,-3.8118944,-3.1718946,-2.6218946,-1.5118946,-0.25189453,-1.5518945,0.68810546,2.3581054,4.8781056,4.8881054,3.9781055,3.4781055,3.2881055,2.4181054,0.62810546,0.93810546,1.3681054,2.1581054,1.2481055
-1.7918946,0.43810546,-0.56189454,-1.5618945,-1.3418945,-3.0618944,-0.8918945,-1.3018945,-2.6518946,-2.4318945,-3.4418945,-3.5518944,-2.9518945,-2.9018946,-3.3018944,-3.4518945,-2.7718945,-2.8918946,-1.9618945,-2.1818945,-3.1118946,-2.8118944,-3.5718946,-3.4818945,-3.6118946,-3.2718945,-3.1118946,-2.6018946,-3.4718945,-3.4518945,-4.7218947,-4.2318945,-3.2518945,-3.0718946,-3.6018946,-4.3518944,0.108105466,-0.5118945,-0.79189456,-1.1818945,-0.7018945,-0.68189454,-0.35189453,0.64810544,1.2981055,5.2981052,4.3281054,4.8181057,4.5281053,5.4081054,4.5481052,2.9381056,2.5781054,2.3081055,1.2781055,0.33810547,0.9681055,0.15810546
2.1081054,1.0081055,0.56810546,-0.0018945313,0.19810547,-1.4818945,-1.7018945,-1.4018946,-1.7018945,-3.9118946,-3.5418944,-3.3418946,-3.0718946,-3.4318945,-2.8218946,-1.9318945,-3.2018945,-2.5618944,-1.9518945,-2.2818944,-2.0118945,-1.1018945,-1.1818945,-1.2218945,-1.7318945,-3.1318946,-4.3718944,-4.8218946,-5.0918946,-4.1118946,-2.6918945,-1.3518945,-0.18189453,-1.3818946,-2.2918944,-0.8318945,-1.5218946,1.7081054,0.75810546,1.7581055,-0.15189452,1.5681055,1.2881055,2.8581054,4.1381054,4.6881056,4.7981052,5.2481055,5.4781055,5.4181056,5.0081053,5.1281056,4.5881057,3.6681054,2.4581056,3.0081055,1.0781054,0.41810548
0.27810547,1.2181054,-0.5818945,-0.40189454,-0.5918945,-0.6518945,-2.3518946,-3.1718946,-0.9618945,-0.79189456,-3.7718945,-3.2818944,-3.3018944,-3.0318944,-2.9018946,-1.1818945,-1.1318946,-1.2518945,-1.2418945,-0.7618945,-0.81189454,0.19810547,0.6181055,0.39810547,-0.6318945,-1.1718946,-1.9018946,-2.2718945,-3.4518945,1.5781054,-0.10189453,-0.48189452,-0.50189453,-1.3118945,-1.2218945,-2.4718945,-0.29189453,3.6381054,1.6181054,1.6781055,1.6381055,2.1381054,3.3981054,5.4981055,5.5481052,5.4181056,6.6681056,6.4381056,6.3581057,6.3181057,6.6581054,6.1281056,6.1681056,5.5681057,4.8381057,4.7181053,4.7281055,0.7181055
0.12810546,-0.5818945,-1.1618946,-1.0118946,0.34810546,-0.60189456,0.5981055,-0.69189453,-1.2218945,-0.50189453,-0.20189454,-2.2818944,-3.4818945,-3.1618946,-2.1818945,-1.6718946,-1.0118946,0.048105467,0.14810547,0.7781055,1.1281055,1.0281055,0.88810545,1.6081054,1.1381055,0.02810547,-0.47189453,-0.46189454,-0.31189454,0.02810547,-1.8718945,-0.40189454,-0.17189454,1.7981055,1.7281054,1.6981055,2.4081054,3.2081056,3.2081056,3.3581054,3.4181054,5.5081053,6.8781056,7.2181053,6.7981052,7.6681056,7.3081055,7.1581054,6.7081056,6.6781054,6.1181054,6.3781056,6.0981054,6.8381057,6.8281054,6.2081056,5.7981052,5.6081057
-1.1018945,-2.0618944,-2.6618946,-1.2118945,-0.98189455,0.008105469,-0.23189454,-0.39189452,-0.9518945,-0.60189456,-0.81189454,-0.8318945,-3.3018944,-3.1918945,-3.2318945,-2.8418946,-1.0818945,1.1381055,1.1881055,0.8481055,1.0281055,0.20810547,0.9681055,0.94810545,-0.041894533,0.74810547,0.5281055,-0.08189453,0.6681055,-0.45189452,-1.8118945,0.21810547,1.6381055,2.4281054,3.9081054,3.8281054,3.9881055,4.9481053,5.6381054,6.2181053,6.2781053,7.7781053,8.318106,8.478106,8.398106,8.158106,7.1681056,6.6581054,6.8881054,6.9581056,6.8481054,6.3381057,6.6281056,7.4481053,7.0881057,6.3581057,6.8181057,6.8881054
-0.30189455,-0.5218945,-2.6018946,-0.05189453,0.7881055,0.05810547,-0.43189454,-0.55189455,1.2081054,-0.29189453,0.7881055,-1.1418946,-1.3218945,-3.5018945,-4.1118946,-2.0718946,-1.4718945,0.55810547,0.8481055,0.6581055,0.75810546,1.3781055,1.3381054,1.4881054,1.0981054,1.1281055,0.9081055,2.0481055,1.8881055,2.1781054,2.9781055,3.4581056,4.4781055,5.2881055,6.2881055,5.9381056,5.4281054,7.4081054,7.5881057,8.138105,7.5781054,8.378105,8.378105,7.5881057,7.4981055,7.4081054,6.7981052,6.5881057,6.9781055,6.0881057,6.6481056,6.8281054,6.6181054,6.0881057,6.1881056,6.7581053,6.5081053,6.3881054
-0.09189453,-0.8318945,-1.1318946,0.48810548,0.16810547,-0.7618945,0.14810547,0.19810547,-0.37189454,-0.05189453,-1.4618945,-1.3318945,-1.3318945,-0.7818945,-1.2918946,-1.8218945,-0.49189454,-0.11189453,1.0681055,1.8381054,1.2881055,1.5781054,1.7781055,2.4681056,2.5281055,3.2681055,4.6881056,3.7581055,4.9981055,5.3181057,5.8581057,6.4781055,6.8381057,7.3081055,7.6581054,8.088105,7.7581053,7.7981052,7.9481053,8.378105,8.778106,7.8481054,7.5581055,7.1181054,6.8781056,6.7681055,6.6181054,6.9081054,6.1581054,5.4681053,5.8181057,5.4081054,5.5181055,6.1381054,6.1081057,6.4381056,6.6481056,5.9681053
-0.14189453,-1.2118945,-0.47189453,0.01810547,0.82810545,-0.5318945,0.27810547,0.40810546,-0.87189454,-0.03189453,-0.91189456,-0.80189455,1.7381054,-0.5318945,-1.3218945,-1.6718946,-0.69189453,-0.50189453,-0.20189454,1.8481054,1.9681054,2.4081054,3.4981055,3.9781055,4.5081053,4.3481054,5.1381054,6.4081054,6.4681053,6.1981053,6.9181056,7.7681055,8.528106,8.798105,8.898106,7.8881054,7.5581055,7.1281056,7.4881053,8.038105,7.9981055,7.0481052,7.2181053,6.5081053,5.8281054,5.6581054,6.2181053,6.4481053,6.3181057,5.2981052,5.7281055,6.0981054,5.3281054,6.0381055,5.5881057,5.8581057,5.6881056,5.8081055
-0.86189455,-0.41189453,-1.1018945,-0.14189453,0.11810547,-0.49189454,0.37810546,0.16810547,0.30810547,2.0981054,1.1881055,-0.93189454,-1.1418946,-1.4418945,0.02810547,-1.0318946,-0.5318945,0.87810546,-0.03189453,0.89810544,1.6081054,3.0081055,3.1581054,4.2681055,4.7981052,6.0281053,5.5481052,6.5081053,6.2681055,7.6181054,7.5381055,8.538105,8.118106,8.488106,8.148106,7.2181053,7.0181055,7.3581057,7.3381057,7.1081057,6.9881053,6.5981054,6.4581056,6.0981054,5.3481054,5.2581053,5.6981053,6.2881055,5.7781053,6.0381055,5.6781054,5.4981055,4.9381056,5.0081053,4.7481055,5.0981054,5.8281054,6.2081056
-0.60189456,-0.5118945,-0.5118945,-0.7218945,0.05810547,0.75810546,0.80810547,-0.50189453,0.40810546,-0.27189454,0.21810547,0.108105466,-0.7618945,-0.8318945,2.0481055,-0.74189454,0.28810546,-0.75189453,0.03810547,-0.23189454,0.9181055,1.9381055,1.9481055,3.5581055,4.9481053,6.5781054,7.4881053,7.5181055,7.8281054,7.1181054,7.3981056,7.7881055,8.128105,7.8681054,7.4981055,7.2981052,8.138105,7.3881054,6.7581053,6.5481052,6.0781054,5.5581055,5.3481054,5.2881055,4.7081056,4.4181056,4.6781054,5.0781054,5.2281055,4.6681056,4.0181055,4.8481054,4.2581053,4.4781055,4.0781054,4.4781055,4.2781053,5.7481055
0.07810547,-0.08189453,-0.38189453,-0.55189455,1.2981055,-1.5218946,-1.2118945,-0.44189453,-0.9718945,-0.25189453,-1.0018945,-0.81189454,-0.9618945,-1.3118945,0.11810547,0.36810547,0.57810545,1.0781054,-0.11189453,-0.47189453,-0.66189456,0.14810547,2.0981054,3.3781054,4.6981053,4.5881057,4.7681055,6.0781054,7.5581055,8.138105,7.8881054,8.098105,8.528106,8.208105,8.098105,7.3981056,7.8581057,5.6481056,5.4381056,5.5781054,5.4481053,5.0681057,4.0581055,4.3881054,4.3881054,2.9781055,3.0281055,3.7181056,3.9781055,3.9781055,3.1381054,3.6881056,4.0281053,4.0481052,3.3781054,3.1681054,4.0881057,3.1981056
-0.39189452,0.17810547,0.36810547,0.01810547,-0.66189456,-0.55189455,-0.37189454,-1.0418946,-1.0518945,-0.5918945,-0.35189453,-0.69189453,1.3681054,0.28810546,0.35810548,0.6681055,0.8681055,0.7781055,0.33810547,-0.92189455,-2.1818945,-2.4218946,0.18810546,2.0481055,1.6081054,2.5981054,1.8681054,2.1281054,3.3381054,5.8881054,7.8381057,8.258105,8.318106,8.2681055,7.6081057,7.9081054,6.7881055,4.1681056,4.2281055,4.6481056,4.5881057,3.9681056,4.2881055,3.5581055,3.1381054,3.2281055,2.1481054,1.7781055,3.0681055,3.2781055,4.2881055,4.1781054,4.5381055,4.2881055,4.3081055,3.0081055,2.6681054,2.7181056
-0.5718945,-0.43189454,-0.9018945,0.05810547,-0.08189453,-0.03189453,-0.9018945,-1.0418946,-1.1518946,-0.91189456,-1.0418946,0.02810547,0.49810547,0.41810548,0.68810546,-1.0018945,-0.061894532,-0.74189454,-1.3118945,-0.87189454,-1.0318946,-1.2818946,-0.50189453,-0.28189453,-0.29189453,-0.67189455,-0.03189453,0.17810547,0.70810544,2.1681054,5.0181055,6.4081054,7.4581056,7.5381055,7.3381057,7.0581055,6.8081055,6.9081054,5.0481052,4.5681057,4.9781055,3.4481056,4.0581055,3.6781054,3.0181055,2.2981055,2.6081054,2.8081055,3.4281054,4.6181054,5.1981053,4.2881055,1.9081055,2.7881055,2.9481056,3.6281054,3.5981054,2.5281055
-0.21189453,0.17810547,-0.21189453,-0.30189455,0.15810546,-1.0218946,-0.9718945,-1.0718945,-0.8918945,0.40810546,0.6781055,0.5381055,0.36810547,0.08810547,0.07810547,-1.4718945,-0.42189452,-0.42189452,0.05810547,-0.38189453,0.38810548,-0.7818945,-0.23189454,0.17810547,-0.41189453,-0.49189454,-1.9818945,-2.4518945,-0.9718945,1.5481055,3.1681054,4.8181057,6.5381055,7.7581053,7.8581057,7.1581054,6.7881055,6.7481055,6.3381057,4.6381054,4.1481056,4.4281054,3.4281054,3.1181054,3.5381055,3.5381055,3.9881055,4.6981053,3.3281054,3.0881054,3.7181056,3.5881054,2.7381055,2.2681055,2.3981054,3.4981055,2.1381054,3.0181055
-0.041894533,-0.38189453,-1.2018945,-0.35189453,-0.31189454,0.12810546,0.35810548,-0.38189453,0.15810546,-0.05189453,-0.45189452,-0.8818945,-0.0018945313,0.108105466,0.03810547,0.11810547,-0.011894532,0.38810548,0.21810547,0.36810547,0.89810544,0.5281055,-0.08189453,-0.15189452,0.21810547,0.15810546,-1.0518945,-1.2618946,-1.1418946,0.048105467,0.74810547,3.0981054,5.1481056,7.6181054,7.9881053,7.5981054,7.6381054,7.6181054,6.2981052,5.9281054,4.9281054,4.5981054,3.4481056,4.0381055,3.0281055,4.2081056,4.3581057,4.2781053,4.9181056,5.1881056,3.1781054,2.3481054,2.1681054,1.9081055,2.6581054,3.1781054,1.7881055,3.3781054
-0.7218945,-1.0518945,-0.6518945,-0.8818945,-0.8818945,0.26810548,0.39810547,-0.03189453,-0.6418945,-0.62189454,-0.0018945313,0.03810547,-0.8218945,-0.8918945,-1.4318945,-0.27189454,-0.22189453,0.14810547,0.5981055,0.43810546,0.17810547,0.048105467,-0.05189453,0.11810547,0.45810547,0.6681055,1.2281054,0.5981055,1.0181055,0.9081055,-0.30189455,0.6681055,4.9281054,7.3681054,8.498105,6.5481052,6.2881055,6.1781054,5.9681053,5.7281055,5.3881054,4.1481056,4.5881057,3.2181056,3.6581054,3.9081054,4.4181056,2.5981054,3.8581054,4.9881053,3.6481054,3.2781055,4.4581056,2.3481054,1.3481054,2.8381054,1.7981055,2.1881056
-0.93189454,-1.1918945,-1.1018945,-0.9718945,-0.9018945,0.21810547,0.11810547,-0.14189453,-0.12189453,-0.44189453,-0.6418945,-0.10189453,0.30810547,0.29810548,0.35810548,-0.12189453,-0.12189453,-0.7118945,-0.46189454,0.16810547,-0.18189453,-0.42189452,-0.9618945,0.23810548,0.45810547,0.69810545,1.1681055,1.9181055,1.8481054,-0.22189453,-0.18189453,0.44810545,0.5381055,3.9781055,4.4681053,7.2581053,6.1881056,5.9381056,5.8181057,5.4181056,5.8381057,5.2681055,4.9881053,4.5981054,4.7581053,4.7081056,4.5681057,3.9081054,3.4781055,3.9381056,5.0481052,4.7781053,4.3481054,5.3181057,4.3981056,3.3981054,4.4681053,3.4881055
-0.40189454,0.25810546,-0.27189454,-0.7718945,-0.27189454,-0.5918945,0.16810547,0.5481055,0.37810546,0.16810547,0.23810548,0.37810546,-0.28189453,0.68810546,0.37810546,0.28810546,-0.17189454,-0.5318945,-0.8418945,-0.5318945,0.62810546,1.2581055,0.8581055,0.18810546,0.93810546,1.4081055,1.4281055,2.3581054,4.1781054,1.9481055,2.6481054,0.87810546,1.4781054,2.9181054,2.7681055,6.9981055,5.6081057,5.3181057,5.1981053,4.9881053,6.1681056,5.3681054,5.1381054,5.5381055,5.2681055,4.8581057,4.3481054,3.6681054,2.8681054,2.6581054,3.4781055,5.6281056,5.1681056,4.3881054,3.9481056,2.8381054,3.0681055,5.1681056
-0.5718945,-0.60189456,0.48810548,0.20810547,0.51810545,0.6781055,0.50810546,0.81810546,0.6081055,0.34810546,0.36810547,0.16810547,-0.39189452,0.048105467,0.32810548,-0.11189453,-0.21189453,0.02810547,0.13810547,0.6681055,0.32810548,1.5481055,0.6181055,0.5481055,-0.071894534,-0.5718945,1.7781055,1.4481055,1.5681055,1.5381055,2.2881055,4.4881053,3.8881054,4.9181056,4.1481056,2.9081054,5.4981055,4.3681054,3.4781055,4.4181056,4.5481052,4.8581057,5.1081057,5.3681054,5.0181055,4.9581056,3.2781055,5.4981055,4.8581057,4.5281053,5.3481054,4.2481055,4.6981053,4.1581054,4.6181054,4.7881055,4.4081054,3.7281055
0.35810548,-0.09189453,0.51810545,0.94810545,0.83810544,0.8681055,0.50810546,0.5281055,0.62810546,0.43810546,0.07810547,0.45810547,0.45810547,-0.08189453,0.49810547,0.19810547,0.5381055,0.47810546,0.55810547,0.25810546,1.0681055,1.1281055,2.0581055,1.5081055,1.6481055,1.3581054,0.99810547,1.0281055,1.0181055,2.7781055,2.3781054,4.6081057,4.0881057,3.2681055,2.3181055,2.9081054,5.7881055,5.6681056,3.5581055,3.1481054,3.7681055,3.9281054,3.9081054,4.7781053,3.4581056,5.1981053,4.9381056,5.0181055,4.9081054,4.6281056,5.0281053,5.1681056,5.0481052,5.2881055,4.1881056,3.7581055,3.9581056,4.7981052
-0.5318945,-0.12189453,-0.26189452,0.07810547,0.23810548,0.7881055,0.9781055,0.62810546,1.2481055,1.1881055,0.88810545,0.11810547,0.7181055,-0.10189453,-0.27189454,0.22810547,0.39810547,0.39810547,0.16810547,0.42810547,1.3481054,1.0781054,1.2181054,0.51810545,0.83810544,1.2881055,1.4081055,1.2281054,2.7681055,5.5281053,5.1681056,2.1581054,1.7081054,0.9681055,1.0681055,5.6081057,6.7181053,5.2981052,5.3481054,3.7881055,3.3981054,3.7881055,3.2281055,3.1581054,4.0181055,3.6981056,4.4481053,3.7581055,3.5881054,4.8581057,4.8781056,4.5881057,4.9381056,5.1681056,6.2181053,5.5381055,5.5181055,4.0581055
-0.071894534,-0.46189454,-1.3018945,0.29810548,0.5481055,0.32810548,0.41810548,0.08810547,-0.0018945313,0.46810547,0.5281055,0.7281055,0.9081055,1.0681055,1.6981055,0.048105467,0.8681055,0.38810548,0.46810547,1.8581054,0.69810545,0.6181055,1.6681055,-1.0418946,1.3581054,1.7481055,0.94810545,1.8881055,1.4981055,5.1481056,5.8081055,4.1481056,2.1181054,1.0081055,1.8481054,3.8981054,4.5981054,4.2381053,2.8981054,5.2681055,4.6581054,1.5481055,3.9581056,4.5481052,4.2381053,4.0481052,4.3481054,4.1881056,4.1081057,3.6281054,5.2381053,5.3781056,6.0981054,5.0081053,5.3381057,4.4981055,4.3181057,5.0081053
-0.8918945,-0.17189454,-0.73189455,-1.1018945,-0.40189454,-0.27189454,-0.85189456,-0.86189455,-0.7218945,-0.31189454,-0.26189452,-0.12189453,0.02810547,0.46810547,1.2881055,1.0081055,0.43810546,0.87810546,1.2281054,-0.36189452,0.93810546,1.0581055,-0.36189452,0.27810547,0.12810546,0.14810547,-1.1018945,1.9381055,2.8881054,1.8081055,4.3081055,2.5081055,1.6281055,4.4981055,2.7781055,3.7581055,4.3681054,3.2981055,4.7781053,3.9381056,4.4981055,5.1281056,2.8381054,3.8881054,3.2081056,3.4681056,2.8981054,3.2881055,3.7281055,4.8181057,4.5181055,4.6581054,5.1681056,5.4781055,5.5581055,5.2181053,5.4381056,4.9481053
-0.49189454,-1.2618946,-0.81189454,-1.2718946,-1.3118945,-1.0918945,0.09810547,-0.73189455,0.12810546,-0.011894532,0.23810548,-0.13189453,0.31810546,-0.011894532,0.57810545,0.75810546,0.55810547,0.6081055,0.108105466,0.37810546,0.41810548,1.1781055,1.4281055,1.1481055,1.9781054,1.4781054,2.3881054,1.0181055,2.1981056,-0.15189452,2.5281055,2.5381055,1.2081054,6.3981056,1.5081055,2.5681055,2.9781055,2.6981056,2.0281055,3.6481054,3.6281054,4.2181053,4.6481056,2.5681055,2.4081054,4.1181054,4.4381056,2.6381054,3.9481056,3.1281054,3.2081056,4.0681057,4.1181054,3.9381056,4.8081055,5.7081056,4.8781056,5.3981056
1.3081055,1.2681055,-0.0018945313,-1.6318946,-1.9618945,-1.5918945,-2.2418945,-0.24189453,-1.1318946,-1.6318946,-0.7018945,0.18810546,0.27810547,0.07810547,0.7881055,0.42810547,0.55810547,0.63810545,0.35810548,-0.021894531,0.03810547,0.08810547,1.1181054,1.1781055,2.7381055,2.0081055,2.6681054,-0.29189453,0.14810547,0.89810544,2.6781054,1.0181055,7.7481055,6.7881055,5.9181056,0.89810544,2.0781054,2.6381054,0.8581055,1.4181055,1.2381054,2.9581056,3.3881054,2.0881054,2.1981056,3.7881055,3.4081054,3.6281054,4.5181055,3.2281055,2.5781054,2.9981055,3.3481054,4.9481053,3.9981055,3.9881055,4.9081054,4.8481054
