json/gfs_20240720_18.json
{"header": { "discipline":0, "disciplineName":"Meteorological products", "gribEdition":2, "gribLength":79621, "center":7, "centerName":"US National Weather Service - NCEP(WMC)", "subcenter":0, "refTime":"2024-07-20T18:00:00.000Z", "significanceOfRT":1, "significanceOfRTName":"Start of forecast", "productStatus":0, "productStatusName":"Operational products", "productType":1, "productTypeName":"Forecast products", "productDefinitionTemplate":0, "productDefinitionTemplateName":"Analysis/forecast at horizontal level/layer at a point in time", "parameterCategory":2, "parameterCategoryName":"Momentum", "parameterNumber":2, "parameterNumberName":"U-component_of_wind", "parameterUnit":"m.s-1", "genProcessType":2, "genProcessTypeName":"Forecast", "forecastTime":0, "surface1Type":103, "surface1TypeName":"Specified height level above ground", "surface1Value":10.0, "surface2Type":255, "surface2TypeName":"Missing", "surface2Value":0.0, "gridDefinitionTemplate":0, "gridDefinitionTemplateName":"Latitude_Longitude", "numberPoints":65160, "shape":6, "shapeName":"Earth spherical with radius of 6,371,229.0 m", "gridUnits":"degrees", "resolution":48, "winds":"true", "scanMode":0, "nx":360, "ny":181, "basicAngle":0, "lo1":0.0, "la1":90.0, "lo2":359.0, "la2":-90.0, "dx":1.0, "dy":1.0 }, "data":
[rows 26 to 51 of 181, columns 58 to 115 of 360]
-1.8339112,-1.9739112,0.096088864,-0.46391115,-1.4539112,-2.6239111,-1.5139111,-2.413911,-2.193911,-2.183911,-2.003911,-2.203911,-1.8839111,-2.203911,-2.173911,-3.693911,-3.5639112,-2.233911,-1.6139112,-1.7939111,-1.7339112,-2.0439112,-1.9939111,-1.8839111,-0.88391113,-1.0539111,-0.46391115,-0.20391113,-0.013911133,0.7860889,0.7960889,1.7360889,0.57608885,0.42608887,-0.56391114,-1.0839112,-0.81391114,-0.39391112,-0.8339111,-1.2139112,-1.0539111,-0.26391113,-0.023911133,-0.9639111,-0.87391114,-1.1439111,-1.9939111,-1.4339111,-1.6039112,-1.4139111,-1.0239111,-0.50391114,-1.5339111,-1.6239111,0.14608887,0.74608886,0.48608887,0.47608888
-1.9439111,-1.6839111,-0.8939111,-0.93391114,-1.5939112,-1.6739111,-3.0339112,-4.2239113,-2.6339111,-2.0939112,-2.0839112,-2.183911,-4.573911,-3.503911,-3.0139112,-2.213911,-2.433911,-2.5939112,-3.183911,-3.0139112,-3.3639112,-2.3239112,-1.6539111,-1.2039112,-0.93391114,-0.67391115,-0.82391113,-0.5839111,-0.34391114,1.3960888,1.3360889,0.62608886,-0.57391113,-0.40391114,0.47608888,-0.36391112,-1.0939112,-0.9139111,-1.1639111,-0.9539111,-0.7639111,-0.56391114,-1.8239112,-2.0139112,-1.4439111,-1.3939111,-1.3439112,-1.1239111,-1.4639112,-1.8439112,-1.7939111,-1.1039112,-1.3739111,-1.5039111,-0.9639111,-0.87391114,-0.79391116,-0.17391114
-2.5239112,-2.0639112,0.086088866,-0.73391116,-2.0839112,-2.2639112,-1.4739112,-2.0239112,-2.3439112,-3.0939112,-4.1639113,-3.5639112,-2.8339112,-4.833911,-4.853911,-4.373911,-3.2639112,-3.3139112,-3.703911,-2.733911,-2.153911,-1.8139111,-1.6439111,-1.7739111,-2.5839112,-2.0439112,-1.8839111,-1.2439111,-0.23391113,-0.24391113,0.13608886,0.45608887,-1.1539111,-1.0539111,-0.7039111,-0.8339111,-1.0739112,-0.60391116,-0.043911133,-0.123911135,-0.7839111,-1.6639111,-2.5939112,-2.423911,-1.4439111,-2.7739112,-1.6539111,-1.6139112,-3.233911,-2.193911,-1.6139112,-2.733911,-2.7839112,-2.2739112,-3.2739112,-1.4439111,-1.6439111,-2.403911
-1.7539111,-2.7639112,-1.1039112,-1.3639112,-0.9739111,-1.3439112,-1.1339111,-0.8939111,-0.80391115,0.34608886,-2.7839112,-4.783911,-2.5839112,-4.033911,-3.953911,-3.753911,-2.6439111,-2.0739112,-2.5439112,-2.733911,-1.1139112,-0.81391114,-0.94391114,-1.0139111,-0.75391114,0.086088866,1.4460889,1.3360889,0.68608886,0.046088867,-0.37391114,-0.023911133,-0.57391113,0.10608887,0.30608886,-0.9739111,-0.63391113,-0.8339111,0.26608887,-0.40391114,0.27608886,0.32608888,-0.41391113,-1.2039112,-0.87391114,-0.47391114,-1.7939111,-0.69391114,-1.4939111,-1.9839112,-1.9739112,-2.993911,-2.163911,-3.7839112,-2.2939112,-1.8839111,-2.2939112,-1.5739112
-2.8139112,-3.3839111,-1.3539112,-1.4939111,-0.63391113,-0.20391113,-0.25391114,0.28608885,0.6560889,0.11608887,1.0460888,0.43608886,-0.9539111,0.25608885,0.21608886,-1.4639112,-2.3339112,-0.7239111,0.28608885,0.25608885,-0.56391114,-1.4639112,-1.2239112,-0.80391115,-0.88391113,-0.40391114,0.41608888,1.0460888,1.6160889,2.336089,1.4760889,1.8260889,1.1260889,0.17608887,0.18608886,0.35608888,0.47608888,0.87608886,0.5460889,0.5460889,0.5360889,0.87608886,0.87608886,0.5260889,-0.62391114,-0.37391114,-1.2539111,-0.85391116,0.23608887,-1.6439111,-1.3739111,-1.3639112,-3.2939112,-2.2739112,-1.4639112,-1.5639111,-1.4739112,-1.7039112
-3.963911,-3.7739112,-1.8439112,-0.9539111,-0.49391115,-0.55391115,0.5260889,0.34608886,2.066089,0.42608887,0.82608885,-0.7739111,0.55608886,-2.8239112,-0.9739111,-1.1939111,-1.2539111,-1.4939111,-1.3939111,-1.0839112,-1.1039112,-0.8439111,0.27608886,-0.10391113,0.13608886,0.51608884,1.1460888,1.5560889,1.6660888,1.8260889,1.7960888,1.8660889,1.9260888,1.6960889,-0.50391114,0.28608885,0.7960889,0.76608884,0.096088864,0.9860889,1.6060889,0.5260889,1.1660888,0.7260889,-0.42391112,-0.123911135,0.026088867,0.026088867,-0.36391112,-1.3939111,-0.7139111,-0.42391112,-1.0639111,-0.9739111,-0.8339111,-2.1039112,-1.5539111,-1.2339112
-2.5139112,-3.8139112,-0.9539111,-0.5939111,-0.34391114,0.026088867,-1.7739111,-0.46391115,0.6660889,1.1560888,1.2060889,0.0060888673,1.1660888,0.5460889,-0.7239111,0.016088868,0.8360889,-0.35391113,-1.2739111,-1.0739112,0.21608886,-0.36391112,-0.26391113,-0.36391112,-0.083911136,0.56608886,1.1060889,1.1960889,1.3060889,1.5860889,1.9960889,1.8560889,1.9460889,1.7260889,1.6460888,1.0160888,0.82608885,-0.053911135,0.56608886,0.5360889,0.7360889,1.5360888,0.88608885,0.55608886,0.86608887,0.88608885,-0.33391112,-0.75391114,-0.18391113,-0.69391114,-0.24391113,-0.8939111,-1.2039112,-0.93391114,-1.5839112,-1.5439111,-1.4839112,-1.4939111
-1.1639111,-0.5839111,-0.5339111,0.39608887,0.89608884,1.9760889,1.5560889,-0.6439111,0.29608887,0.46608886,1.1660888,2.066089,1.5460888,1.1560888,1.0360888,0.99608886,0.21608886,0.33608887,0.50608885,0.12608887,2.036089,2.1960888,1.2760888,1.1160889,1.0360888,1.5760889,2.246089,1.3460889,2.7060888,0.57608885,1.2660888,1.8260889,1.9860889,1.4760889,1.7460889,1.3260889,1.3160889,1.3460889,1.1260889,0.25608885,0.87608886,0.55608886,1.1660888,0.7160889,0.87608886,1.2460889,0.12608887,-0.13391113,-0.28391114,0.44608888,0.56608886,-1.7839111,-0.67391115,-1.0439111,-0.7139111,-1.2639111,-1.1139112,-1.0039111
0.75608885,0.80608886,0.92608887,2.1860888,2.6260889,2.996089,2.806089,2.1460888,2.496089,1.0960889,0.46608886,2.066089,2.526089,1.8560889,1.6760888,2.6060889,2.526089,2.6360888,2.6360888,1.3560889,0.32608888,0.44608888,0.63608885,0.45608887,0.36608887,0.81608886,0.89608884,0.86608887,1.2160889,1.7360889,1.4260888,2.036089,2.8660889,1.8260889,1.3260889,0.92608887,1.4860889,0.93608886,0.57608885,0.05608887,0.086088866,0.99608886,0.016088868,0.75608885,0.64608884,0.35608888,1.4560889,1.5360888,0.33608887,1.2160889,-0.27391112,-1.0639111,-0.81391114,-0.21391113,-0.23391113,-1.6239111,-0.8939111,-0.23391113
0.016088868,0.75608885,1.3360889,2.2160888,1.8260889,2.076089,2.3760889,2.3760889,2.4060888,1.5060889,1.9760889,3.1160889,3.846089,3.746089,2.516089,2.766089,2.556089,2.8860888,2.6960888,2.266089,1.3160889,1.5060889,1.2160889,0.47608888,0.38608888,0.82608885,1.4560889,0.9660889,0.6560889,-1.0939112,-0.61391115,1.0460888,1.0060889,0.63608885,0.6560889,-0.10391113,0.28608885,0.88608885,-0.69391114,-0.16391113,0.25608885,0.7960889,0.76608884,0.17608887,-1.5039111,-0.06391113,0.5960889,0.7260889,-0.26391113,0.61608887,-0.50391114,0.94608885,-3.0139112,1.2660888,-0.85391116,-0.9039111,-0.88391113,-0.17391114
-0.21391113,0.87608886,1.9060888,3.016089,2.056089,0.7160889,1.9060888,1.6960889,2.066089,2.3860888,2.6560888,3.286089,3.4860888,3.4360888,2.7160888,3.1760888,3.1360888,2.256089,2.4560888,2.2360888,0.14608887,1.0460888,1.8860888,0.30608886,0.24608886,0.5960889,0.24608886,-0.34391114,-0.41391113,0.33608887,-1.5039111,0.68608886,1.1860889,1.8160889,0.99608886,-1.1039112,-1.4239111,-0.62391114,0.5960889,0.12608887,0.56608886,0.57608885,1.3460889,1.5460888,1.5560889,0.7260889,-1.5739112,0.86608887,1.7360889,-0.56391114,-1.3539112,-0.22391114,0.37608886,-2.3339112,-0.9739111,-0.33391112,-1.1139112,-0.87391114
1.7760888,0.55608886,2.3960888,2.806089,2.4860888,1.3760889,1.3660889,2.086089,3.506089,2.4360888,3.4760888,3.066089,2.816089,2.6560888,2.4060888,2.9760888,2.9160888,2.556089,2.2160888,1.7660888,0.50608885,0.12608887,-0.44391114,0.9760889,-1.0539111,1.7260889,0.11608887,0.87608886,-0.28391114,-0.8939111,-0.47391114,-0.003911133,1.7460889,0.19608887,0.6060889,0.11608887,1.8160889,1.5860889,0.45608887,-0.42391112,-0.32391113,-0.07391113,0.68608886,0.8360889,1.9660889,2.7160888,-0.6539111,0.9060889,0.69608885,1.5260888,1.0860889,-2.443911,-1.3239112,-0.98391116,-0.18391113,-0.93391114,-1.8339112,0.05608887
1.5660889,0.69608885,1.3960888,3.046089,1.6160889,2.526089,2.8760889,1.3760889,0.19608887,0.5460889,0.86608887,0.49608886,0.95608884,1.8860888,1.7760888,2.6560888,3.036089,2.7160888,1.5160888,-1.2339112,1.2760888,-1.2939111,-0.49391115,0.20608887,1.3160889,1.0460888,0.63608885,0.57608885,-0.99391115,-0.35391113,-0.98391116,-0.30391112,-1.1839111,-0.17391114,0.7860889,1.0760889,1.4960889,-0.8339111,1.5160888,1.3360889,1.0260888,1.2460889,0.50608885,0.37608886,-0.28391114,-0.15391113,0.5460889,0.57608885,1.2960888,1.5460888,-0.47391114,-1.8539112,-1.6539111,-1.6439111,-0.88391113,-0.69391114,-1.5439111,-0.61391115
-1.5139111,-2.1139112,-0.46391115,-0.74391115,1.4760889,1.8560889,1.6160889,2.2160888,3.326089,0.5960889,0.88608885,1.3760889,3.566089,2.6060889,-1.4139111,0.10608887,1.7560889,0.40608886,3.586089,2.7260888,0.9760889,-0.9539111,1.0360888,-0.8339111,0.026088867,-0.8439111,0.93608886,-1.3139111,0.9760889,-0.8339111,0.89608884,0.17608887,2.1960888,0.48608887,-0.50391114,0.42608887,0.50608885,0.6660889,0.12608887,0.20608887,0.5460889,1.8760889,1.7660888,0.45608887,-0.8339111,-1.1739111,-0.8439111,-0.38391113,1.3660889,1.2560889,0.23608887,-1.3139111,-1.5839112,-1.7439111,-0.43391114,-0.25391114,-0.75391114,-1.1839111
-2.703911,-3.8139112,-0.92391115,-0.23391113,-0.15391113,0.5360889,1.4360889,-0.16391113,1.8560889,1.1360888,0.23608887,-0.30391112,-0.23391113,-0.28391114,-0.7839111,0.87608886,1.1260889,-1.1139112,0.33608887,1.8060889,2.4460888,2.3660889,0.80608886,-0.44391114,0.76608884,-0.94391114,-1.1339111,-1.8739111,-0.09391113,0.5360889,3.056089,0.026088867,2.9760888,-0.013911133,0.9060889,-1.1539111,-0.10391113,-1.0039111,-0.69391114,0.39608887,2.7360888,1.5960889,0.9760889,1.0460888,0.35608888,-1.6839111,-1.3539112,-0.30391112,-0.24391113,-0.21391113,0.69608885,-0.083911136,-0.62391114,-1.6839111,-0.43391114,0.0060888673,0.9660889,-1.9939111
-3.0539112,-3.193911,-2.673911,-2.5239112,-2.0939112,-1.4439111,-1.2339112,0.92608887,0.13608886,1.2960888,2.276089,2.4560888,1.2460889,-0.68391114,1.6360888,0.87608886,0.25608885,0.36608887,-0.5139111,0.82608885,2.1060889,4.036089,0.32608888,1.3260889,1.8360889,2.4860888,-0.86391115,-1.3139111,-0.013911133,-0.03391113,1.2160889,2.006089,3.036089,0.99608886,-1.2839111,-0.20391113,-1.7639111,-0.7239111,2.2160888,2.006089,1.3560889,5.7360888,3.3660889,1.8260889,1.5960889,-1.1139112,-3.0839112,-1.7639111,-0.82391113,-1.1739111,-1.7739111,-1.0239111,-0.9039111,-1.0739112,-0.6439111,0.38608888,-0.023911133,-0.24391113
-3.5139112,-3.203911,-1.6339111,-1.6639111,-2.3639112,-3.8839111,-0.31391114,-1.0739112,-0.94391114,0.26608887,0.75608885,0.06608887,-1.1139112,-1.5039111,-0.7139111,3.796089,3.7260888,3.6560888,-1.6039112,-1.9839112,-3.1039112,-1.3639112,1.2360889,-0.35391113,0.20608887,2.1260889,2.096089,5.306089,1.4360889,-1.2239112,-1.3539112,0.40608886,0.9660889,2.276089,2.306089,0.9160889,-0.9739111,-0.7739111,0.38608888,1.1260889,2.256089,2.086089,4.676089,1.6660888,2.2260888,-1.0039111,-2.3039112,-1.1739111,-3.3139112,-1.9939111,-2.233911,-1.9939111,-0.85391116,-1.4039111,-1.2939111,-1.1939111,-0.5239111,-0.60391116
-3.483911,-4.093911,-1.6339111,0.56608886,-2.0539112,-0.47391114,-2.3939111,-1.5639111,-1.7539111,-0.023911133,-2.3639112,1.1760888,0.27608886,-2.943911,-3.243911,-0.25391114,0.37608886,2.6260889,1.7960888,-0.46391115,-2.933911,-1.3139111,-1.7839111,-2.963911,-1.5039111,0.016088868,1.2260889,0.46608886,1.1660888,1.7060889,1.6160889,2.546089,-0.20391113,1.8160889,0.9160889,0.20608887,-0.6639111,-2.0739112,1.6360888,2.6560888,2.4860888,2.9060888,1.7360889,0.34608886,2.6760888,3.056089,-0.053911135,-2.463911,-2.0139112,-4.573911,-2.7939112,-0.9739111,-1.6939111,-0.73391116,-3.213911,-4.133911,-2.953911,-2.5239112
-3.903911,-0.48391113,-2.233911,0.7760889,2.1060889,-1.4939111,-0.25391114,0.36608887,3.006089,0.14608887,-1.6039112,1.3760889,2.1960888,0.62608886,1.6660888,-2.223911,-3.2839112,-1.2939111,0.37608886,1.0560889,-1.1139112,-0.43391114,-0.20391113,0.27608886,1.3160889,1.1960889,1.6460888,7.766089,0.29608887,-4.853911,-2.253911,0.45608887,3.1360888,7.5860887,5.6060886,0.016088868,1.5660889,3.4260888,2.796089,0.13608886,8.646089,7.0660887,6.056089,4.936089,2.2360888,1.6060889,1.1060889,3.4860888,-0.28391114,-3.243911,-2.903911,0.29608887,2.8960888,-5.553911,-3.723911,-7.273911,-3.693911,-3.3439112
-5.1639113,-5.823911,-3.973911,-2.253911,-0.23391113,-0.09391113,-0.9139111,-1.6739111,1.0960889,1.3160889,2.546089,3.9760888,7.016089,2.756089,-0.57391113,3.1160889,5.2560887,3.256089,4.426089,3.1260889,0.68608886,-0.49391115,0.7360889,-0.45391113,2.306089,1.4160888,1.0260888,1.0160888,0.75608885,2.346089,-1.8539112,0.89608884,1.4660889,2.9260888,3.4360888,3.586089,7.036089,2.566089,7.126089,2.066089,2.4260888,6.436089,7.5260887,9.926089,9.686089,6.0060887,1.0860889,1.9460889,-1.3339112,-2.923911,-1.9239111,-0.27391112,1.3460889,10.446089,-2.673911,-3.6239111,-4.783911,-4.023911
-3.993911,-5.7639112,-5.253911,-2.2739112,-0.15391113,0.57608885,-0.28391114,-2.193911,-1.3239112,-0.49391115,-0.19391114,3.1260889,3.3660889,3.2160888,0.10608887,-1.0239111,-0.27391112,-0.19391114,2.086089,-1.0339111,-1.2139112,1.8660889,3.1260889,4.116089,2.9560888,-0.50391114,1.7960888,0.8560889,0.03608887,-0.9639111,-1.8139111,1.9660889,2.506089,4.036089,5.3360887,5.726089,8.586089,6.156089,7.186089,6.6060886,5.476089,4.536089,3.9560888,2.4660888,2.8860888,4.2360888,5.866089,2.9460888,4.266089,-3.2739112,-4.253911,-0.69391114,2.1560888,0.38608888,11.446089,3.066089,-0.7839111,-3.0939112
-0.7839111,-3.933911,-2.5239112,-2.5639112,-0.94391114,0.9160889,1.3560889,0.32608888,0.28608885,-1.9639112,-2.8039112,-0.13391113,-0.023911133,1.6260889,2.336089,-1.0439111,-2.923911,-4.353911,-1.1339111,0.7160889,0.42608887,-0.27391112,0.94608885,1.5260888,-2.3439112,1.3860888,0.5460889,2.9260888,2.1160889,1.5660889,0.06608887,0.13608886,2.586089,-1.5039111,0.7760889,3.2260888,-1.2939111,-0.24391113,5.956089,7.056089,7.556089,9.226089,8.966089,7.6060886,6.7560887,2.4760888,1.4560889,2.2360888,5.5660887,3.756089,0.42608887,-0.35391113,2.336089,2.6560888,1.6160889,8.956089,2.756089,2.076089
1.6860889,1.6460888,2.6060889,-1.6339111,-3.933911,-0.053911135,0.41608888,1.0960889,-0.7639111,-2.0439112,-3.753911,-2.703911,-2.463911,0.9060889,0.9160889,-0.15391113,0.45608887,0.15608887,0.18608886,0.23608887,0.12608887,-0.94391114,-2.213911,-0.7039111,0.6560889,-1.2239112,0.9660889,1.9960889,0.16608886,-4.073911,-3.663911,-1.5739112,-0.7739111,-2.8739111,-0.5839111,4.8560886,3.4060888,1.8360889,3.576089,4.3360887,5.306089,8.106089,5.676089,6.716089,5.8160887,5.426089,4.556089,0.92608887,2.2260888,2.8860888,2.046089,2.1160889,0.55608886,0.47608888,2.316089,-0.26391113,2.1860888,4.0660887
-1.4139111,-0.79391116,1.2660888,-1.2139112,-3.0539112,-1.8139111,1.4060888,-1.1839111,-1.9639112,-2.5339112,-2.5139112,-1.1439111,-1.6539111,1.5560889,-2.483911,-2.943911,-0.16391113,-0.57391113,0.24608886,0.45608887,0.7860889,1.6660888,3.016089,1.2660888,-0.48391113,0.33608887,-2.223911,-2.203911,-0.88391113,0.17608887,-2.753911,-3.5239112,-1.6339111,-6.783911,-4.923911,-1.3039111,-0.10391113,1.2660888,0.99608886,2.516089,0.34608886,1.5760889,2.9260888,3.9060888,4.896089,5.036089,4.5860887,3.1660888,0.41608888,2.9160888,3.8860888,2.6760888,0.7360889,-0.22391114,0.51608884,0.7260889,-0.93391114,-0.24391113
-3.6139112,-2.8739111,-2.5839112,-0.03391113,-1.3139111,-1.6339111,-1.5239111,-1.3939111,-2.0439112,-3.243911,-1.0039111,0.13608886,1.2960888,-0.57391113,-0.88391113,-0.06391113,-0.013911133,-0.40391114,0.28608885,-0.37391114,-0.7639111,1.2460889,-3.3139112,-0.083911136,0.6660889,-1.2239112,-1.5139111,-3.223911,-2.5439112,-2.0339112,-1.9239111,-3.443911,-2.8939111,-2.0439112,-0.28391114,0.22608887,-3.8139112,-3.443911,1.7560889,2.9360888,5.7560887,3.4760888,-0.16391113,5.376089,2.746089,2.9360888,1.6060889,4.806089,4.216089,6.766089,4.7360888,2.6460888,1.9760889,1.3060889,1.4060888,0.8560889,-0.42391112,-0.45391113
-4.403911,-2.0339112,-3.3639112,-1.8239112,-1.3239112,-1.4039111,-1.7939111,1.5760889,0.7360889,-1.6039112,-1.2539111,-1.1139112,1.3460889,0.25608885,0.64608884,1.8060889,-0.86391115,-1.4339111,-2.413911,-3.5939112,-3.8339112,-2.7839112,-2.8339112,-3.713911,-3.233911,-3.203911,-4.653911,-4.253911,-5.023911,-4.6839113,-4.343911,-1.5739112,0.17608887,0.41608888,0.5960889,0.86608887,-1.5839112,-0.14391114,4.846089,0.43608886,0.69608885,-0.083911136,1.8360889,1.4960889,-0.39391112,2.006089,3.566089,1.7260889,2.776089,-1.5839112,0.05608887,2.9260888,1.2660888,1.5260888,0.95608884,-0.25391114,-0.083911136,0.8360889
