json/gfs_20240725_00.json
{"header": { "discipline":0, "disciplineName":"Meteorological products", "gribEdition":2, "gribLength":79228, "center":7, "centerName":"US National Weather Service - NCEP(WMC)", "subcenter":0, "refTime":"2024-07-25T00:00:00.000Z", "significanceOfRT":1, "significanceOfRTName":"Start of forecast", "productStatus":0, "productStatusName":"Operational products", "productType":1, "productTypeName":"Forecast products", "productDefinitionTemplate":0, "productDefinitionTemplateName":"Analysis/forecast at horizontal level/layer at a point in time", "parameterCategory":2, "parameterCategoryName":"Momentum", "parameterNumber":2, "parameterNumberName":"U-component_of_wind", "parameterUnit":"m.s-1", "genProcessType":2, "genProcessTypeName":"Forecast", "forecastTime":0, "surface1Type":103, "surface1TypeName":"Specified height level above ground", "surface1Value":10.0, "surface2Type":255, "surface2TypeName":"Missing", "surface2Value":0.0, "gridDefinitionTemplate":0, "gridDefinitionTemplateName":"Latitude_Longitude", "numberPoints":65160, "shape":6, "shapeName":"Earth spherical with radius of 6,371,229.0 m", "gridUnits":"degrees", "resolution":48, "winds":"true", "scanMode":0, "nx":360, "ny":181, "basicAngle":0, "lo1":0.0, "la1":90.0, "lo2":359.0, "la2":-90.0, "dx":1.0, "dy":1.0 }, "data":
[rows 78 to 103 of 181, columns 232 to 289 of 360]
-6.459929,-5.339929,-4.009929,-2.1999292,-1.8299292,-1.0699292,0.8900708,2.4300709,2.6800709,4.270071,2.7800708,2.3400707,2.9700708,3.3000708,4.280071,3.8300707,4.740071,4.680071,4.580071,2.9300709,3.2500708,4.0900707,2.9400709,2.9800708,2.8700707,2.6200707,0.2900708,-0.8099292,-3.1899292,-5.489929,-6.069929,-6.5199294,-6.609929,-5.219929,-4.5199294,-3.3699293,-1.5099292,-0.0899292,1.0800709,0.8300708,2.5800707,-3.9099293,-3.2099292,-2.6799293,-0.2499292,-5.169929,-6.259929,-7.2899294,-7.6799293,-8.4199295,-7.6599293,-7.459929,-7.219929,-8.149929,-10.25993,-12.199929,-8.279929,-10.08993
-5.4299293,-4.169929,-3.0199292,-0.6899292,1.4800708,1.6500708,2.0100708,2.3100708,2.160071,1.0900708,0.6300708,1.2700708,1.9200708,1.7900708,3.2700708,3.0600708,3.660071,4.660071,3.8300707,4.280071,4.8200707,4.2100706,3.7200708,3.6900709,4.740071,2.900071,1.6700708,0.5700708,0.9500708,0.19007081,-0.7799292,0.2900708,0.0500708,1.2500708,0.1500708,-2.9399292,-4.1799293,-3.7599292,-3.7299292,-0.7699292,0.0900708,-10.349929,-9.119929,-1.5699292,-0.4699292,-2.5399292,-3.079929,-5.299929,-6.049929,-3.4899292,-4.3899293,-4.859929,-4.5599294,-3.2399292,-2.0099292,0.5400708,-1.6999292,-6.239929
0.7300708,0.6200708,-1.1199292,-0.0599292,0.8100708,1.0100708,1.2100708,0.6200708,-0.049929198,-0.2499292,0.2800708,0.3100708,0.4900708,0.7200708,0.9500708,2.3100708,3.5600708,3.5700707,3.4900708,3.4500709,3.9700708,4.6300707,4.410071,4.550071,3.8100708,5.3400707,6.470071,4.470071,4.600071,4.660071,3.410071,3.5600708,4.2300706,1.5300708,3.0400708,1.6700708,-0.9699292,-5.2699294,-4.4999294,-4.449929,-4.549929,-2.609929,2.1000707,-3.849929,-1.2999291,3.1200707,-0.6399292,7.080078E-5,-2.0499291,1.1300708,1.5900708,1.6300708,2.2100708,2.4300709,1.7400708,-2.4899292,-2.829929,-1.0599293
0.4500708,0.5100708,0.9600708,0.5600708,0.2200708,0.1200708,-0.6999292,-1.5499291,-0.6799292,-1.0299292,-0.3499292,-0.7599292,-0.3099292,-0.7499292,-0.2299292,0.2300708,0.8700708,1.7800708,1.5100708,2.2400708,3.0300708,2.4700708,3.5900707,4.080071,3.4400709,4.950071,3.3600707,3.9900708,5.870071,6.410071,5.4400706,4.530071,4.220071,4.030071,4.5900707,3.2800708,2.7400708,2.9800708,3.2800708,3.7500708,3.9500709,4.600071,4.2500706,2.8800707,2.6100707,0.5100708,1.5700707,4.550071,0.2100708,-0.3999292,0.1500708,0.7200708,1.7700708,2.0700707,1.5200708,1.4400707,-2.2599292,-1.8599292
-0.8099292,-0.1199292,0.3500708,-0.3399292,-1.0199292,-1.5599293,-2.0499291,-1.9799292,-1.9799292,-1.7899292,-1.2299292,-1.0699292,-1.9499292,-2.2499292,-1.4299293,-1.5199292,-1.1199292,-0.5899292,0.2000708,0.5600708,1.1600708,1.4200708,2.2700708,3.2900708,4.220071,5.100071,1.9400707,3.2600708,4.9400706,5.770071,3.8800707,3.1300707,3.0800707,3.5800707,4.020071,4.100071,4.1900706,3.8000708,4.770071,4.830071,5.050071,5.0900707,6.3400707,5.620071,4.810071,4.6900706,2.640071,1.3000708,-0.4799292,2.7400708,0.3100708,0.4900708,0.6500708,1.9100708,2.0400708,-1.0299292,-1.8099293,-0.1899292
-1.4799292,-1.3199292,-1.2899292,-1.3799292,-2.0599291,-2.4699292,-2.8699293,-2.599929,-3.0199292,-2.7299292,-1.7899292,-2.2799292,-2.839929,-3.1699293,-3.4199293,-3.0199292,-3.0599291,-1.9999292,-1.5399292,-0.4899292,-0.8299292,7.080078E-5,1.4200708,2.0800707,3.0400708,2.8100708,2.2400708,1.5100708,1.8700708,2.3800707,1.8900708,2.1000707,2.3600707,3.0100708,3.3100708,4.050071,3.9600708,4.200071,4.6700706,4.830071,5.140071,5.280071,7.4600706,5.970071,6.1900706,5.7500706,4.870071,3.9400709,4.470071,3.7300708,3.3800707,0.5400708,0.0700708,0.6200708,-0.1199292,-2.4699292,0.7800708,-0.5099292
-2.7599292,-2.2299292,-1.7999291,-3.1899292,-2.8699293,-3.5599291,-3.8699293,-3.859929,-3.349929,-3.1899292,-2.4899292,-2.349929,-3.8799293,-3.7799292,-4.2899294,-4.299929,-4.3899293,-3.4399292,-2.3799293,-1.9499292,-1.5599293,-0.5099292,-0.4499292,0.2200708,0.2600708,1.1100708,0.2000708,-0.3999292,0.2800708,0.1200708,0.5200708,1.2100708,1.9800708,2.1200707,2.1200707,3.3100708,4.450071,3.2400708,3.0500708,3.8400707,4.3600707,4.7100706,5.310071,4.9200706,5.9600706,6.700071,5.9600706,4.8400707,4.700071,4.4200706,3.8600707,1.3300709,2.3300707,1.4300708,-1.9099292,-1.5699292,0.8900708,0.4600708
-3.9099293,-3.0399292,-2.7599292,-2.9999292,-3.8699293,-4.379929,-4.379929,-4.4099293,-3.6999292,-3.9399292,-3.1399293,-3.3899293,-4.339929,-5.089929,-4.879929,-4.589929,-4.949929,-4.779929,-4.3899293,-3.589929,-3.0199292,-2.1899292,-1.8399292,-1.5599293,-1.2399292,-1.8999292,-1.9799292,-1.5999292,-1.2499292,-0.8599292,-0.9199292,-0.2199292,0.2800708,0.7400708,1.8000708,2.5000708,3.7900708,2.1000707,2.1800709,2.8300707,3.670071,4.390071,4.5000706,4.9600706,5.8400707,6.1900706,6.260071,5.990071,5.700071,5.1900706,4.8600707,1.3100708,1.9500709,1.9800708,-1.9199291,0.7900708,1.0700707,1.0500708
-4.799929,-4.2899294,-3.2799292,-3.1499293,-4.3499293,-5.029929,-5.109929,-5.0199294,-4.549929,-4.509929,-3.599929,-4.5199294,-5.399929,-4.9099293,-5.0999293,-5.5799294,-5.689929,-5.6799293,-5.509929,-4.3499293,-4.1599293,-4.029929,-3.4899292,-3.4499292,-3.6799293,-3.2599292,-3.3899293,-2.8999293,-2.2299292,-1.6399292,-2.5599291,-1.6199292,-0.4999292,-0.0699292,0.5900708,2.3800707,2.5800707,0.0700708,1.4500709,1.9100708,3.1100707,3.7200708,3.5400708,4.260071,5.270071,5.8600707,5.780071,5.4800706,6.0000706,5.410071,5.010071,0.7900708,-2.099929,1.9300708,0.2200708,0.5900708,1.5300708,2.3500707
-5.699929,-4.419929,-4.0599294,-3.8999293,-5.029929,-5.229929,-6.089929,-5.899929,-5.089929,-4.729929,-4.569929,-4.1199293,-4.339929,-4.189929,-5.509929,-6.219929,-6.609929,-7.209929,-6.9999294,-4.779929,-4.5399294,-4.839929,-5.259929,-5.359929,-5.439929,-4.7899294,-4.5399294,-4.1799293,-3.6699293,-3.1699293,-3.0699291,-2.9499292,-2.1899292,-1.5799292,0.1800708,1.1700708,1.1800708,-0.5999292,0.6500708,0.8700708,2.170071,2.6300707,3.2200708,3.9700708,4.760071,5.370071,5.830071,5.850071,5.780071,5.6300707,6.520071,0.6700708,-1.5899292,-2.849929,0.5000708,0.0500708,1.0600708,0.5100708
-6.8499293,-5.8499293,-4.719929,-4.939929,-5.709929,-6.2899294,-6.2899294,-6.129929,-5.6799293,-5.0399294,-4.7899294,-2.5199292,-3.109929,-4.589929,-5.0399294,-6.5599294,-7.229929,-7.3099294,-7.339929,-6.6799293,-5.0199294,-5.709929,-6.839929,-7.629929,-6.759929,-6.339929,-5.089929,-5.149929,-4.819929,-4.3499293,-4.319929,-3.5699291,-2.4399292,-2.7199292,-1.5899292,-0.0799292,0.1400708,-1.9999292,-0.7799292,-0.1199292,1.3600708,1.8100708,2.7600708,3.410071,4.1300707,5.4200706,5.660071,5.260071,5.4000707,6.760071,1.3700708,-1.5899292,1.1800708,0.3000708,-0.0799292,-0.1499292,0.19007081,0.5300708
-7.009929,-6.1799293,-6.339929,-5.939929,-6.0599294,-6.8099294,-7.359929,-6.609929,-5.8699293,-4.9299293,-4.4999294,-3.2799292,-2.4599292,-4.4099293,-5.1199293,-6.2699294,-7.2699294,-7.879929,-8.029929,-7.419929,-5.5799294,-6.3699293,-6.449929,-7.069929,-7.479929,-6.8499293,-5.8899293,-5.2699294,-4.319929,-3.8699293,-4.069929,-3.4899292,-3.2299292,-3.0099292,-2.6599293,-1.2899292,-0.8299292,-3.4299293,-2.2999291,-0.9799292,0.4200708,1.2700708,1.8800708,2.900071,4.220071,4.850071,5.2100706,4.5000706,5.080071,1.1800708,-1.3699292,0.2700708,-0.7699292,-0.37992918,0.0800708,-0.3599292,0.3200708,0.2400708
-7.4099293,-6.299929,-6.699929,-7.319929,-6.5399294,-6.8499293,-6.549929,-5.2499294,-4.919929,-4.049929,-4.439929,-4.0999293,-2.6799293,-2.9699292,-4.8299294,-7.0399294,-7.069929,-7.989929,-7.549929,-6.129929,-5.209929,-6.009929,-6.0799294,-6.6799293,-6.4999294,-5.989929,-4.6199293,-5.0399294,-4.2899294,-3.6399293,-4.1599293,-3.7799292,-4.049929,-3.6999292,-3.1899292,-2.4299293,-0.37992918,-1.0999292,-2.1699293,-2.1899292,-0.6699292,-0.1799292,1.0100708,2.0500708,3.3100708,4.530071,5.010071,5.4400706,2.0000708,0.4800708,-2.8099291,0.0200708,-0.3599292,-0.1299292,-0.4499292,-0.4299292,0.6600708,-0.0899292
-7.569929,-6.549929,-7.0199294,-7.069929,-6.6599293,-5.8299294,-5.449929,-4.229929,-4.489929,-3.9499292,-3.9699292,-3.6399293,-3.5699291,-4.5199294,-4.719929,-5.239929,-6.069929,-6.779929,-6.2899294,-5.739929,-6.759929,-6.819929,-7.5799294,-6.2899294,-6.689929,-6.489929,-5.029929,-5.469929,-4.819929,-4.6599293,-4.6199293,-4.3299294,-4.169929,-4.2699294,-3.7199292,-3.329929,-4.469929,-1.9299293,-2.4999292,-1.6499292,-1.4799292,-1.5799292,-0.9399292,0.2800708,2.1200707,3.7000709,4.7100706,3.9300709,1.7600708,-1.8299292,0.7700708,-0.4899292,-0.2599292,0.1600708,-0.5399292,-0.6899292,0.8400708,-0.7999292
-6.969929,-7.379929,-7.259929,-6.649929,-7.0199294,-6.459929,-5.199929,-6.199929,-4.5199294,-4.2499294,-3.9799292,-4.459929,-5.1799293,-4.939929,-5.859929,-5.5599294,-6.0599294,-7.1799293,-5.699929,-6.6399293,-6.6799293,-7.239929,-7.859929,-7.029929,-7.0199294,-6.469929,-6.3299294,-5.8099294,-6.2699294,-5.8499293,-5.169929,-4.6399293,-4.489929,-4.3499293,-4.339929,-4.0799294,-4.7699294,-3.6799293,-3.2699292,-2.4099293,-2.329929,-2.2799292,-1.5999292,-0.6699292,1.1300708,1.9900708,3.2500708,3.890071,4.700071,0.3800708,0.9100708,-0.4199292,-0.2799292,-0.0699292,-0.9999292,-0.9999292,1.1500708,-0.5599292
-7.3499293,-7.219929,-7.669929,-8.039929,-7.2699294,-6.0199294,-4.939929,-5.7899294,-4.529929,-4.759929,-4.3099294,-4.5199294,-5.5599294,-6.189929,-5.149929,-5.9999294,-6.2499294,-6.479929,-5.8299294,-5.699929,-6.6599293,-7.7899294,-6.899929,-7.469929,-7.719929,-7.129929,-6.6599293,-6.129929,-5.779929,-5.919929,-5.299929,-5.3899293,-4.799929,-4.3699293,-4.009929,-4.449929,-5.0799294,-4.1199293,-3.8699293,-3.1199293,-3.1799293,-2.7299292,-2.1399293,-1.0199292,0.3300708,0.5400708,1.7700708,4.3600707,5.220071,-2.0099292,1.1400708,-1.0599293,0.4200708,-0.3999292,-0.4299292,-0.5899292,1.1900707,0.5700708
-6.839929,-7.3499293,-7.209929,-7.7699294,-7.5199294,-5.8099294,-3.6699293,-3.8799293,-5.439929,-4.919929,-5.2499294,-5.5599294,-5.529929,-4.8699293,-4.839929,-5.689929,-6.799929,-6.399929,-5.1399293,-5.5599294,-6.229929,-8.1699295,-6.569929,-7.699929,-7.739929,-6.859929,-7.5599294,-5.779929,-6.7499294,-5.919929,-5.4099293,-5.319929,-5.3499293,-4.879929,-5.0199294,-5.1399293,-5.459929,-5.1199293,-4.509929,-4.3699293,-3.7099292,-3.4199293,-2.1899292,-1.9199291,-0.9299292,-1.0099292,0.2800708,3.900071,0.7200708,-0.4099292,0.9200708,-0.6699292,-0.049929198,-1.0799292,-0.4099292,-0.0699292,0.5800708,0.5100708
-7.439929,-7.029929,-7.3699293,-7.919929,-7.699929,-6.669929,-5.649929,-5.569929,-5.0599294,-4.899929,-5.319929,-6.6599293,-5.989929,-5.799929,-6.029929,-6.169929,-6.5799294,-7.2699294,-6.6799293,-6.009929,-6.259929,-7.1599293,-7.219929,-7.8899293,-7.6799293,-7.6599293,-7.0999293,-6.8699293,-6.8699293,-5.479929,-6.009929,-5.439929,-5.319929,-6.029929,-5.9299293,-6.1399293,-5.779929,-5.649929,-5.1399293,-5.049929,-4.299929,-4.069929,-3.7099292,-2.7999291,-1.6799293,-1.9999292,-1.8699292,0.3600708,0.0300708,-1.4599292,-0.8299292,-0.6299292,-1.4099292,-0.7799292,-0.4499292,0.9200708,0.7600708,0.7900708
-8.249929,-8.00993,-7.419929,-7.1399293,-7.399929,-7.0999293,-6.699929,-4.479929,-5.439929,-5.319929,-5.699929,-5.949929,-5.629929,-5.899929,-6.9299293,-6.629929,-6.419929,-6.8499293,-7.939929,-6.859929,-6.2899294,-7.1599293,-7.979929,-7.5399294,-7.379929,-7.9299293,-7.509929,-7.069929,-6.779929,-6.689929,-6.5199294,-6.6799293,-5.7699294,-5.859929,-6.299929,-6.569929,-6.2499294,-5.5799294,-5.469929,-4.879929,-4.739929,-4.3299294,-4.359929,-3.599929,-2.9099293,-3.4999292,-3.0199292,-2.5499291,1.4900708,-2.589929,-1.3299292,-0.8099292,-0.2299292,-0.7099292,-0.8299292,0.040070802,0.7300708,0.4500708
-7.629929,-7.049929,-7.319929,-6.7699294,-7.1799293,-6.7699294,-6.4999294,-5.6799293,-5.129929,-5.009929,-5.449929,-5.8699293,-6.029929,-5.9099293,-6.529929,-6.6599293,-7.109929,-6.199929,-7.899929,-7.569929,-7.459929,-7.629929,-8.04993,-7.779929,-7.609929,-8.1699295,-8.819929,-8.249929,-7.5399294,-7.129929,-7.229929,-7.359929,-6.9999294,-6.879929,-7.0999293,-6.839929,-6.569929,-6.319929,-5.979929,-5.2699294,-4.919929,-4.839929,-4.919929,-4.109929,-3.9099293,-4.089929,-4.1599293,-3.1999292,-2.5399292,-1.2699292,-1.1099292,0.2500708,-0.7299292,-0.8999292,-0.7699292,1.1100708,-0.3899292,-0.2199292
-7.589929,-7.1799293,-6.819929,-6.4099293,-5.489929,-6.0799294,-6.5199294,-7.229929,-6.6799293,-5.5199294,-4.819929,-5.069929,-6.239929,-5.3899293,-6.4099293,-6.8099294,-7.529929,-7.589929,-7.2899294,-7.8299294,-8.719929,-8.219929,-8.609929,-9.039929,-8.779929,-9.109929,-9.399929,-9.12993,-8.829929,-8.569929,-7.7499294,-8.04993,-7.989929,-7.439929,-6.9999294,-7.219929,-6.6399293,-6.5599294,-6.3499293,-5.699929,-5.169929,-5.359929,-5.089929,-4.479929,-4.5199294,-4.839929,-4.819929,-4.009929,-3.4499292,0.4500708,-2.0499291,1.8500708,-0.5299292,-1.2799292,-0.4199292,1.0600708,0.1600708,-0.3099292
-7.0799294,-6.669929,-6.479929,-5.8699293,-5.319929,-5.419929,-6.4999294,-7.2699294,-6.449929,-5.879929,-4.729929,-6.209929,-6.2499294,-5.5199294,-5.759929,-5.959929,-6.6199293,-7.359929,-7.6599293,-8.1699295,-8.639929,-8.87993,-9.409929,-9.489929,-9.50993,-9.059929,-9.609929,-9.499929,-9.209929,-8.979929,-8.539929,-8.279929,-8.229929,-7.6799293,-7.399929,-7.029929,-7.169929,-6.549929,-6.2699294,-5.8099294,-5.839929,-5.739929,-5.459929,-5.0999293,-4.939929,-5.049929,-4.9099293,-4.969929,-2.7399292,-2.079929,-0.7499292,-3.1299293,-1.5599293,-0.4599292,-0.4799292,0.3200708,-0.6199292,-0.2199292
-5.649929,-6.259929,-5.529929,-5.009929,-4.299929,-4.699929,-5.459929,-6.279929,-6.959929,-6.029929,-4.479929,-5.4999294,-5.209929,-6.5999293,-6.0399294,-6.419929,-5.7499294,-7.8499293,-8.62993,-8.219929,-9.449929,-9.449929,-9.469929,-9.58993,-9.809929,-9.569929,-9.12993,-9.359929,-9.179929,-8.979929,-8.489929,-8.369929,-8.409929,-8.279929,-7.719929,-7.689929,-6.959929,-6.8699293,-6.339929,-6.229929,-5.7699294,-5.7899294,-5.689929,-5.549929,-5.609929,-5.2899294,-5.479929,-5.0199294,-4.5799294,-2.2599292,1.3300709,-2.6299293,-2.5599291,-0.3499292,0.4600708,0.100070804,0.0600708,-0.7699292
-4.489929,-4.989929,-5.3699293,-4.649929,-3.2899292,-4.229929,-5.899929,-5.9999294,-5.6599293,-5.759929,-4.6799293,-4.8299294,-5.129929,-6.459929,-6.219929,-5.419929,-6.479929,-7.0799294,-7.3499293,-9.429929,-9.349929,-8.809929,-9.429929,-9.6699295,-9.359929,-9.539929,-9.659929,-9.6699295,-9.479929,-8.999929,-9.069929,-8.809929,-8.109929,-8.329929,-7.839929,-7.7699294,-7.379929,-6.689929,-6.719929,-6.0399294,-6.129929,-5.8699293,-5.839929,-5.569929,-5.879929,-5.9999294,-5.949929,-5.899929,-5.229929,-4.2499294,-2.8999293,-0.37992918,-3.3899293,0.8900708,0.3900708,0.1700708,0.1600708,-0.6499292
-4.399929,-3.829929,-4.569929,-4.219929,-3.2799292,-3.2299292,-3.099929,-4.589929,-4.799929,-5.7499294,-4.6199293,-5.7699294,-5.5199294,-6.669929,-5.799929,-5.489929,-5.7499294,-6.609929,-8.50993,-8.719929,-8.989929,-7.989929,-9.54993,-9.649929,-9.319929,-9.489929,-10.069929,-9.139929,-9.269929,-8.619929,-9.409929,-8.579929,-8.529929,-8.6699295,-7.399929,-7.439929,-7.3699293,-6.8899293,-6.6399293,-6.629929,-6.0999293,-6.029929,-6.1599293,-6.229929,-6.2699294,-6.1199293,-5.939929,-6.2699294,-6.2699294,-5.3099294,-3.829929,0.9900708,-2.2999291,-2.7899292,-0.019929199,0.8200708,0.4500708,-0.8399292
-3.1599293,-3.4299293,-3.2999291,-3.1999292,-2.9299293,-2.7999291,-2.4299293,-4.479929,-4.569929,-5.4299293,-5.3299294,-6.029929,-5.2699294,-4.959929,-5.9299293,-5.339929,-4.109929,-6.319929,-8.269929,-8.139929,-8.29993,-8.9199295,-8.779929,-9.019929,-9.08993,-8.659929,-9.849929,-9.529929,-8.959929,-9.309929,-9.519929,-9.189929,-8.609929,-8.619929,-8.369929,-7.6799293,-7.439929,-6.979929,-6.969929,-6.8899293,-6.7699294,-6.7899294,-6.6799293,-6.229929,-6.5599294,-6.5799294,-6.4299293,-6.8699293,-6.8099294,-5.6599293,-4.029929,-1.9799292,-1.5499291,-2.6499293,-2.3099291,-0.5599292,0.9200708,0.5500708
