json/gfs_20240718_18.json
{"header": { "discipline":0, "disciplineName":"Meteorological products", "gribEdition":2, "gribLength":79770, "center":7, "centerName":"US National Weather Service - NCEP(WMC)", "subcenter":0, "refTime":"2024-07-18T18:00:00.000Z", "significanceOfRT":1, "significanceOfRTName":"Start of forecast", "productStatus":0, "productStatusName":"Operational products", "productType":1, "productTypeName":"Forecast products", "productDefinitionTemplate":0, "productDefinitionTemplateName":"Analysis/forecast at horizontal level/layer at a point in time", "parameterCategory":2, "parameterCategoryName":"Momentum", "parameterNumber":2, "parameterNumberName":"U-component_of_wind", "parameterUnit":"m.s-1", "genProcessType":2, "genProcessTypeName":"Forecast", "forecastTime":0, "surface1Type":103, "surface1TypeName":"Specified height level above ground", "surface1Value":10.0, "surface2Type":255, "surface2TypeName":"Missing", "surface2Value":0.0, "gridDefinitionTemplate":0, "gridDefinitionTemplateName":"Latitude_Longitude", "numberPoints":65160, "shape":6, "shapeName":"Earth spherical with radius of 6,371,229.0 m", "gridUnits":"degrees", "resolution":48, "winds":"true", "scanMode":0, "nx":360, "ny":181, "basicAngle":0, "lo1":0.0, "la1":90.0, "lo2":359.0, "la2":-90.0, "dx":1.0, "dy":1.0 }, "data":
[rows 25 to 49 of 181, columns 171 to 227 of 360]
4.2328076,6.7228074,4.2728076,5.1728077,4.9928074,5.3528075,3.8528075,3.5328076,2.5928075,2.9928076,3.7228076,3.0628076,-0.17719239,-4.3971925,-0.25719237,1.7228076,1.5628076,1.9428077,2.8928077,5.0628076,6.3528075,4.2328076,0.3928076,1.2528076,0.03280762,-1.4071923,1.2328076,0.7128076,1.6128076,2.5928075,1.9328076,0.7728076,1.7928076,1.2828076,0.5128076,1.0528076,2.1728077,1.7128077,1.2128077,1.2328076,0.9028076,0.9628076,0.14280762,1.4728076,1.5828077,1.6628076,0.7728076,-0.95719236,0.14280762,2.3028076,2.6128075,1.2728076,-0.63719237,1.3028076,0.98280764,0.7628076,1.5928077
6.2028074,3.1828077,3.9828076,1.4028076,1.8728076,5.1628075,1.8228077,4.8728075,4.092808,3.8628075,3.7828076,4.0028076,4.052808,4.6228075,5.4228077,5.3128076,6.7028074,8.032807,9.232807,8.6228075,3.4228077,4.8528075,4.592808,3.9328077,4.8528075,4.6428075,4.6928077,5.1328077,3.1228075,1.3228077,1.1728076,1.3328077,1.3728076,1.6428076,1.8128076,1.2128077,0.4528076,0.5828076,1.7428076,1.8128076,0.20280762,0.6928076,-1.0571923,2.2128077,1.7628076,1.8728076,0.9028076,0.7028076,0.49280763,-1.0571923,-0.9971924,-0.40719238,2.1228075,-0.20719238,1.4328076,0.5228076,0.85280764
1.6028076,0.7128076,0.28280762,0.122807615,-0.57719237,0.10280762,-0.7171924,1.3328077,4.5628076,3.5728076,9.262808,10.252808,10.172808,9.502808,8.932808,9.012808,8.592808,7.6228075,8.062808,8.042808,7.7428074,8.182808,7.2728076,7.1728077,7.1128078,5.4728074,3.4528077,1.5528076,0.6228076,0.5528076,2.1928077,2.4828076,1.3428077,0.5728076,0.9428076,1.1528076,1.2528076,1.2828076,-0.21719238,-0.3671924,0.98280764,0.30280763,0.6328076,-1.2871923,-0.64719236,1.6428076,0.67280763,-0.10719238,0.22280762,-0.0071923826,-0.6071924,-1.2071924,-0.51719236,0.4828076,0.7728076,1.4728076,1.2028077
2.6528077,1.6728076,-0.7371924,-1.0271924,1.8428077,3.7528076,4.6228075,5.9928074,7.3728075,8.592808,8.802808,8.672808,8.422808,7.6328077,6.842808,6.4328074,6.6128078,6.342808,6.3728075,6.7928076,6.4828076,7.092808,7.532808,7.7228074,6.4628077,2.1828077,1.9628077,2.2928076,1.6228076,2.7628076,2.2028077,1.8928076,2.1028075,0.22280762,1.1728076,0.54280764,-0.14719239,-0.13719238,0.5928076,0.21280761,0.67280763,0.6228076,-0.027192382,-0.5371924,-0.9971924,-0.3671924,-0.037192382,0.2628076,-0.9671924,-1.3471924,-0.8771924,-1.2671924,-0.49719238,-1.0971924,-0.2671924,1.4428077,0.54280764
1.3428077,2.2128077,6.9328074,5.9728074,4.4528074,4.532808,5.7128077,6.6628075,7.1728077,7.342808,7.2428074,7.5828075,7.012808,5.9028077,5.3828077,5.302808,5.4728074,5.5028076,5.2928076,5.092808,4.9028077,5.8828077,6.3728075,7.7028074,6.1728077,6.1428075,5.092808,4.2728076,2.7028077,1.8828076,1.0828077,1.8128076,0.28280762,0.8328076,0.3828076,0.8128076,0.17280762,0.25280762,-2.5071924,0.23280762,-1.3871924,-0.23719238,-0.77719235,0.54280764,0.10280762,1.1728076,-0.3971924,0.5628076,0.5628076,-1.1671923,-1.3771924,-1.7071924,-0.08719239,0.8328076,0.6528076,0.4228076,-0.6571924
4.7428074,5.0028076,4.0428076,3.3728075,3.7928076,3.7028077,4.032808,4.052808,4.4628077,4.0628076,3.9828076,3.2428076,4.1228075,4.6328077,4.842808,3.5328076,4.4528074,4.6628075,4.9428077,4.7928076,4.592808,4.6628075,5.0028076,5.1528077,4.8528075,4.8128076,3.4028077,2.6328077,1.0728077,0.79280764,1.0728077,1.4828076,1.3528076,1.0228076,0.8328076,0.8428076,0.9528076,0.5828076,-1.3271924,-1.4271923,-0.3371924,0.8228076,0.54280764,0.85280764,0.5028076,-0.9771924,-1.4671924,-1.4771924,-1.4071923,-0.40719238,-0.76719236,1.0228076,0.5628076,0.47280762,0.4528076,0.30280763,0.5228076
0.72280765,0.5728076,-0.21719238,-1.1371924,0.30280763,0.7628076,-0.16719238,0.7028076,1.2828076,1.4128076,1.8828076,2.2928076,2.6528077,2.6628077,2.3928077,2.5028076,3.1628077,3.7928076,3.5128076,4.4328074,4.4928074,4.1628075,4.4528074,4.3828077,4.1728077,3.0628076,2.4528077,2.5328076,1.3728076,0.79280764,1.0528076,0.6828076,0.24280761,0.60280764,1.0728077,1.1028076,2.1128075,-0.34719238,-1.9671924,-2.1871924,-1.6271924,-1.3171924,-0.44719237,-1.1771923,0.16280761,1.9428077,1.7128077,1.4128076,2.1828077,0.4828076,0.7728076,0.5328076,0.09280762,-0.027192382,-0.7871924,1.2128077,0.7128076
-3.2871923,-3.0571923,-3.4271924,-4.0371923,-2.2771924,-2.5371923,-2.5371923,-2.3871925,-2.5671923,-2.0671923,-1.1571923,-0.16719238,1.0228076,1.3728076,1.4528077,0.92280763,0.6228076,0.10280762,1.5528076,1.8128076,3.0328076,2.9828076,2.6028075,2.4628077,2.0628076,1.9728076,2.9528077,3.0628076,2.3328075,1.6128076,0.5128076,0.10280762,1.1228076,2.0928075,0.042807616,-0.7571924,0.2628076,-1.2771924,-0.7371924,-0.38719237,-2.1471925,-1.3071923,-0.8471924,-0.17719239,0.9928076,1.7828076,1.3328077,2.1428077,2.8828077,2.6028075,1.0628076,1.6028076,2.1928077,-0.7271924,1.4128076,0.6328076,-0.20719238
-5.9971924,-7.3371925,-7.0371923,-5.5471926,-4.8571925,-4.8971925,-4.907192,-4.5771923,-5.0571923,-4.927192,-4.0871925,-3.4971924,-2.4771924,-0.8671924,-0.76719236,-0.9871924,-1.1371924,-0.5971924,-0.5471924,0.86280763,0.91280764,1.2128077,0.9428076,1.1328076,2.5528076,2.7628076,3.3228076,3.3228076,2.4928076,3.5428076,3.4628077,2.4728076,1.6628076,1.9328076,2.0628076,0.4428076,-1.2871923,1.0828077,0.3228076,-0.34719238,-1.1871924,-1.4571924,-0.7971924,-0.21719238,-1.9471924,-0.8171924,-0.3071924,0.042807616,0.6928076,1.4328076,2.4328077,2.0628076,1.6728076,2.1028075,-1.6071924,0.3528076,1.0028076
-7.3571925,-8.247192,-8.417192,-7.9571924,-7.7971926,-7.6071925,-7.1271925,-7.8271923,-7.7571926,-7.5771923,-6.9371924,-6.0271926,-4.5871925,-3.6271925,-2.3471923,-0.7871924,0.6428076,0.60280764,-0.6771924,-0.22719239,-0.17719239,-0.7171924,0.31280762,0.73280764,1.9828076,2.3828077,3.5128076,4.512808,3.7928076,1.9828076,0.13280761,1.4428077,2.1828077,-2.4471924,1.2028077,2.6528077,4.552808,3.0828075,0.6528076,-0.41719237,-0.28719237,-0.9771924,-1.5571923,-1.7771924,-2.1471925,-1.6071924,-0.8171924,-0.0071923826,0.21280761,0.07280762,0.9628076,1.2628076,1.0128076,1.1628076,1.6128076,-1.0671924,-0.46719238
-9.137193,-10.067192,-10.1271925,-10.327192,-9.917192,-9.437192,-8.897192,-8.347193,-8.437192,-8.537192,-8.197192,-7.9171925,-7.157192,-5.7071924,-4.8571925,-3.8271923,-2.4771924,-1.4071923,-0.3571924,0.052807618,-0.31719238,-0.17719239,-0.5671924,-0.8771924,-0.16719238,0.6428076,3.0628076,2.2828076,3.6328077,2.2328076,1.7428076,-1.7371924,-0.05719238,2.5828075,1.7828076,0.8728076,-0.27719238,-1.5671924,-3.0271924,-1.7471924,-2.5671923,-2.6671925,-2.3671923,-2.5471923,-1.9671924,-1.6971924,-1.9971924,-2.2771924,-2.6271925,-2.0671923,-1.3571924,-0.82719237,-0.12719238,0.2628076,1.1728076,0.5928076,-0.9471924
-10.717193,-12.147192,-12.597193,-13.387193,-12.937192,-12.437192,-11.617192,-10.687192,-10.157192,-8.807193,-7.5571923,-6.6671925,-6.0371923,-5.177192,-5.0871925,-4.1371922,-4.1271925,-3.2771924,-2.8871925,-1.2971923,-0.5971924,0.7528076,-0.63719237,2.6228075,3.4128077,1.3528076,-1.7471924,2.3128076,1.5228076,1.9028076,1.3228077,0.012807617,-0.6271924,-1.2471924,-2.9571924,-4.0271926,-4.8771925,-4.3371925,-4.7871923,-4.7071924,-5.0071926,-4.5071926,-3.2371924,-2.8271923,-2.9171925,-2.7071924,-1.5471923,-1.4571924,-2.5471923,-2.9171925,-2.3471923,-2.2771924,-1.8571924,-1.5071924,-1.1271924,-0.9071924,-0.3071924
-12.287192,-12.237192,-8.957192,-13.3771925,-13.327192,-12.527192,-12.957192,-12.387193,-12.387193,-10.1271925,-9.157192,-8.177193,-7.5871925,-6.1171923,-4.697192,-4.407192,-1.1071924,-2.2171924,-2.8771925,-2.0471923,0.17280762,-0.64719236,2.5328076,1.5328076,2.1328077,2.8328075,0.7028076,2.0428076,0.28280762,2.1428077,1.7028077,0.18280762,-0.7371924,-2.6171923,-3.7071924,-5.2271924,-6.8871922,-8.027192,-8.387193,-8.087193,-7.1671925,-6.3671923,-5.467192,-3.6971924,-3.5971923,-2.7371924,-2.8271923,-2.6871924,-3.0671923,-2.4671924,-2.1571925,-2.1671925,-1.8571924,-2.1571925,-1.8171924,-1.7271924,-1.8371924
-9.977192,-7.447192,-5.6271925,-4.8271923,-6.3471923,-8.227192,-8.177193,-9.557193,-10.607192,-9.717193,-11.077192,-7.8271923,-3.7971923,-4.5771923,-5.5071926,-2.8271923,-1.6771923,-0.82719237,0.8328076,0.37280762,0.33280763,2.6428077,-0.15719238,1.1828076,1.2228076,3.0828075,3.1828077,2.6628077,2.3328075,2.7128077,1.8028076,1.2028077,1.0328076,-0.5971924,-2.2671924,-3.9671924,-6.4971924,-8.6271925,-9.727192,-9.857192,-9.017193,-8.297193,-6.3771925,-4.6271925,-3.0771923,-2.8671923,-1.9671924,-1.6371924,-1.9471924,-0.3671924,-0.8671924,-1.3671924,-1.3871924,-1.7871923,-1.3771924,-1.8371924,-2.1271925
-0.6271924,-0.6971924,-1.3771924,-1.8971924,-2.7471924,-2.0271924,-2.9471924,-3.3371923,-3.2171924,-5.6371922,-5.4571924,-6.7571926,-7.2971926,-6.8971925,-5.947192,-2.5071924,-1.7971923,-0.6071924,1.8128076,2.4728076,3.2928076,3.4528077,3.9428077,3.4128077,2.9428077,1.0028076,3.9928076,4.2228074,4.782808,5.2728076,4.2328076,3.4428077,3.5628076,2.4328077,2.2128077,-0.06719238,-2.4271924,-4.1271925,-4.4171925,-3.9471924,-4.947192,-8.027192,-7.0471926,-5.3871922,-2.9471924,-1.1171924,-2.2171924,-0.5371924,-0.3971924,0.73280764,0.6928076,-0.047192384,-0.14719239,-0.25719237,-1.2771924,-1.4071923,-0.7271924
0.07280762,-0.18719238,-0.44719237,-0.38719237,-2.2571924,-0.5971924,0.2628076,-2.2071924,-0.8471924,-1.3371924,0.4228076,-0.2671924,-1.4671924,-2.3471923,-3.6671925,-4.217192,-2.9771924,-0.3071924,0.9928076,2.5528076,3.5428076,3.5428076,4.7328076,4.282808,3.8328075,4.8928075,4.092808,4.4328074,5.842808,5.8628078,5.9428077,6.1228075,6.5828075,6.3728075,6.6328077,5.3828077,3.9228077,2.4128077,1.2928076,-0.6971924,-0.37719238,-0.097192384,-5.3771925,-4.7871923,-2.7171924,-0.77719235,0.34280762,-0.8171924,-0.18719238,1.5028076,1.8228077,0.6328076,0.8328076,0.5228076,-0.44719237,-0.6871924,-0.6771924
2.7028077,2.0728076,-1.7571924,-1.4171923,-2.0171924,-1.6571923,-0.7471924,-3.1371925,-1.8371924,-1.4671924,-0.76719236,0.8928076,0.8728076,0.082807615,-0.6671924,-1.0371923,-3.0771923,-2.0671923,0.21280761,2.1628077,3.7428076,3.3728075,3.8028076,4.782808,4.4928074,4.5628076,4.552808,4.3728075,6.2728076,6.4928074,7.4828076,7.5828075,8.462808,9.402807,9.292808,10.032807,9.202807,7.9328074,6.282808,3.3828077,2.8628075,2.7428076,-1.8071923,-1.7271924,-2.3271923,-0.38719237,0.27280763,0.4528076,0.0028076172,1.1728076,1.4728076,0.7828076,1.5928077,0.5728076,-0.34719238,0.0028076172,-0.64719236
4.7728076,3.8928077,1.7928076,1.5328076,-0.2971924,-3.2471924,-0.95719236,-1.9271923,-1.3071923,-0.6571924,0.9028076,1.0728077,1.0628076,1.1228076,2.0228076,1.9728076,0.8328076,-2.5571923,-0.8071924,1.7628076,3.5128076,3.9728076,4.4828076,4.1628075,4.6428075,5.1128078,5.5428076,5.552808,6.1528077,7.4828076,7.1028075,7.4828076,7.9028077,9.302808,10.652807,11.642808,11.922808,10.652807,9.092808,7.3728075,5.9128075,4.9828076,0.20280762,-0.17719239,0.28280762,-0.6171924,1.0928077,0.4128076,0.8828076,1.3328077,1.0628076,1.4728076,0.9328076,0.3928076,-0.8171924,-0.8171924,-2.1171923
6.3528075,5.532808,4.092808,3.1428077,3.4228077,1.4728076,-0.5071924,-0.7471924,-1.0771924,-0.3371924,0.4528076,1.0828077,1.0328076,1.4528077,1.3328077,1.2428076,1.2228076,0.4228076,-0.28719237,0.7528076,1.7828076,2.6328077,3.6928077,4.7228074,4.3628078,4.6428075,4.802808,5.8828077,5.6428075,6.2428074,7.012808,7.0628076,7.8728075,9.132808,10.252808,11.582808,12.602808,12.032807,11.072807,9.152807,8.272808,6.802808,2.0728076,1.7628076,1.6828076,0.7628076,1.5828077,1.2528076,1.6228076,2.0028076,0.37280762,2.1328077,1.1428076,0.66280764,-1.0271924,-2.6071923,-3.9871924
6.7528076,4.842808,4.6328077,4.092808,3.0228076,1.0928077,0.25280762,-0.95719236,-0.89719236,-0.57719237,-0.18719238,0.79280764,1.3428077,1.2928076,1.9828076,2.3728075,1.0328076,1.2328076,-0.17719239,0.2928076,1.4428077,1.6428076,1.6828076,2.2328076,3.8228076,4.6928077,4.3128076,4.6228075,5.552808,5.3728075,6.092808,6.512808,7.1628075,7.8128076,9.422808,10.472808,11.592808,11.892808,11.272808,9.992807,8.662807,7.7428074,3.2728076,3.3328075,1.9028076,2.3128076,2.3528075,1.9028076,1.2528076,2.1028075,1.4828076,2.4128077,1.6828076,1.9628077,0.43280762,-3.7271924,-7.2871923
5.532808,7.2128077,4.9228077,3.8928077,1.3428077,0.022807617,0.98280764,-0.14719239,0.082807615,-0.25719237,-0.47719237,0.8728076,0.73280764,0.8828076,1.9128076,1.9928076,2.4728076,2.1628077,2.8728075,0.042807616,0.5328076,1.1328076,1.9728076,2.5628076,3.6628077,3.7328076,3.9228077,4.322808,4.6428075,5.1528077,5.9828076,6.2328076,6.9728074,7.822808,8.152807,9.022808,9.662807,9.782807,10.062808,9.542808,8.562808,5.1428075,3.6528077,3.8428075,2.8828077,2.8828077,2.6328077,2.2928076,2.0228076,1.4428077,1.4328076,2.1428077,3.5128076,4.1128078,4.072808,6.2028074,1.7428076
7.5028076,5.2728076,4.6528077,4.8328075,2.1228075,1.3828076,1.6528076,0.4228076,-0.05719238,-0.017192382,-0.027192382,0.5628076,1.0828077,1.4728076,1.4328076,2.0828075,3.0328076,2.9828076,2.8328075,3.2228076,1.6328076,0.5328076,1.0928077,2.0828075,3.1628077,3.7928076,4.072808,3.5528076,4.7228074,4.8928075,5.1228075,5.6628075,6.4528074,6.7028074,6.7228074,7.782808,8.192807,8.732807,9.112807,8.852808,7.8528075,4.6528077,4.6828074,4.2428074,3.5228076,2.4128077,1.6928077,2.0228076,1.9428077,2.0928075,2.6428077,3.1828077,4.0028076,4.572808,4.7028074,5.532808,4.8128076
5.9528074,5.302808,3.2928076,2.5528076,3.7828076,1.8928076,2.3628075,0.79280764,0.5128076,-0.08719239,0.012807617,0.20280762,1.2828076,1.4728076,1.7128077,1.1328076,2.4228077,3.3128076,2.6728077,2.9328077,3.1028075,2.8028076,-0.0071923826,1.0328076,2.2028077,3.3228076,3.8428075,4.1228075,4.0428076,3.6428077,4.3628078,4.7328076,4.9028077,5.5028076,6.4528074,6.6428075,7.092808,7.3928075,7.4428077,7.9128075,6.092808,5.342808,4.802808,3.4028077,3.8828077,2.3428075,2.3528075,1.5528076,0.6528076,1.7028077,3.0428076,3.3428075,4.0628076,3.9428077,4.8828077,5.4728074,5.2528076
4.3328075,3.9728076,2.9628077,2.2828076,1.2728076,2.0028076,1.8228077,0.7728076,0.13280761,0.03280762,0.86280763,1.0128076,0.9428076,0.97280765,2.0728076,1.8928076,2.0328076,2.0328076,2.9828076,2.9028077,2.8328075,2.7828076,3.6828077,1.7128077,0.10280762,1.1128076,2.7028077,3.1328077,3.5028076,3.6528077,3.9228077,4.2228074,4.2328076,4.5428076,4.4228077,5.2028074,5.6428075,6.1428075,7.2228074,6.572808,5.6328077,4.8528075,3.8928077,2.8528075,3.6328077,1.9428077,1.7628076,0.7428076,1.2628076,0.8228076,1.3328077,2.5028076,3.1228075,3.7128077,4.8128076,4.9628077,6.1628075
3.7028077,1.2228076,0.5228076,2.6728077,1.0328076,1.5528076,1.1428076,1.9728076,0.5628076,-0.10719238,0.4428076,1.0828077,0.2928076,1.2428076,-0.3671924,0.27280763,1.2228076,2.1128075,2.5128076,2.6828077,3.1128075,3.3228076,2.5128076,2.7228076,0.8728076,0.5028076,0.7728076,2.0328076,2.1828077,2.7928076,3.0828075,3.5128076,3.7928076,3.4328077,3.5028076,4.9028077,4.9028077,6.7728076,6.1328077,5.092808,4.6928077,3.3928077,2.8228076,2.2228076,1.2128077,2.4328077,2.7728076,-0.05719238,0.37280762,1.6928077,1.6128076,1.6128076,2.0928075,2.6428077,4.3628078,4.4328074,5.802808
