json/gfs_20240721_18.json
{"header": { "discipline":0, "disciplineName":"Meteorological products", "gribEdition":2, "gribLength":80003, "center":7, "centerName":"US National Weather Service - NCEP(WMC)", "subcenter":0, "refTime":"2024-07-21T18:00:00.000Z", "significanceOfRT":1, "significanceOfRTName":"Start of forecast", "productStatus":0, "productStatusName":"Operational products", "productType":1, "productTypeName":"Forecast products", "productDefinitionTemplate":0, "productDefinitionTemplateName":"Analysis/forecast at horizontal level/layer at a point in time", "parameterCategory":2, "parameterCategoryName":"Momentum", "parameterNumber":3, "parameterNumberName":"V-component_of_wind", "parameterUnit":"m.s-1", "genProcessType":2, "genProcessTypeName":"Forecast", "forecastTime":0, "surface1Type":103, "surface1TypeName":"Specified height level above ground", "surface1Value":10.0, "surface2Type":255, "surface2TypeName":"Missing", "surface2Value":0.0, "gridDefinitionTemplate":0, "gridDefinitionTemplateName":"Latitude_Longitude", "numberPoints":65160, "shape":6, "shapeName":"Earth spherical with radius of 6,371,229.0 m", "gridUnits":"degrees", "resolution":48, "winds":"true", "scanMode":0, "nx":360, "ny":181, "basicAngle":0, "lo1":0.0, "la1":90.0, "lo2":359.0, "la2":-90.0, "dx":1.0, "dy":1.0 }, "data":
[rows 52 to 77 of 181, columns 236 to 294 of 360]
-10.799836,-8.1898365,2.3501635,-2.2298365,2.5701635,-0.059836425,0.75016356,2.6001635,0.15016358,0.060163572,3.0901635,-0.6098364,-1.0298364,-3.0298364,-2.1198363,-0.009836426,-0.009836426,-4.2998366,1.6701636,-0.14983642,-0.62983644,-1.5398364,-0.7298364,-3.3698363,-3.0298364,-2.2898364,-2.0998363,-1.9498364,-0.33983642,-0.15983643,0.020163573,0.36016357,-1.6598364,-1.6198364,-2.5898364,-2.4198365,-2.9098365,-2.1798365,-0.44983643,-0.87983644,-0.99983644,0.8301636,-0.27983642,-0.32983643,-0.37983644,3.0801635,1.5301635,0.18016358,2.2501636,0.22016357,-1.2498364,-2.8698363,-4.4798365,-3.4298365,0.7701636,2.3501635,4.7001634,0.6501636,0.33016357
-10.199837,-8.919836,1.9801636,0.55016357,-2.6198363,2.6001635,2.8801637,1.9601636,1.0501636,2.2501636,1.3001636,0.7901636,0.8901636,-2.7198365,-3.6498365,2.1901636,2.0601635,1.0001636,1.6357422E-4,1.2501636,-0.87983644,-0.9598364,-2.0698364,-2.8298364,-3.2098365,-2.8398364,-3.0298364,-2.1098363,-1.5198364,-0.30983642,1.9101635,-0.24983643,-0.92983645,-0.41983643,-2.9598365,-2.4798365,-2.4298365,-1.6098365,-1.5398364,0.9701636,1.4501636,1.0001636,0.5801636,0.30016357,1.1901636,1.1901636,1.6301636,0.51016355,-0.7298364,-2.1198363,-2.8398364,-3.0398364,-0.42983642,1.7501636,3.0801635,5.2001634,6.010164,5.5801635,4.0501637
-11.509836,-9.9398365,-12.179836,-3.2198365,-0.44983643,2.0801635,1.8101636,1.0301635,0.050163575,-0.36983642,0.11016358,-2.3398364,-1.9498364,1.2701635,-1.1298364,-0.68983644,2.6101637,4.240164,1.9401636,1.4801636,0.19016357,-1.1598364,-3.6898365,-4.0998363,-6.0598364,-5.5898366,-4.1998363,-3.1698365,-0.07983643,1.2301636,-0.81983644,0.93016356,-1.0398364,-3.3198364,-2.7998364,-1.7098365,0.9001636,-0.93983644,0.61016357,1.4101635,1.2701635,-0.7198364,0.94016355,1.6701636,1.9601636,1.0601636,-0.8298364,0.33016357,2.6201637,0.19016357,-0.67983645,-0.24983643,1.4701636,3.8101635,4.7201633,6.1501637,5.9401636,4.7901635,4.1401634
-11.199837,-11.609837,-13.259836,-8.799836,-0.48983642,-3.6798365,2.0101635,-0.099836424,0.6501636,2.9001637,5.0501637,2.0501635,4.1201634,-4.1798363,-0.74983644,-1.5598364,1.2901635,0.7001636,2.7301636,0.56016356,-1.6398364,-2.6398363,-4.0798364,-4.6198363,-5.4598365,-5.719836,-3.9898365,-0.38983643,2.5701635,-0.22983642,-1.9998364,-2.3298364,-2.3698363,-1.6898364,-0.6098364,-2.0098364,0.36016357,1.5901636,1.0001636,1.1801636,1.2901635,2.7601635,2.7701635,1.4801636,1.1501635,1.5001636,0.23016357,0.94016355,1.0001636,-0.18983643,2.1501637,4.530164,5.3701634,5.6801634,4.780164,4.9801636,4.5801635,3.5301635,4.0901637
-10.909837,-11.779837,-11.849836,-10.609837,-3.8198364,1.8601636,2.6401637,2.2501636,3.0101635,4.260164,3.8401635,4.1501637,3.5001636,1.2101636,1.5301635,-5.0298367,-0.24983643,-0.68983644,0.09016357,0.68016356,-1.2198365,-1.2098365,-2.9598365,-3.9698365,-5.1198363,-4.1598363,-0.5898364,0.82016355,2.5001636,1.2301636,0.15016358,-1.6298364,-2.3498363,-2.2198365,-0.4398364,-0.11983643,1.3301636,1.4001635,1.7701635,0.37016356,1.8001636,2.0301635,1.6701636,2.9401636,1.0501636,-0.87983644,3.7001636,2.2401636,0.50016356,2.2001636,5.6601634,5.6201634,5.780164,5.0601635,4.6201634,3.8501635,3.4701636,4.010164,3.6701636
-10.559836,-11.259836,-11.819837,-10.949837,-9.019836,-2.3798363,1.1801636,1.8601636,-1.1498364,6.260164,5.510164,2.9201636,1.4701636,1.0301635,2.0501635,3.0201635,1.9801636,0.19016357,1.5801636,1.3501636,-2.6198363,0.0101635745,-2.4998364,-3.0898364,-4.1798363,-2.4298365,2.4401636,2.3601637,1.0301635,-0.42983642,-1.8598365,-1.5998365,-1.9998364,-2.3598363,0.23016357,1.6801636,2.2001636,0.7001636,1.1201636,0.7101636,1.2001636,1.9501636,2.1301637,2.1401637,0.40016356,3.1901636,2.6701636,2.1101637,1.3601636,4.7301636,4.7301636,5.5201635,4.5901637,4.1601634,3.3401635,3.7301636,3.4001637,3.3501635,4.010164
-10.589836,-11.119837,-10.399837,-10.359837,-9.129836,-4.7298365,-0.87983644,1.3901635,2.0201635,6.240164,9.990164,7.4401636,3.1501637,1.2501636,0.7001636,2.8301635,3.0901635,-0.4398364,0.7001636,-0.14983642,-3.4998364,-7.469836,-4.1798363,-2.5698364,-2.2298365,-1.2098365,-0.39983642,2.6401637,-1.8198364,-2.0198364,-2.1098363,-0.19983643,-1.6898364,0.21016358,1.1301636,1.2101636,1.0401635,1.9701636,-0.27983642,2.0201635,2.0101635,1.3701636,0.47016358,2.0901635,-0.12983643,1.2901635,2.4001637,3.9701636,5.1001635,4.6101637,4.1001635,4.9501634,4.2001634,3.3701637,3.2301636,3.0201635,4.0801635,3.6901636,2.2901635
-10.849836,-10.299836,-9.909837,-9.119837,-8.109837,-5.7098365,-2.8198364,-0.6698364,2.0301635,-0.07983643,9.970163,6.780164,3.6201637,2.0201635,1.2301636,1.6201636,0.99016356,-2.3498363,-1.5498364,-3.3398364,-4.6498365,-3.6298363,-0.029836426,-1.0698364,-1.2798364,-0.48983642,-1.1098365,-0.42983642,-1.4098364,-1.8298364,-0.8498364,-0.5298364,-0.019836426,1.8101636,3.2201636,3.1401637,1.6201636,1.8501636,0.9601636,1.5901636,1.3701636,0.47016358,0.44016358,1.0301635,0.9601636,2.7001636,3.8201635,3.8401635,3.5501635,3.2201636,3.6501637,4.4701633,4.6701636,4.030164,3.8901637,3.8001635,3.1201637,3.5901635,3.4901636
-10.429836,-10.229836,-9.329837,-8.499836,-8.659837,-6.4998364,-4.0598364,-2.1898365,-1.5398364,3.7501636,5.4501634,8.600163,7.1701636,4.4501634,-0.5198364,-0.28983644,-1.6298364,-3.0198364,-0.93983644,-2.5798364,-3.5898364,-1.1898364,2.7701635,2.4801636,0.22016357,1.1001636,0.61016357,-0.25983644,-0.10983643,-0.80983645,0.120163575,-0.019836426,2.2401636,3.7301636,3.3301635,1.3001636,1.4301636,2.0701635,1.7601635,2.1001635,3.2301636,-0.07983643,1.0901636,0.63016355,2.7701635,4.1801634,4.740164,2.6501637,2.8701637,5.1401634,4.3101635,4.0701637,3.2201636,2.6301637,1.2101636,2.9801636,2.3901637,4.0801635,3.5601635
-10.799836,-10.109837,-9.429836,-8.749836,-7.4598365,-7.1598363,-5.1198363,-2.6698365,-1.5698364,1.3501636,2.8501635,5.4601636,6.6401634,1.6901636,-1.0298364,-1.0398364,0.8301636,-1.6898364,-2.4198365,-1.2898364,-1.3198364,-0.37983644,2.2801635,2.7601635,2.0401635,2.1101637,2.5401635,-0.049836427,0.38016358,0.99016356,1.8301636,1.1601635,0.69016355,-0.49983642,-3.0198364,1.4601636,3.0601635,2.5001636,1.8101636,-0.019836426,1.6401635,2.8201635,1.2101636,-0.5298364,3.4101636,3.5601635,2.9201636,3.3501635,3.6001635,3.8901637,3.6601636,2.8101635,2.5101635,2.8301635,3.2001636,3.5101635,3.1401637,2.7401636,2.7401636
-9.449837,-9.019836,-8.549836,-7.9798365,-6.3298364,-6.0798364,-4.5598364,-3.8598363,-3.4398365,0.82016355,-0.5298364,0.15016358,4.4101634,4.8201637,-0.4098364,-0.37983644,1.4801636,-0.33983642,-1.0198364,-0.56983644,-0.67983645,-0.47983643,-0.49983642,1.3001636,1.3901635,1.3301636,1.3201636,3.1801636,1.9701636,2.3101635,3.4501636,3.8301635,2.7301636,2.5201635,2.5301635,3.5101635,2.2701635,1.9601636,1.4801636,1.2501636,-0.21983643,0.94016355,0.20016357,0.5301636,2.2501636,2.2801635,2.7201636,3.1901636,3.2201636,3.7201636,2.8401635,2.8501635,3.4501636,3.9201636,3.8801637,3.3501635,2.9401636,1.2101636,2.1701636
-7.8098364,-7.259836,-6.969836,-7.4198365,-6.2498364,-5.8898363,-4.219836,-3.3398364,-2.9398365,-1.2298365,1.8701636,3.2801635,-1.3198364,6.490164,5.030164,-0.37983644,1.6501635,-0.98983645,-2.1898365,1.8501636,0.74016356,-0.81983644,0.27016357,-0.98983645,1.8201636,2.7501636,3.4401636,4.7501636,5.4501634,7.0001636,5.7501636,4.3701634,3.9001637,4.4501634,3.5301635,2.7301636,2.6901636,2.1201637,0.8401636,-0.28983644,1.4301636,0.15016358,-0.4098364,0.050163575,1.3001636,1.0201635,1.6301636,3.4201636,4.0001636,2.6001635,3.1401637,3.5001636,2.9501636,3.8001635,3.1901636,3.5001636,2.3801637,1.3901635,0.2801636
-6.5798364,-6.3798366,-7.4398365,-6.6098366,-5.7698364,-5.9598365,-4.5698366,-3.6998365,-2.5998363,-0.6698364,-0.06983642,0.37016356,1.0601636,3.1701636,5.1901636,2.6601636,1.6801636,-0.20983642,-1.4598365,-1.8298364,0.42016357,-0.13983643,-1.2098365,-2.6398363,3.4901636,3.8401635,4.990164,6.0601635,6.4101634,6.1501637,4.3701634,3.7401636,3.5001636,3.9001637,2.4401636,1.4501636,0.76016355,0.57016355,-0.049836427,-0.62983644,-0.5798364,-0.74983644,1.1001636,0.81016356,-0.22983642,1.5401635,3.8101635,4.8601637,4.2201633,4.0801635,3.1301637,2.7101636,2.3901637,2.7201636,2.1201637,2.6501637,1.1701636,1.0601636,1.7201636
-6.6298366,-7.3498363,-7.1898365,-5.8498363,-5.3398366,-3.8598363,-2.9998364,-2.0498364,-0.48983642,-0.28983644,0.32016358,-0.35983643,-1.0498364,-0.21983643,3.9901636,2.4801636,1.7301636,1.5601636,0.2801636,-0.32983643,-1.3198364,1.0301635,-0.7698364,0.7101636,-1.7198365,3.7901635,5.9301634,6.0401635,5.8001637,5.8001637,4.0501637,3.5301635,2.7601635,1.9001635,0.9501636,-0.29983643,0.09016357,-0.38983643,-0.7698364,-0.30983642,-0.67983645,0.86016357,1.0601636,0.88016355,1.5901636,1.3601636,3.4801636,5.280164,5.0601635,5.280164,8.450164,5.260164,2.1701636,1.7501636,1.8301636,1.1601635,0.41016358,0.080163576,-0.8298364
-6.8798366,-6.8198366,-5.8598366,-4.8498363,-3.9898365,-3.0798364,-2.0698364,-1.2598364,-0.87983644,-0.6098364,-1.0198364,-1.2098365,-1.2998364,0.49016356,-2.4898365,2.9401636,2.6501637,1.6601635,0.7301636,-1.0198364,-0.23983642,1.2501636,-0.4698364,0.6501636,0.33016357,6.1801634,4.5901637,5.8001637,5.5401635,3.9401636,3.0901635,2.4201636,1.6201636,1.2501636,0.49016356,1.1701636,1.0701636,-0.06983642,0.5401636,-0.4398364,-0.87983644,-0.31983644,0.120163575,0.8401636,2.5501635,3.5401635,6.3601637,5.9301634,4.8601637,4.8501635,5.030164,5.9001637,4.0001636,1.6601635,1.9201636,1.2301636,0.21016358,-0.17983642,-1.7798364
-6.969836,-6.8898363,-6.3398366,-5.489836,-3.8598363,-2.4098365,-1.0298364,-0.9098364,-0.18983643,-0.34983644,-1.3798364,-1.4098364,-2.5498364,-2.3498363,-2.0498364,4.4801636,2.6801636,0.8901636,1.7601635,0.8401636,0.6401636,-1.5298364,0.57016355,1.2201636,2.8801637,2.6001635,3.1501637,3.7701635,3.3401635,2.6301637,2.1401637,2.3101635,1.1201636,0.9501636,0.43016356,0.88016355,-0.48983642,-0.5398364,-0.20983642,-1.3598365,-4.2698364,-2.1598365,-0.44983643,-0.29983643,-0.38983643,3.5201635,6.1901636,4.4701633,4.1001635,2.7901635,0.5201636,0.120163575,1.1901636,0.7301636,0.7301636,-0.019836426,-0.089836426,-1.7398365,-1.9598365
-6.5598364,-6.0598364,-5.4998364,-4.219836,-2.7198365,-1.4798365,-0.99983644,-1.1098365,-0.80983645,-0.93983644,-0.73983645,-1.6398364,-1.8998364,-2.2398365,-1.8198364,0.040163573,0.93016356,-0.34983644,-1.8298364,0.9101636,0.7101636,0.080163576,-0.7998364,-1.3998364,-0.13983643,0.46016356,1.5001636,3.1901636,2.1701636,2.9101636,1.2101636,2.4001637,1.7001636,0.88016355,0.25016358,0.5301636,-0.5798364,0.5801636,0.13016358,0.7001636,0.07016358,-0.5798364,3.9401636,5.3201637,4.0601635,0.75016356,0.50016356,2.1901636,3.2501636,2.1101637,1.6801636,-0.94983643,-0.14983642,-0.32983643,-1.0098364,-0.41983643,-1.2498364,-2.2598364,-3.0598364
-5.8698363,-5.219836,-4.4198365,-3.2498364,-1.8098364,-1.3298364,-1.4298364,-1.1698364,-1.1098365,-0.93983644,-1.2498364,-1.9298364,-2.3898363,-2.5198364,-2.2198365,-1.3598365,-1.4298364,-1.7398365,-3.4998364,-0.6598364,-0.37983644,-1.5798364,-0.11983643,-2.8298364,-2.0098364,-2.0998363,-0.8998364,1.7301636,2.8501635,2.0201635,1.7001636,1.9001635,1.9501636,-0.48983642,0.6701636,-0.63983643,1.6801636,0.8901636,-0.5798364,0.5801636,1.6801636,1.9001635,2.8101635,5.030164,1.9401636,3.1101637,2.9901636,1.9101635,0.07016358,1.9701636,2.9501636,1.1001636,0.6701636,1.8401636,0.3101636,-0.7798364,-2.2098365,-3.0898364,-3.7398365
-4.4798365,-3.8998365,-3.1798365,-2.4198365,-2.7098365,-2.7498364,-1.7298365,-1.0298364,-0.9098364,-0.98983645,-1.8598365,-2.5498364,-2.9398365,-2.8698363,-2.1098363,-2.6698365,-2.7698364,-3.4498365,-4.9598365,0.8401636,-0.19983643,-0.8598364,-1.0198364,-0.07983643,-2.2998364,-3.7098365,-1.9998364,-0.8398364,0.3401636,0.46016356,0.68016356,0.26016358,1.1701636,-0.17983642,0.020163573,0.63016355,-0.019836426,-0.5998364,-0.07983643,0.080163576,1.5501636,2.9401636,3.2401636,2.1701636,2.6501637,2.7501636,0.99016356,0.45016357,2.7901635,5.5601635,-1.3898364,-3.6898365,-4.1498365,-1.9698365,0.33016357,-1.1998364,-2.9498365,-3.2298365,-3.5198364
-4.1498365,-3.7498364,-3.8198364,-3.4598365,-2.6698365,-1.9598365,-2.2298365,-1.2598364,-1.1098365,-2.3998365,-2.5398364,-2.8398364,-2.5198364,-3.2398365,-3.7198365,-3.2898364,-3.4398365,-4.1198363,-4.6398363,-4.219836,2.5001636,-1.0798364,1.3601636,1.7601635,0.8901636,2.0001636,2.6901636,-0.55983645,-1.1098365,-2.9898365,1.1401635,2.4001637,2.6501637,0.8501636,0.5901636,0.6701636,-1.7098365,-2.5798364,-0.039836425,1.1201636,1.9801636,2.9001637,3.1701636,2.9901636,1.0901636,1.3601636,0.9801636,1.2301636,-0.33983642,-1.4298364,-1.7898364,-1.3998364,-2.1598365,1.2101636,-1.6998364,-2.2298365,-4.0698366,-3.4698365,-3.3598363
-6.2798367,-6.4198365,-6.1098366,-5.5798364,-4.4098363,-3.5298364,-2.2498364,-1.6898364,-1.1098365,-1.8098364,-2.5998363,-2.6898365,-3.4598365,-3.6598365,-3.2498364,-3.5198364,-3.7598364,-3.9398365,-3.8098364,-3.3798363,-3.3198364,0.7101636,4.3101635,-1.4898365,0.5901636,0.25016358,-0.6498364,-1.1298364,-3.4898365,-0.5198364,1.5801636,0.87016356,0.80016357,0.6401636,0.8901636,0.29016358,-2.7098365,-4.1198363,-1.2298365,1.0301635,1.2201636,1.8301636,1.6201636,2.0701635,1.8601636,4.0601635,7.6001635,5.1101637,0.6701636,2.0801635,2.3801637,3.6601636,4.240164,2.3501635,-1.0498364,-0.86983645,-6.5298367,5.1901636,-2.4798365
-6.7798367,-6.3298364,-4.7298365,-3.4598365,-2.7598364,-2.6898365,-3.7198365,-2.0798364,-1.9398364,-2.6298363,-3.2098365,-4.0398364,-4.3198366,-4.1898365,-5.0898366,-5.489836,-4.7298365,-3.9298365,-4.3798366,-3.4598365,-1.6098365,-3.3798363,1.8801636,3.0101635,-0.74983644,0.48016357,1.7501636,-1.0698364,-1.1298364,-3.5098364,-1.5398364,0.09016357,1.1901636,0.63016355,-0.86983645,-0.32983643,-4.2698364,-2.4098365,-0.42983642,1.6901636,1.2801635,1.5001636,0.9201636,0.56016356,0.9001636,0.6401636,0.35016358,-0.24983643,-0.23983642,0.9001636,1.0801636,0.9101636,1.6357422E-4,-3.6698365,-4.2998366,-3.7998364,-2.2698364,-2.0398364,-4.6298366
-5.3798366,-3.7098365,-2.2798364,-3.9998364,-2.8898363,-4.9398365,-2.2798364,-2.4698365,-2.8098364,-4.3298364,-4.3898363,-4.1998363,-2.6298363,0.56016356,-1.4098364,-2.1098363,-3.0198364,-3.9598365,-4.1098366,-2.6798365,-2.3098364,-2.5298364,-0.39983642,-2.3598363,-3.0998363,-4.7498364,-3.7298365,1.6101636,1.7501636,-7.9398365,-0.30983642,-0.9598364,2.2801635,-0.42983642,1.3001636,-0.009836426,-3.4998364,-0.61983645,-2.1198363,-0.88983643,0.47016358,-0.4698364,-1.0998365,-0.73983645,-0.19983643,0.37016356,-0.4098364,-0.8598364,-0.099836424,1.6357422E-4,0.040163573,0.13016358,-0.36983642,-2.7298365,-2.6698365,-2.7498364,-2.4698365,-2.6098363,-3.6698365
-2.5798364,-2.5998363,-4.0198364,-3.4798365,-4.8198366,-1.9798365,-2.5798364,-2.7998364,-3.6898365,-3.2898364,-2.1498365,-1.1098365,-0.28983644,-0.63983643,-1.1198364,-2.9498365,-4.3198366,-4.8098364,-4.3098364,-4.489836,-3.6298363,-2.1598365,-1.4798365,-3.6498365,-3.4898365,-4.3698363,-3.0298364,-1.4698365,-0.55983645,-7.0598364,-1.6598364,-1.3198364,2.5501635,-0.20983642,0.8901636,-1.6798364,-1.7898364,-0.69983643,-0.6598364,-1.0798364,-0.92983645,-1.4598365,-1.6298364,-1.9298364,-1.3898364,-1.2698364,-0.9598364,-1.3198364,-1.2798364,-0.9198364,-1.0298364,-1.3698364,-0.6498364,-0.089836426,-0.5298364,-1.0498364,-1.9898365,-3.4998364,-2.7898364
-2.5898364,-2.0798364,-4.0898366,-4.0498366,-4.0398364,-1.9098364,-2.5298364,-3.5598364,-4.1298366,-2.9898365,-2.2498364,-0.86983645,0.35016358,0.080163576,-0.62983644,-2.1898365,-2.5398364,-3.9098365,-4.3298364,-4.219836,-2.6498365,-2.2298365,-3.9198365,-4.8998365,-4.759836,-3.2398365,-0.9098364,0.080163576,0.37016356,-1.0298364,-1.3498365,-2.1698365,-1.8498365,2.2001636,-1.4198364,0.29016358,-1.0198364,-1.6098365,-2.0598364,-1.3498365,-1.2498364,-2.1398363,-1.1298364,-1.9898365,-2.0798364,-1.4798365,-1.8998364,-1.5698364,-1.6198364,-1.8198364,-1.5498364,-1.7598364,-0.5498364,-0.41983643,-0.31983644,-0.13983643,-1.2798364,-3.0298364,-1.9198364
-2.6698365,-2.9398365,-3.1798365,-4.1598363,-3.3298364,-3.3498363,-3.5298364,-4.0398364,-3.4498365,-2.8598363,-2.3498363,-1.2498364,0.26016358,0.46016356,-0.5798364,-1.2898364,-1.8998364,-3.2298365,-3.3298364,-4.2998366,-2.6298363,-3.4998364,-3.9698365,-4.9198365,-2.0098364,1.3501636,0.51016355,2.5601635,2.5301635,2.1501637,1.9901636,0.38016358,-1.1198364,-0.7098364,0.42016357,0.23016357,-0.17983642,1.0101635,-2.2698364,-3.5798364,-1.1998364,-2.9998364,-1.3898364,-0.6098364,-2.4698365,-2.7698364,-2.7198365,-2.0798364,-1.2598364,-1.5898365,-1.5198364,-0.98983645,-0.69983643,-0.61983645,0.14016357,0.40016356,0.19016357,-0.4698364,-1.9398364
