json/gfs_20240725_06.json
{"header": { "discipline":0, "disciplineName":"Meteorological products", "gribEdition":2, "gribLength":79426, "center":7, "centerName":"US National Weather Service - NCEP(WMC)", "subcenter":0, "refTime":"2024-07-25T06:00:00.000Z", "significanceOfRT":1, "significanceOfRTName":"Start of forecast", "productStatus":0, "productStatusName":"Operational products", "productType":1, "productTypeName":"Forecast products", "productDefinitionTemplate":0, "productDefinitionTemplateName":"Analysis/forecast at horizontal level/layer at a point in time", "parameterCategory":2, "parameterCategoryName":"Momentum", "parameterNumber":3, "parameterNumberName":"V-component_of_wind", "parameterUnit":"m.s-1", "genProcessType":2, "genProcessTypeName":"Forecast", "forecastTime":0, "surface1Type":103, "surface1TypeName":"Specified height level above ground", "surface1Value":10.0, "surface2Type":255, "surface2TypeName":"Missing", "surface2Value":0.0, "gridDefinitionTemplate":0, "gridDefinitionTemplateName":"Latitude_Longitude", "numberPoints":65160, "shape":6, "shapeName":"Earth spherical with radius of 6,371,229.0 m", "gridUnits":"degrees", "resolution":48, "winds":"true", "scanMode":0, "nx":360, "ny":181, "basicAngle":0, "lo1":0.0, "la1":90.0, "lo2":359.0, "la2":-90.0, "dx":1.0, "dy":1.0 }, "data":
[rows 130 to 155 of 181, columns 232 to 289 of 360]
-11.702385,-10.152386,-9.032385,-7.402385,-6.172385,-6.002385,-4.652385,-2.0623853,-4.8023853,-5.5323853,-3.5223854,-2.5823853,-1.9623853,-1.6623852,-0.49238527,0.31761473,-0.9723852,0.25761473,0.50761473,-1.4823853,0.12761475,1.1176147,0.5176147,1.8176148,-0.7323853,-0.22238526,-0.28238526,0.5176147,0.21761474,0.13761474,0.34761474,0.14761475,0.047614746,-0.19238526,0.39761475,0.27761474,1.2276148,0.74761474,1.9776148,2.3676147,3.5976148,3.9276147,4.3376145,4.5476146,4.6376147,6.187615,6.937615,6.2776146,6.6176147,6.997615,5.347615,6.747615,5.847615,4.037615,-10.792385,-3.2323852,-1.4523853,-3.0123854
-11.6023855,-10.692386,-9.762385,-8.742385,-7.102385,-5.122385,-3.6523852,-2.1523852,-3.1523852,-2.6123853,-1.7123853,-3.6523852,-4.172385,-3.0723853,-1.6723852,-1.5323852,-1.6023853,-0.27238524,0.42761475,0.31761473,0.27761474,-0.7923853,-0.51238525,0.46761474,-0.15238525,-0.52238524,-0.29238525,-0.49238527,0.047614746,-0.6123853,-0.30238524,-0.7223852,-1.1323853,-1.2023853,-1.8623853,-0.88238525,-0.58238524,0.06761475,0.43761474,0.49761474,1.1576147,2.3476148,2.3876147,3.6876147,3.9976149,3.8876147,4.5876145,5.977615,6.9676147,6.227615,6.6776147,4.2376146,5.577615,5.597615,3.4576147,-3.2723854,-1.3623853,-3.3723853
-11.242385,-10.692386,-9.532385,-8.672385,-7.1423855,-6.082385,-2.7023852,-2.6923852,-1.3723853,-2.4823852,-1.8323853,-2.7323852,0.42761475,2.4276147,-0.32238525,-0.49238527,0.06761475,0.15761475,0.30761474,0.73761475,0.98761475,0.5276148,0.22761475,-0.44238526,0.39761475,-0.88238525,-0.29238525,-0.68238527,-1.0523852,-0.27238524,-0.35238525,-0.9823853,-1.3123852,-1.7823852,-2.3023853,-3.1123853,-2.4123852,-1.8623853,-1.1223853,-1.0323852,-0.22238526,0.20761475,0.84761477,1.1376147,2.0176148,2.2876148,3.1076148,4.187615,4.9876146,6.537615,6.577615,7.097615,4.497615,5.8876147,2.8776147,-3.8323853,-0.77238524,-1.6523852
-10.652386,-10.122385,-9.132385,-7.482385,-5.292385,-3.8323853,-2.5323853,-1.3423853,-1.4223852,-1.4623853,-0.70238525,-0.52238524,-0.90238523,-1.0323852,-1.0323852,-1.1223853,-0.19238526,-0.69238526,-0.20238525,-0.83238524,-0.6123853,-0.84238523,-0.84238523,-0.20238525,0.21761474,-0.70238525,0.007614746,0.29761475,-0.47238526,-1.4123852,-1.4123852,-1.9423852,-1.7923852,-2.0223854,-2.8723853,-3.8223853,-4.1123853,-3.7023852,-2.7623854,-2.3123853,-1.9923853,-1.3823853,-0.96238524,-0.45238525,-0.012385254,0.61761475,1.7176148,2.4676147,3.3576148,4.5076146,5.5876145,6.3176146,6.3876147,4.187615,0.73761475,5.977615,-0.48238525,1.6976148
-9.592385,-9.592385,-8.422385,-7.3223853,-4.8923855,-1.7323853,-2.1223853,-0.56238526,-0.35238525,0.45761475,-2.2323852,-2.3623853,-1.8823853,-0.50238526,-1.1223853,-0.24238525,-0.38238525,-1.3823853,-1.0223852,-0.87238526,-0.88238525,-0.6123853,-0.17238526,-0.16238526,0.31761473,-0.8523853,-0.74238527,-0.5423853,-1.2623852,-1.2823852,-1.2023853,-1.6123853,-1.9623853,-2.0523853,-2.2323852,-2.7223852,-3.6123853,-4.542385,-4.712385,-4.212385,-3.6023853,-3.1423852,-2.8823853,-2.5723853,-2.0323853,-0.93238527,0.31761473,1.4176147,1.8876147,3.0376148,4.2376146,4.767615,5.167615,5.517615,3.7276146,0.59761477,-1.0223852,-1.2623852
-9.732386,-8.372385,-8.072385,-5.902385,-5.2223854,-3.0823853,-1.0023853,-1.1523852,-0.002385254,0.087614745,0.36761475,-0.30238524,-0.10238525,0.54761475,0.16761474,0.6376147,-0.44238526,-0.75238526,-0.41238526,-0.53238523,-0.092385255,-0.39238524,-0.8523853,-0.6123853,-0.32238525,-0.84238523,-0.30238524,-0.69238526,-1.4023852,-0.8023853,-1.2723852,-1.6523852,-2.2123852,-2.2023852,-2.1823852,-2.2123852,-2.4623852,-3.2423851,-4.002385,-4.5123854,-4.8023853,-4.8423853,-4.3023853,-3.8523853,-3.6123853,-3.2323852,-2.5823853,-1.3823853,-0.11238525,1.1876148,2.7176147,3.3376148,4.9276147,5.477615,0.7776148,-0.95238525,-1.3823853,-1.1023853
-9.912385,-8.002385,-6.752385,-5.212385,-2.4823852,0.56761473,-0.41238526,-0.092385255,-0.24238525,-0.7923853,0.16761474,-0.37238526,-0.11238525,0.72761476,0.61761475,-0.08238526,0.65761477,0.43761474,-0.002385254,-0.23238525,-0.26238525,-0.52238524,-0.13238525,-0.23238525,-0.18238525,-0.58238524,-0.5423853,-0.81238526,-1.1323853,-1.3823853,-1.9223852,-1.7823852,-1.9123852,-3.0223854,-3.1423852,-2.6923852,-2.7523851,-3.0523853,-3.4723852,-3.8923852,-4.402385,-3.9323852,-4.422385,-5.192385,-5.1323853,-5.0123854,-4.4723854,-3.9923851,-2.9123852,-1.7623852,0.16761474,2.0476148,3.3176148,2.7476149,0.61761475,-1.9123852,-0.52238524,-1.0023853
-9.6023855,-8.3923855,-6.272385,-5.3223853,-1.5623852,-1.3823853,-1.8323853,-0.63238525,-0.45238525,-0.50238526,-0.24238525,-0.5523853,0.037614748,-0.022385255,0.60761476,0.16761474,0.7776148,0.41761476,-0.22238526,-0.65238523,-0.10238525,-0.15238525,-0.41238526,-0.022385255,-0.23238525,-0.58238524,-0.94238526,-1.3723853,-1.6023853,-1.7923852,-2.1823852,-2.7823853,-2.7923853,-2.5623853,-2.7423851,-2.9023852,-3.1323853,-3.6523852,-3.4123852,-3.4923851,-3.3623853,-3.9123852,-4.8423853,-5.312385,-5.402385,-6.402385,-6.8023853,-5.672385,-5.2423854,-4.2023854,-2.8223853,-1.3223853,0.80761474,1.8276148,0.5276148,-0.9123852,-2.4023852,0.057614747
-8.032385,-5.6323853,-5.002385,-3.8723853,-1.4323852,-1.6123853,-0.87238526,-0.52238524,-0.29238525,-0.6623852,0.07761475,-0.29238525,-0.042385254,0.43761474,0.28761473,-0.07238525,0.46761474,-0.96238524,-0.57238525,-1.1723852,-0.53238523,-0.28238526,-0.40238526,-0.74238527,-1.0723853,-1.1823852,-1.5123852,-2.1923852,-2.3623853,-2.2323852,-2.1523852,-2.4723852,-2.7123852,-2.5523853,-2.6423852,-3.0323853,-3.7723854,-4.4923854,-4.6823854,-4.5523853,-4.2623854,-4.4323854,-4.8623853,-5.6123853,-6.1423855,-5.3623853,-6.8423853,-7.542385,-6.812385,-6.6323853,-5.792385,-3.7523851,-2.3923852,-0.52238524,-1.4023852,-1.4523853,-1.9623853,0.34761474
-6.562385,-5.8623853,-5.292385,-1.3723853,-1.9523853,-1.2723852,-0.032385252,0.6376147,-0.092385255,0.21761474,0.21761474,0.33761474,0.39761475,1.3176148,1.0776148,0.8876147,0.5176147,0.35761476,-0.29238525,-0.39238524,-0.6623852,-0.45238525,-0.23238525,-0.48238525,-0.81238526,-0.76238525,-0.6623852,-1.3223853,-0.93238527,-0.6023853,-1.3023852,-1.7423853,-1.0123852,-0.8023853,0.46761474,1.5176147,0.65761477,-4.852385,-4.752385,-4.562385,-4.7623854,-5.152385,-6.422385,-5.232385,-5.9123855,-7.6623855,-8.172385,-7.5323853,-7.902385,-8.112385,-8.182385,-6.792385,-5.922385,-2.8223853,-1.8223853,-0.64238524,-2.8723853,-0.78238523
-5.8823853,-5.4123855,-3.6623852,-2.5423853,-0.8623853,0.25761473,0.55761474,0.7676147,1.5976148,1.9376148,2.0876148,1.1676147,1.6076148,1.3476148,1.2076148,1.2776147,1.4076147,1.2776147,0.33761474,0.34761474,0.20761475,0.5276148,0.79761475,1.8276148,1.7476147,1.7476147,0.8376148,-0.43238527,-0.28238526,-0.9123852,-0.76238525,-2.3623853,-1.2023853,-1.4823853,-0.9223853,-0.24238525,0.49761474,1.1276147,0.27761474,-0.092385255,-3.1323853,-6.082385,-6.902385,-5.8823853,-5.652385,-6.812385,-8.302385,-8.882385,-8.202385,-8.372385,-8.462385,-9.432385,-8.492385,-8.692386,-3.0523853,-3.0423853,-0.7323853,-0.57238525
-6.6423855,-4.2823853,-1.3023852,-0.15238525,1.0376147,2.2376146,1.8976147,1.7076148,3.2576149,3.6676147,2.9476147,1.6976148,2.8976147,4.827615,3.4876146,2.5976148,4.147615,4.057615,3.6376147,3.7076147,2.7476149,2.9776146,3.8476148,3.2376146,2.1376147,1.4576148,0.93761474,0.5876148,0.5176147,-0.10238525,-0.39238524,-1.0923853,-1.5623852,-1.2723852,-0.94238526,-1.2523853,-1.4823853,-1.7023853,-1.6423852,-0.69238526,-1.0623852,-1.0623852,-2.9323852,-7.152385,-6.902385,-7.2023854,-8.672385,-9.232386,-9.472385,-9.6423855,-10.182385,-11.162385,-11.072385,-9.172385,-5.872385,-2.5323853,-0.38238525,-1.9623853
-4.3923855,-2.4323852,-0.17238526,1.8076148,3.4776146,4.6076145,3.8376148,3.1976147,2.7876148,3.9576147,4.6076145,4.7576146,4.5276146,4.747615,4.937615,5.187615,5.7576146,4.7376146,5.4876146,4.877615,4.577615,4.187615,4.0276146,3.5776148,3.1476147,2.4376147,2.0776148,1.7876147,-0.022385255,0.43761474,-0.07238525,0.22761475,-0.19238526,-0.25238526,-0.76238525,-1.0423852,-1.5023853,-1.8823853,-2.2523851,-2.5923853,-3.1723852,-3.2323852,-1.7323853,-4.772385,-9.062386,-8.342385,-10.202385,-10.122385,-9.842385,-9.632385,-10.022386,-11.482386,-12.842385,-11.162385,-8.232386,-1.7223853,-0.84238523,-0.36238524
-0.24238525,2.2576149,4.497615,4.917615,5.5876145,7.457615,7.5876145,7.347615,7.517615,7.477615,7.2176147,6.4676147,6.0276146,6.5076146,6.687615,6.937615,6.127615,6.0876145,5.477615,5.2576146,4.667615,5.377615,5.327615,5.5476146,5.187615,4.2576146,4.5276146,2.8876147,2.4976149,1.1476147,0.91761476,1.8076148,2.0176148,1.3476148,1.2176148,0.75761473,-0.18238525,-0.56238526,-2.3423853,-3.9923851,-5.372385,-4.832385,-6.1323853,-4.002385,-11.982386,-10.012385,-10.882385,-10.152386,-9.372385,-8.772386,-8.702385,-11.162385,-13.092385,-12.362385,-8.112385,-5.272385,-2.5923853,-3.3123853
4.9076147,4.4476147,6.2376146,7.5676146,7.9476147,8.137615,9.287615,9.697615,8.957615,9.237615,8.6076145,7.807615,7.787615,8.207615,7.9676147,7.307615,6.807615,6.397615,6.207615,6.6776147,6.187615,5.3576145,5.647615,6.057615,5.5276146,4.577615,3.6176147,3.5676148,2.4276147,1.7076148,1.4076147,2.2176147,2.4676147,3.4776146,3.2476149,3.3276148,2.2776148,-0.22238526,-3.6023853,-6.832385,-8.732386,-8.502385,-6.8423853,-6.062385,-11.702385,-13.072385,-11.922385,-10.672385,-8.8923855,-8.262385,-8.542385,-7.792385,-12.682385,-13.252385,-11.812386,-8.982386,-3.2523851,-3.4323852
4.957615,6.037615,7.6776147,9.187614,10.077615,9.667615,9.697615,10.3576145,10.797615,9.577615,9.1076145,9.257615,10.167615,10.037615,9.627615,9.137615,7.7176147,7.7576146,7.747615,6.457615,6.187615,5.1776147,4.457615,3.7876148,3.3576148,2.6576147,2.6076148,2.1176147,1.1476147,2.2276146,2.4176147,2.5476148,3.5576148,5.3176146,5.397615,7.7776146,4.1076145,1.0776148,-2.3023853,-10.882385,-14.292385,-12.692386,-9.432385,-2.4523852,-15.452385,-14.382385,-12.342385,-10.222385,-8.832385,-7.3823853,-7.152385,-9.002385,-10.232386,-13.122385,-12.662385,-10.202385,-8.022386,-7.6623855
5.477615,7.4276147,8.987615,9.947615,10.447615,11.267614,11.067615,11.267614,11.217615,11.377615,11.007615,12.247615,12.447615,12.247615,11.317615,10.237615,9.567615,8.267614,6.767615,5.5276146,4.4676147,3.4776146,2.3176148,1.3376148,0.43761474,-0.25238526,-0.17238526,-0.13238525,0.28761473,1.0976148,1.5376147,4.5076146,5.377615,8.077615,8.3976145,12.567615,13.287615,12.597614,0.26761475,-14.582385,-16.212385,-12.192386,-8.052385,-14.312386,-14.012385,-12.372385,-11.122385,-9.592385,-8.132385,-6.9523854,-6.6623855,-7.522385,-9.422385,-11.962385,-13.472385,-11.042385,-9.192386,-7.6423855
6.687615,7.647615,7.8876147,8.557614,9.457615,10.367615,10.837615,11.817615,12.497615,12.437614,11.887615,10.737615,10.517614,9.917615,10.787615,13.537615,13.477614,10.827615,8.237615,8.917615,8.387615,7.6076145,6.377615,3.9376147,-4.172385,-4.062385,-4.7423854,-3.8023853,-2.5023851,-0.35238525,1.4676148,5.1076145,6.647615,4.167615,9.547615,13.6476145,15.337615,6.6176147,2.3976147,-7.062385,-8.6423855,-11.492385,-9.072385,-11.252385,-10.212385,-9.052385,-7.3023853,-6.982385,-6.6423855,-6.4323854,-7.0723853,-7.902385,-7.9923854,-8.422385,-14.172385,-13.3523855,-10.922385,-8.802385
5.267615,5.6376147,6.9476147,7.767615,8.677615,9.677615,10.617615,11.547615,12.837615,12.707615,13.207615,13.157615,14.477614,16.187614,17.357615,18.707615,16.007614,15.537615,14.737615,13.6476145,13.287615,12.627615,6.537615,4.167615,3.8976147,-0.7923853,-8.162385,-7.192385,-6.232385,-2.3823853,1.7076148,2.3476148,4.597615,7.037615,8.497615,9.1476145,9.767614,7.6076145,5.9876146,3.7676148,0.14761475,-3.1623852,-4.8423853,-6.1423855,-5.292385,-4.2023854,-2.8623853,-2.8123853,-4.962385,-5.9523854,-5.6623855,-6.9723854,-9.202385,-7.9323854,-10.982386,-13.772386,-11.082385,-9.802385
4.437615,5.4876146,6.667615,7.747615,8.737615,10.127615,11.687614,12.527615,9.837615,12.447615,12.747615,14.3576145,15.6076145,16.657616,17.817616,18.677614,19.727615,19.807615,9.687614,12.237615,12.907615,14.557614,14.247615,10.727614,7.167615,3.5976148,-1.5023853,-4.7623854,-4.872385,-2.1423852,1.7176148,3.3076148,4.3376145,5.1776147,7.127615,8.007615,6.0276146,4.6776147,1.1976148,1.3976147,1.5976148,0.86761475,-1.2423853,-3.0823853,-2.6323853,-3.3823853,-1.7023853,-1.4123852,0.67761475,-6.2623854,-4.1123853,-5.7223854,-8.572385,-8.332385,-7.902385,-9.822385,-11.382385,-10.182385
4.1776147,5.557615,6.7776146,7.5876145,8.677615,9.757615,11.077615,12.137615,10.717615,11.667615,12.797615,14.277615,15.627615,16.507614,17.727615,18.577614,19.137615,19.347614,19.817616,10.527615,10.437614,10.417615,10.337615,9.177615,6.8576145,1.8676147,-0.93238527,-0.43238527,0.27761474,1.8876147,3.4776146,4.287615,5.5076146,5.9876146,7.2976146,7.517615,3.9776146,0.97761476,0.45761475,-0.5523853,2.4076147,1.2076148,1.7776147,1.6076148,1.8576148,0.59761477,-1.2623852,-2.7323852,-4.5323853,-5.0723853,-4.6623855,-4.982385,-5.832385,-7.812385,-6.8823853,-8.072385,-8.272386,-8.622385
5.327615,6.0076146,6.3876147,6.997615,7.9276147,8.457615,9.157615,10.317615,10.137615,10.8976145,12.1076145,13.487615,14.927615,15.947615,16.707615,17.397615,18.207615,18.567616,19.067616,17.987616,8.527615,8.247615,8.247615,7.327615,4.977615,1.9176147,-0.34238526,-0.95238525,0.40761474,2.0576148,3.3876147,4.077615,5.6576147,8.707615,6.3676147,8.087615,7.7776146,-2.0023851,0.6976147,2.9776146,1.9876148,1.3776147,3.7376146,6.4476147,10.517614,5.037615,-0.15238525,-0.19238526,-4.312385,-5.712385,-3.7723854,-2.8623853,-3.8323853,-6.1623855,-7.5723853,-7.9523854,-8.452385,-8.832385
6.1376147,6.4476147,6.877615,7.5876145,7.877615,7.707615,7.497615,8.6076145,9.287615,10.537615,11.737615,13.157615,14.527615,15.527615,15.657615,15.507615,15.697615,16.607615,16.517614,16.927614,13.067615,11.887615,12.197615,13.327615,14.257615,5.2376146,-10.532385,-3.0723853,0.68761474,2.5576148,6.1176147,3.5076149,4.347615,5.517615,6.037615,6.2376146,5.8176146,4.937615,4.3376145,4.9676147,5.537615,3.8976147,3.4576147,5.7576146,8.667615,10.237615,6.6076145,3.0176148,2.4376147,3.0376148,3.7776148,4.1576147,4.0276146,0.12761475,-2.4023852,-3.0823853,-3.2423851,-1.3323853
6.377615,6.9276147,7.577615,8.217615,7.5676146,7.497615,7.7976146,8.787615,9.677615,10.557614,11.837615,12.797615,13.067615,13.507615,13.977614,14.067615,13.287615,13.957615,13.737615,13.877615,13.667615,9.817615,10.437614,12.047615,13.197615,10.247615,0.60761476,-4.542385,3.3476148,2.7776148,3.2976148,5.1776147,6.687615,7.287615,7.537615,7.897615,7.9276147,6.687615,4.167615,5.167615,6.1076145,0.23761475,1.6976148,3.8776147,5.0676146,5.4876146,5.997615,5.577615,4.977615,4.827615,5.397615,6.0476146,5.6376147,5.747615,4.917615,3.4476147,3.0876148,2.9776146
6.627615,7.3876147,8.157615,8.597614,8.747615,9.227614,9.597614,9.8976145,10.297615,10.707615,11.177615,11.6476145,11.747615,12.137615,11.767614,12.167615,10.877615,11.3976145,13.207615,11.727614,12.187614,9.527615,9.1076145,9.047615,8.307614,6.8876147,4.7376146,3.5476148,3.1776147,3.7976148,5.3376145,6.577615,7.287615,7.6176147,8.207615,8.8976145,9.497615,10.8976145,10.457615,10.177615,6.0476146,-2.1623852,-0.15238525,1.8876147,2.7676148,3.1676147,3.3776147,3.9876146,3.9976149,4.0876145,4.207615,4.3876147,4.327615,3.5776148,3.0876148,3.5776148,3.6176147,3.5376148
5.687615,6.8576145,7.4876146,7.937615,8.377615,8.827615,9.037615,9.047615,9.577615,10.667615,11.177615,10.237615,10.297615,10.987615,10.507615,9.417615,9.057614,10.967615,10.077615,9.137615,8.967615,8.697615,8.667615,8.987615,8.3576145,7.827615,6.9076147,6.417615,6.247615,6.3676147,6.627615,7.077615,7.5276146,7.807615,8.117615,8.877615,8.977614,9.247615,9.847614,10.217615,9.987615,8.447615,6.3876147,3.5576148,3.4876146,3.5776148,3.4276147,3.5076149,4.057615,4.0276146,2.9476147,1.8076148,1.5276147,2.0276148,2.7876148,3.4076147,3.5776148,3.6876147
