json/gfs_20240722_12.json
{"header": { "discipline":0, "disciplineName":"Meteorological products", "gribEdition":2, "gribLength":79716, "center":7, "centerName":"US National Weather Service - NCEP(WMC)", "subcenter":0, "refTime":"2024-07-22T12:00:00.000Z", "significanceOfRT":1, "significanceOfRTName":"Start of forecast", "productStatus":0, "productStatusName":"Operational products", "productType":1, "productTypeName":"Forecast products", "productDefinitionTemplate":0, "productDefinitionTemplateName":"Analysis/forecast at horizontal level/layer at a point in time", "parameterCategory":2, "parameterCategoryName":"Momentum", "parameterNumber":3, "parameterNumberName":"V-component_of_wind", "parameterUnit":"m.s-1", "genProcessType":2, "genProcessTypeName":"Forecast", "forecastTime":0, "surface1Type":103, "surface1TypeName":"Specified height level above ground", "surface1Value":10.0, "surface2Type":255, "surface2TypeName":"Missing", "surface2Value":0.0, "gridDefinitionTemplate":0, "gridDefinitionTemplateName":"Latitude_Longitude", "numberPoints":65160, "shape":6, "shapeName":"Earth spherical with radius of 6,371,229.0 m", "gridUnits":"degrees", "resolution":48, "winds":"true", "scanMode":0, "nx":360, "ny":181, "basicAngle":0, "lo1":0.0, "la1":90.0, "lo2":359.0, "la2":-90.0, "dx":1.0, "dy":1.0 }, "data":
[rows 78 to 103 of 181, columns 290 to 347 of 360]
1.1965894,0.89658934,0.42658937,0.40658936,0.89658934,0.14658935,0.69658935,0.9865894,0.81658936,1.4165894,0.43658936,0.016589355,-0.09341064,-0.113410644,-0.85341066,-0.98341066,-0.45341066,-0.49341065,-0.13341065,-0.6434106,-0.9634106,-1.6534107,-2.2334106,-2.2834105,-2.5634108,-2.8234107,-3.1634107,-3.7734106,-2.5834107,-3.8534107,-3.8234107,-3.0634108,-2.7834105,-2.4434106,-1.9834106,-1.6334107,-4.1834106,-4.8734107,-4.3234105,-5.2234106,-6.193411,-6.6334105,-5.3034105,-5.2034106,-4.4534106,-2.6734107,-3.0634108,-2.5634108,-1.8634106,-0.5834106,0.34658936,-1.0234107,1.6565894,1.7865894,2.7165895,2.3065894,2.0665894,1.3765893
0.77658933,0.62658936,1.5965893,-0.43341064,2.2065895,-0.44341063,0.28658935,1.9365894,0.93658936,0.9865894,0.22658935,-0.113410644,-0.67341065,-1.0234107,-0.29341066,0.88658935,0.48658934,-0.34341064,0.7965894,1.0965893,-0.28341064,-1.8634106,-1.5134107,-1.8334106,0.08658936,-0.74341065,-3.1634107,-3.6734107,-3.4634106,-3.4434106,-3.2334106,-2.1434107,-2.6034107,-2.9434106,-3.3034105,-2.2534106,-2.1234107,-2.1234107,-1.9734106,-4.5734105,-4.503411,-4.1034107,-3.4834106,-3.2434106,-2.5234106,-1.9234107,1.1565894,2.1465893,2.3765893,2.4165893,2.9965894,3.5865893,5.2765894,4.3965893,4.3965893,3.7265894,2.2965894,1.1465894
0.33658937,0.9165894,0.34658936,-0.43341064,0.75658935,1.2965894,-0.073410645,-0.7134106,-0.49341065,-0.033410646,0.31658936,-0.30341065,-0.8434107,-0.24341065,2.5465894,2.6265893,3.2365894,2.8165894,3.1765893,1.9265894,1.6765894,1.6065893,1.3665893,0.83658934,2.0865893,0.74658936,-1.4134107,-3.9334106,-4.0834107,-3.9034107,-3.6534107,-3.5134106,-3.5734107,-3.3834107,-1.7834107,2.1065893,1.4065894,0.18658936,-0.16341065,0.20658936,0.20658936,1.4665893,1.7265893,1.9765893,2.5665894,2.6465893,2.2265894,2.7665894,3.0165894,3.9465895,3.5065894,4.7965894,5.476589,4.9465895,4.8265896,4.0965896,3.2665894,1.3865894
-0.42341065,0.33658937,0.48658934,0.44658935,-0.69341063,0.11658935,-1.2734107,-1.3734107,-0.39341065,0.61658937,1.8865894,0.9865894,0.71658933,2.3265893,3.6665893,3.9165893,4.516589,4.306589,5.1265893,3.7165895,2.2065895,2.2065895,1.9465894,2.4665895,1.8465893,1.8465893,-0.08341064,-1.3334106,-0.87341064,-0.17341064,0.46658936,2.1565893,1.4165894,1.4965893,2.4765894,2.3865893,2.4465895,2.3265893,1.0565894,0.50658935,1.1065893,2.2665894,2.7765894,2.6165893,3.2865894,3.9065893,3.5665894,3.1365893,3.6365893,3.9465895,5.3365893,6.4165893,6.6865892,6.6065893,5.6965895,5.266589,5.1165895,2.1765893
1.0165894,0.9165894,1.2965894,0.5965893,2.9365892,-0.62341064,-0.42341065,0.44658935,0.43658936,0.11658935,0.55658937,2.5265894,1.6065893,1.9565893,3.5865893,4.496589,5.2565894,5.226589,4.7565894,4.726589,5.0265894,4.3365893,3.5665894,3.0165894,2.6465893,2.4765894,2.0065894,1.1365894,2.9065893,3.1165893,4.0665894,4.266589,3.9665895,4.1965895,4.3265896,4.306589,4.6665893,4.536589,3.6165893,2.3165894,2.3465893,2.8965893,3.4365892,4.0065894,4.1065893,4.2965894,4.6865892,5.496589,6.3765893,7.1465893,8.016589,7.956589,8.36659,7.6965895,7.4265895,7.2365894,7.5065894,7.766589
0.89658934,2.7665894,1.9965893,1.1365894,0.74658936,0.19658935,0.50658935,1.1365894,0.046589356,0.35658935,0.61658937,0.61658937,5.016589,3.1865892,4.0465894,5.5065894,5.3865895,5.1765895,5.4465895,5.1965895,4.766589,5.1765895,5.0465894,5.1465893,5.1065893,3.8665893,2.6565893,2.4865894,2.5765893,3.4965894,3.9165893,4.5865893,5.2965894,6.3665895,5.536589,5.4065895,5.6365895,4.9865894,4.8165894,4.2965894,3.3765893,3.5565894,5.1765895,5.6865892,6.976589,7.4465895,8.58659,8.226589,7.786589,8.36659,8.896589,9.33659,8.696589,8.346589,8.07659,7.8665895,8.886589,9.306589
2.3365893,3.3365893,3.7165895,0.35658935,0.30658937,0.18658936,0.5965893,1.0865893,0.77658933,0.9065893,-0.08341064,0.47658935,-0.37341064,0.22658935,2.6565893,2.5665894,4.786589,5.1565895,5.1665893,5.0665894,4.5465894,5.0865893,5.016589,4.5265894,4.7165895,4.766589,5.0665894,5.6465893,6.3265896,6.2765894,6.6965895,7.1665893,7.1065893,7.2565894,7.036589,7.0465894,7.056589,7.056589,7.3765893,5.8265896,5.5865893,5.706589,6.6865892,7.0965896,8.396589,8.07659,9.03659,9.216589,8.896589,9.386589,9.1565895,9.11659,8.356589,8.41659,8.4065895,9.356589,9.606589,9.296589
1.7165893,2.2965894,1.7965894,0.29658934,0.99658936,0.49658936,0.41658935,0.17658935,0.27658936,0.96658933,0.7965894,0.58658934,0.39658937,0.26658934,1.2665894,1.6765894,1.3265893,1.8165894,5.4365892,4.4265895,4.2365894,4.5465894,4.456589,4.1565895,3.6065893,4.0465894,5.0965896,5.246589,5.6265893,6.3265896,7.016589,7.266589,7.306589,7.3665895,7.5265894,7.6965895,6.9865894,7.3465896,7.6965895,7.806589,7.6265893,7.2565894,8.196589,7.9065895,8.186589,7.996589,8.466589,9.006589,8.596589,8.78659,8.41659,8.396589,8.646589,8.856589,8.526589,9.606589,9.16659,8.356589
0.9065893,0.7265894,0.6065894,-0.46341065,0.18658936,-0.06341065,0.25658935,0.20658936,0.09658936,-0.18341064,0.68658936,-0.16341065,1.0165894,0.21658936,0.51658934,1.4065894,1.0965893,1.5765893,1.1565894,4.266589,3.6765893,3.0365894,3.4965894,3.5165894,3.6465893,4.0065894,4.1965895,4.6265893,4.8265896,5.6265893,6.5465894,7.4265895,7.6565895,7.1465893,7.5465894,7.7965894,7.6865892,7.556589,7.3665895,7.516589,7.7365894,8.296589,7.8665895,7.8965893,6.536589,7.5265894,8.196589,8.466589,8.486589,9.07659,8.86659,8.186589,7.9265895,7.806589,7.786589,7.7565894,7.6965895,8.106589
0.96658933,0.23658936,0.45658934,0.0065893554,0.18658936,0.22658935,0.37658936,0.26658934,-0.023410644,0.64658934,1.7765894,0.22658935,0.89658934,0.7365894,0.42658937,1.0465894,1.0165894,0.74658936,1.0765893,2.6265893,3.7365894,3.0365894,2.5765893,3.4365892,3.7365894,3.2865894,3.5965893,4.1165895,5.1265893,6.456589,6.5265894,7.3965893,7.496589,8.016589,7.8265896,7.766589,7.7565894,7.3665895,7.246589,7.1165895,7.6265893,7.1165895,7.3765893,6.9665895,7.266589,7.4065895,7.3965893,7.706589,7.2965894,7.6265893,8.016589,7.8365893,7.286589,7.0665894,7.3665895,7.8565893,7.6765895,7.206589
0.6565893,0.12658936,-0.073410645,-0.8934106,-0.13341065,0.31658936,-0.28341064,-0.17341064,-0.12341064,-0.073410645,0.45658934,0.24658936,0.9165894,0.63658935,1.0065894,0.64658934,0.88658935,0.96658933,0.48658934,0.93658936,2.7765894,2.9765894,2.5065894,3.0965893,3.1665893,3.2465894,2.4165893,2.7365894,5.1265893,6.036589,7.4165893,7.556589,7.9865894,7.8665895,7.706589,7.3165894,7.3165894,7.0465894,6.6765895,6.8665895,6.996589,7.0765896,6.8965893,6.2965894,6.4665895,6.6065893,6.4665895,7.1065893,6.8265896,6.6865892,6.3965893,7.206589,6.6465893,7.2165895,7.0265894,6.766589,6.306589,5.7165895
0.0065893554,-0.6534107,-0.34341064,-1.0934106,-0.25341064,-0.61341065,-0.22341065,-0.8934106,-0.25341064,-0.34341064,-0.18341064,0.036589354,-0.053410646,-0.13341065,0.12658936,0.48658934,0.67658937,0.106589355,0.34658936,0.16658935,0.9765894,1.9865893,1.9365894,2.4065893,2.5265894,1.9765893,2.1465893,3.1465893,3.4065893,5.5665894,6.8465896,7.226589,7.9665895,7.996589,7.6065893,7.6465893,7.456589,6.6565895,6.1465893,6.1365895,5.6865892,6.0665894,5.976589,6.0065894,6.4865894,6.4465895,5.8765893,6.3865895,5.956589,4.7565894,5.766589,5.556589,5.536589,6.226589,5.3865895,4.9065895,3.5065894,3.0465894
-0.27341065,-0.5834106,-0.9534106,-1.0234107,-0.43341064,-0.53341067,-0.27341065,-0.34341064,-0.24341065,-0.14341064,-0.043410644,0.25658935,-0.28341064,-0.34341064,0.28658935,0.64658934,0.29658934,-0.0034106446,-0.16341065,0.8565894,0.7965894,1.0865893,1.3665893,1.4565893,1.7365893,2.4765894,2.6565893,2.8365893,3.8165894,4.706589,5.996589,6.9865894,7.6465893,7.9365892,7.726589,7.3365893,7.1265893,5.9465895,5.5265894,5.1265893,4.6165895,4.1165895,4.7765894,4.976589,5.2965894,5.3265896,5.5065894,5.306589,5.5965896,4.2165895,4.4665895,4.6665893,5.266589,5.036589,4.6565895,4.456589,4.3865895,4.7965894
-0.30341065,-0.68341064,-0.46341065,-0.7134106,-0.5234106,-0.22341065,-0.41341063,-0.16341065,0.27658936,0.29658934,0.23658936,-0.113410644,0.036589354,-0.14341064,0.55658937,-0.15341064,-0.5234106,-0.69341063,-0.40341064,0.28658935,0.44658935,0.89658934,0.56658936,0.50658935,0.99658936,1.5565894,2.1065893,2.7265894,4.6565895,5.476589,5.9165893,6.6965895,7.306589,7.4665895,7.3765893,6.6665893,6.976589,6.4465895,5.996589,5.6165895,5.266589,4.6165895,4.6065893,4.766589,4.8865895,4.726589,4.9465895,4.956589,4.6965895,5.016589,5.476589,5.7765894,5.3265896,4.8365893,5.0965896,4.7565894,4.0765896,4.0865893
-0.5234106,-0.68341064,-0.69341063,-0.54341066,-0.5934107,-0.36341065,-0.56341064,-0.15341064,-0.043410644,0.12658936,0.24658936,0.36658937,0.12658936,0.08658936,0.16658935,0.28658935,-0.30341065,-0.41341063,-0.09341064,0.09658936,0.47658935,0.43658936,0.16658935,0.6665894,-0.053410646,-0.023410644,0.92658937,2.9665895,4.3365893,5.8365893,7.206589,7.7365894,7.7365894,7.8365893,7.8465896,6.8865895,6.7165895,6.9265895,7.536589,6.9165893,6.286589,4.9865894,5.1265893,4.9165893,4.5965896,4.8265896,4.7165895,3.5765893,4.4865894,4.4265895,4.3665895,4.8365893,4.0765896,4.7365894,4.0465894,3.5465894,4.306589,4.6465893
-0.25341064,-0.26341066,-0.55341065,-0.29341066,-0.5134106,-0.55341065,-0.06341065,-0.21341065,0.24658936,0.34658936,0.19658935,0.21658936,0.106589355,-0.013410645,0.35658935,0.55658937,0.56658936,0.71658933,0.31658936,0.57658935,0.69658935,0.99658936,0.52658933,0.6565893,0.36658937,0.51658934,0.17658935,1.5165894,1.9265894,3.2665894,3.5965893,9.24659,8.546589,8.346589,7.4165893,6.6965895,6.8265896,6.956589,6.4665895,6.6365895,6.036589,6.806589,5.9365892,6.9265895,5.7365894,5.1965895,4.8965893,5.4165893,3.8965893,3.4065893,2.9765894,4.6365895,4.6465893,4.7365894,5.3865895,3.4865894,2.5765893,2.4565895
0.036589354,0.34658936,-0.31341064,-0.43341064,-0.34341064,-0.33341065,-0.67341065,-0.75341064,-0.23341064,0.36658937,-0.043410644,0.51658934,0.39658937,0.70658934,0.70658934,0.7965894,0.7365894,0.25658935,0.5365894,0.43658936,0.9865894,1.1765894,0.83658934,1.1365894,1.0565894,1.6665894,0.88658935,2.1365893,2.5265894,1.1065893,2.8665893,2.6965895,7.8165894,8.686589,8.9065895,7.016589,5.9865894,6.6065893,6.496589,7.956589,7.5865893,6.3665895,6.1665893,6.4265895,7.476589,5.726589,6.016589,6.0265894,4.9465895,4.3765893,4.7565894,4.1265893,3.6665893,3.6865892,2.9965894,4.7965894,2.7865894,3.0165894
0.23658936,-0.073410645,0.35658935,0.30658937,-0.20341064,-0.49341065,-0.34341064,-0.41341063,-0.54341066,0.41658935,0.16658935,0.38658935,0.7365894,0.7865894,0.61658937,0.62658936,0.55658937,0.7865894,0.81658936,0.57658935,0.83658934,1.6065893,2.3265893,1.6365894,2.0065894,2.6265893,1.2765894,2.0765893,1.7265893,2.5565894,2.0565894,3.1965895,4.6665893,7.056589,6.4665895,8.11659,5.956589,5.6765895,5.726589,6.306589,6.306589,7.5465894,6.9865894,6.1165895,6.4665895,5.0265894,4.496589,5.6265893,6.246589,4.6465893,5.2965894,4.4165893,5.286589,5.476589,4.036589,3.4865894,4.4465895,3.5865893
0.17658935,0.47658935,0.39658937,-0.053410646,-0.013410645,-0.39341065,-0.19341065,-0.013410645,0.26658934,0.37658936,0.5465894,0.62658936,0.74658936,-0.013410645,1.1365894,0.71658933,1.0665894,0.92658937,1.0365894,1.2765894,1.3265893,1.1965894,1.5565894,1.3165894,1.7365893,2.7065895,2.2865894,2.7765894,2.7565894,2.1565893,3.0865893,3.4765894,4.2965894,7.6465893,5.0965896,8.606589,5.786589,4.7965894,4.9065895,3.6165893,4.766589,5.4665895,5.8365893,5.7165895,5.706589,5.2365894,4.8865895,4.3765893,4.9865894,5.0865893,4.766589,3.0565894,3.5265894,4.2165895,5.0665894,3.8565893,3.7065895,4.6365895
0.74658936,0.5365894,0.22658935,-0.033410646,-0.48341066,-0.42341065,-0.17341064,0.35658935,0.55658937,0.63658935,1.0165894,1.0065894,0.68658936,1.0465894,1.1065893,1.3565893,1.1265893,0.75658935,0.68658936,1.5365894,1.6965894,0.80658937,1.3665893,1.7065893,2.2665894,2.0665894,2.5165894,3.0765893,3.7765894,2.4065893,3.1265893,3.3865893,3.8165894,8.196589,6.2365894,5.996589,7.8965893,4.8265896,4.0865893,3.5465894,3.5465894,4.6665893,4.8265896,5.766589,5.706589,5.1065893,4.6465893,5.3265896,5.1265893,4.6265893,3.4965894,4.476589,4.4165893,3.9565895,4.6265893,4.786589,5.9365892,3.7165895
1.0765893,1.1765894,1.0265894,0.7965894,0.7865894,0.68658936,0.42658937,0.7865894,0.46658936,0.96658933,1.0565894,0.69658935,0.74658936,0.07658935,0.9165894,0.93658936,1.1665894,0.7365894,0.69658935,0.46658936,1.2565894,0.87658936,0.5965893,1.7765894,2.9165893,3.5565894,2.9065893,3.2365894,3.1165893,3.9265893,2.6165893,5.2765894,4.7765894,6.056589,4.9465895,4.9665895,7.4365892,5.9365892,4.016589,5.3765893,4.0665894,4.9065895,4.536589,3.9165893,4.956589,4.9265895,4.5965896,4.4065895,4.5465894,4.1565895,3.6465893,3.5465894,3.9165893,3.2365894,3.5765893,3.9265893,4.1765895,5.266589
0.51658934,1.1365894,0.82658935,1.2765894,0.9165894,0.89658934,1.0965893,0.93658936,1.1365894,0.37658936,0.52658933,0.55658937,0.52658933,0.7865894,0.40658936,0.5965893,1.0065894,0.6665894,0.6565893,0.20658936,0.6665894,1.3265893,1.6465894,1.6465894,1.6865894,2.3265893,1.9065894,2.7065895,3.3565893,4.6765895,4.3865895,3.8765893,4.786589,3.7865894,4.0465894,6.5065894,6.4665895,6.476589,5.7565894,4.1765895,3.7865894,4.2765894,4.556589,4.5065894,4.1265893,3.7165895,4.6165895,4.1065893,4.3865895,4.5465894,4.2965894,3.7365894,3.5865893,4.056589,3.9365892,3.4465895,3.7465894,3.3365893
0.55658937,0.7965894,1.2165893,0.94658935,0.92658937,0.83658934,1.0165894,1.3065894,0.94658935,1.0865893,0.40658936,0.64658934,0.22658935,0.7365894,1.0465894,0.22658935,0.43658936,0.56658936,0.81658936,1.0265894,0.7865894,0.44658935,1.4665893,0.9165894,0.41658935,1.3565893,0.99658936,2.4265893,2.5265894,5.8665895,6.3165894,4.9165893,3.4265893,1.7265893,3.4465895,5.8665895,5.9465895,6.6765895,7.2165895,3.8365893,3.5965893,4.766589,3.8065894,4.056589,3.9265893,3.3765893,3.0465894,2.8565893,2.8565893,2.9765894,3.9565895,3.9565895,3.1465893,3.7665894,3.5665894,3.8465893,3.7265894,3.8465893
0.63658935,0.5465894,0.87658936,0.63658935,0.8565894,0.55658937,0.09658936,1.0965893,1.2965894,0.52658933,0.46658936,0.36658937,0.35658935,0.50658935,0.86658937,0.67658937,0.066589355,0.39658937,0.69658935,0.95658934,1.1765894,1.7565894,0.26658934,0.17658935,0.22658935,1.2265893,0.28658935,1.3865894,4.0465894,2.4365892,3.0065894,1.7765894,1.8065894,1.8265893,3.3265893,3.6865892,4.976589,5.496589,6.4165893,7.226589,4.4065895,3.8265893,2.4365892,3.7765894,2.7165895,3.9565895,3.3965893,2.6365893,2.9165893,3.0665894,3.3265893,3.6965895,2.1365893,2.4665895,3.2765894,3.1665893,3.1465893,2.6865892
0.18658936,0.17658935,0.31658936,0.38658935,0.35658935,0.32658935,0.40658936,0.57658935,0.33658937,0.63658935,0.40658936,0.21658936,0.71658933,0.48658934,-0.113410644,0.31658936,0.44658935,0.34658936,0.64658934,2.1065893,0.41658935,0.83658934,0.82658935,0.5365894,0.74658936,-0.24341065,0.8465893,1.4965893,1.3265893,1.3465893,2.6165893,3.3665893,1.9665893,4.056589,3.3965893,1.8765893,2.0765893,3.7565894,4.6065893,5.786589,4.726589,4.5965896,1.7765894,1.2065893,3.0465894,2.8965893,3.2865894,1.9165894,3.7465894,2.3665893,2.0765893,2.2965894,2.3665893,2.2465894,2.6765893,2.8665893,3.1265893,1.9365894
0.55658937,0.48658934,0.82658935,0.88658935,0.45658934,0.43658936,-0.073410645,0.46658936,0.6065894,0.30658937,-0.7134106,0.15658936,0.13658935,-0.053410646,0.12658936,0.046589356,0.36658937,0.44658935,0.38658935,0.88658935,-0.053410646,0.39658937,-0.16341065,1.1665894,1.6565894,1.4265894,1.3565893,0.47658935,1.4665893,1.8865894,3.2165895,1.7365893,2.5265894,2.8665893,3.4865894,2.3265893,2.5065894,2.4765894,3.3365893,3.7865894,3.3665893,3.5865893,5.1665893,2.0865893,1.0765893,1.7365893,2.2865894,2.7165895,2.1165893,2.2165895,1.6965894,2.3065894,1.3265893,1.7365893,1.8165894,1.5565894,1.6465894,2.0665894
