json/gfs_20240721_00.json
{"header": { "discipline":0, "disciplineName":"Meteorological products", "gribEdition":2, "gribLength":79558, "center":7, "centerName":"US National Weather Service - NCEP(WMC)", "subcenter":0, "refTime":"2024-07-21T00:00:00.000Z", "significanceOfRT":1, "significanceOfRTName":"Start of forecast", "productStatus":0, "productStatusName":"Operational products", "productType":1, "productTypeName":"Forecast products", "productDefinitionTemplate":0, "productDefinitionTemplateName":"Analysis/forecast at horizontal level/layer at a point in time", "parameterCategory":2, "parameterCategoryName":"Momentum", "parameterNumber":2, "parameterNumberName":"U-component_of_wind", "parameterUnit":"m.s-1", "genProcessType":2, "genProcessTypeName":"Forecast", "forecastTime":0, "surface1Type":103, "surface1TypeName":"Specified height level above ground", "surface1Value":10.0, "surface2Type":255, "surface2TypeName":"Missing", "surface2Value":0.0, "gridDefinitionTemplate":0, "gridDefinitionTemplateName":"Latitude_Longitude", "numberPoints":65160, "shape":6, "shapeName":"Earth spherical with radius of 6,371,229.0 m", "gridUnits":"degrees", "resolution":48, "winds":"true", "scanMode":0, "nx":360, "ny":181, "basicAngle":0, "lo1":0.0, "la1":90.0, "lo2":359.0, "la2":-90.0, "dx":1.0, "dy":1.0 }, "data":
[rows 78 to 103 of 181, columns 58 to 115 of 360]
10.622889,11.092888,11.162889,11.192888,10.682888,11.492888,10.942888,11.302888,10.772888,10.732888,10.272888,10.312888,10.752888,10.722888,9.772888,10.232888,9.262888,7.5928884,2.0528882,5.012888,0.20288819,1.4928882,3.352888,4.6128883,5.0728884,6.1328883,5.0528884,5.202888,5.852888,6.0328884,4.9428883,5.6128883,5.1528883,5.392888,4.482888,5.1528883,5.682888,5.542888,5.4628882,6.1328883,6.002888,0.8928882,3.9328883,6.242888,6.022888,1.1128882,0.9728882,0.6328882,0.7628882,0.092888184,0.5928882,1.7628882,4.232888,7.742888,7.522888,7.5328884,6.932888,5.9028883
10.082889,10.002888,10.512888,11.062888,11.062888,11.052888,11.4528885,10.332889,10.602888,9.852888,9.822888,9.912889,10.102888,9.242888,9.422888,9.232888,7.3628883,7.312888,0.4528882,3.9128883,7.6928883,8.242888,7.3828883,6.262888,6.772888,5.972888,6.3028884,5.542888,4.892888,3.8028882,4.512888,5.412888,5.412888,5.5528884,4.742888,4.9228883,5.772888,5.4428883,5.412888,6.642888,5.812888,0.73288816,4.6928883,4.872888,5.5328884,4.622888,2.872888,1.5928882,1.8728882,0.9928882,4.412888,10.712888,12.532888,11.992888,9.982888,8.062888,5.972888,6.082888
10.352888,11.002888,11.182888,11.382888,11.292889,11.352888,11.312888,10.552888,10.102888,8.872889,8.572888,8.722888,8.672888,8.4528885,6.932888,6.9028883,6.892888,7.4628882,4.952888,1.9428881,1.9528881,3.1628883,5.542888,7.3628883,7.102888,7.182888,5.002888,3.5028882,4.452888,4.662888,5.262888,5.0928884,5.3828883,5.472888,4.8428884,5.512888,5.472888,4.872888,6.5328884,5.642888,3.8128881,0.54288816,2.5828881,3.7528882,4.8428884,6.472888,8.052888,9.292889,2.5628881,8.252888,8.742888,10.432888,10.632888,10.052888,8.842888,7.492888,6.3228884,5.0728884
10.992888,11.342888,11.712888,11.212888,11.332889,10.102888,10.072888,9.132888,8.602888,8.7028885,8.192888,8.162889,8.082889,7.7128882,7.2828884,6.7828884,6.522888,7.312888,5.602888,0.032888185,5.2828884,6.972888,3.1628883,5.852888,8.932888,7.3828883,5.732888,3.5228882,3.8328881,3.872888,4.9028883,4.332888,4.742888,4.832888,4.6528883,4.9428883,5.4028883,5.662888,7.4228883,4.042888,3.642888,0.9728882,3.2328882,3.7328882,2.8128881,3.4128883,5.1928883,2.642888,7.492888,8.482888,8.362888,8.992888,8.462888,8.152888,7.0728884,6.3828883,6.142888,4.9428883
10.682888,10.842888,9.762888,11.2028885,10.262888,9.232888,9.502888,9.262888,9.012888,9.252888,8.252888,8.332889,8.502888,7.7828884,7.972888,6.6928883,7.0528884,6.5728884,5.932888,6.002888,9.942888,9.692888,4.062888,5.662888,4.162888,0.8828882,4.002888,4.8428884,4.5728884,3.3128881,4.662888,3.9228883,4.1528883,4.252888,3.592888,3.622888,4.5528884,4.912888,5.542888,4.272888,3.3228881,-0.5971118,0.20288819,5.662888,4.602888,4.622888,4.472888,5.8828883,6.492888,7.002888,7.372888,7.102888,7.012888,6.3028884,6.3228884,5.972888,5.792888,4.872888
9.502888,10.372889,10.392888,10.2028885,9.772888,9.492888,9.252888,8.7028885,8.412889,8.132888,8.192888,7.0728884,6.972888,6.812888,6.512888,5.8428884,6.1328883,5.6728883,5.9028883,5.372888,5.682888,5.602888,-0.8471118,2.9928882,2.0628881,5.4228883,6.102888,5.4628882,4.182888,3.6828883,3.5328882,3.7928882,3.2528882,3.632888,2.8128881,2.5228882,3.112888,3.9428883,4.142888,3.9428883,1.8828882,2.882888,0.54288816,3.3028882,1.9328882,2.5428882,3.2728882,3.122888,4.8628883,5.452888,5.6128883,5.6528883,5.162888,6.1728883,5.2128882,5.332888,4.772888,3.6728883
10.062888,9.722888,9.402888,8.932888,8.732888,7.872888,7.222888,6.792888,7.162888,7.162888,6.3628883,6.752888,6.5328884,6.3028884,5.682888,5.232888,4.8028884,5.2828884,5.8228884,4.792888,4.752888,4.182888,5.3028884,7.242888,9.072888,6.852888,6.162888,5.2128882,3.622888,3.642888,3.6628883,3.2728882,2.4028883,2.092888,2.0128882,1.4028882,0.7128882,2.5328882,-0.70711184,-1.3771118,-1.3171118,1.5828881,2.6728883,0.11288819,0.49288818,-0.3571118,0.24288818,3.5228882,3.892888,3.8228881,3.8128881,4.012888,4.522888,4.0328884,3.872888,4.372888,2.9528883,2.1528883
8.632888,7.1128883,6.9428883,7.1528883,6.982888,6.432888,6.272888,5.8628883,6.562888,5.682888,5.3028884,5.5328884,4.702888,5.062888,4.6728883,4.662888,4.412888,4.772888,3.9828882,3.5528882,3.8028882,3.9428883,5.762888,6.1928883,6.022888,6.452888,5.0928884,4.082888,3.3328881,3.592888,3.372888,2.5128882,0.86288816,1.6228882,1.2328882,-0.20711182,-0.20711182,-3.2871118,-0.40711182,0.5228882,0.3528882,-0.64711183,-0.20711182,-0.09711181,0.46288818,0.7628882,1.6528882,2.7828882,3.0028882,2.892888,3.2828882,3.9328883,4.8628883,4.262888,3.642888,3.0028882,0.9028882,0.23288818
6.252888,5.6528883,5.732888,5.6928883,4.9228883,4.742888,5.492888,4.5928884,5.232888,4.8028884,4.312888,3.7328882,3.1528883,3.5628881,4.0928884,3.372888,3.3228881,3.372888,3.1528883,2.8228881,3.2328882,4.0528884,3.5328882,4.8428884,5.8228884,5.162888,4.482888,3.2628882,3.0328882,2.5228882,2.4828882,0.79288816,0.6928882,-0.15711182,-0.33711183,-1.4571118,-1.6171118,-2.4971118,-3.2571118,-1.0571119,1.3228881,2.7228882,-2.7371118,-1.3571118,0.082888186,0.3828882,0.7728882,-0.23711182,0.18288818,1.7728882,2.2928882,3.4028883,4.6728883,4.292888,3.2728882,1.2628882,-0.69711185,-0.28711182
3.7928882,2.6928883,3.0528882,2.5028882,2.9028883,3.642888,4.022888,3.6528883,3.4428883,3.4028883,3.1928883,3.132888,2.2328882,3.1528883,3.5128882,2.3328881,2.2928882,2.9528883,3.0828881,2.3128881,3.3128881,2.8128881,2.8328881,2.7928882,3.382888,2.6528883,1.6928881,1.6628882,2.0528882,1.4328882,0.8228882,-0.31711182,-0.9171118,-0.89711183,-1.0171118,-2.137112,-2.0871117,-2.4371119,-0.8571118,-3.2571118,-0.33711183,1.5028882,-0.25711182,-3.8171117,-0.2671118,0.3228882,-0.28711182,-1.4671118,-1.7171118,0.6528882,2.0228882,3.5228882,5.0528884,4.1528883,0.30288818,-0.18711181,-0.51711184,0.122888185
1.5628881,0.9628882,1.0328882,1.3828882,2.2428882,1.5828881,0.5128882,0.8928882,0.4228882,1.1128882,1.4728882,1.4928882,1.7428882,0.7028882,1.1928881,1.0028882,1.1528882,1.5128882,0.7228882,1.1028882,1.1728882,1.6628882,1.1328882,1.5828881,1.8628882,1.2028881,0.6328882,0.54288816,0.3828882,0.012888184,-0.9071118,-1.0671118,-1.3071119,-2.2871118,-1.6071118,-2.637112,-2.7471118,-2.887112,-2.647112,-2.127112,-3.2971117,0.052888185,0.5128882,-0.3671118,-2.887112,-0.33711183,0.19288819,-2.637112,-1.9171119,-1.0671118,0.5328882,1.3028882,0.7228882,-1.1471118,-0.09711181,-0.40711182,-0.5471118,-0.20711182
-0.2971118,0.16288818,-0.4871118,0.2628882,0.6428882,-0.047111817,-0.4871118,-1.1871119,-0.88711184,0.2928882,0.14288819,-1.3971118,0.5928882,-0.7471118,-1.6671119,-1.5471119,-1.3371118,-1.2371118,-0.76711184,-0.7871118,-1.0171118,-0.7471118,-1.4271119,-0.15711182,0.5228882,0.17288819,0.31288818,-0.30711183,-0.70711184,-2.0271118,-2.0671117,-1.7871118,-2.397112,-2.7871118,-2.9871118,-2.8271117,-3.0971117,-3.7671118,-3.4271119,-2.8171117,0.86288816,-1.2871118,0.34288818,-0.88711184,-0.2971118,-0.4871118,-1.1271118,-2.4871118,-3.407112,-2.2771118,-1.8271118,-0.33711183,-0.13711181,-0.76711184,-0.27711183,-0.21711181,-0.51711184,0.11288819
-1.3971118,-1.2171118,-1.7871118,-0.51711184,-0.3971118,-0.89711183,-2.2871118,-2.5671117,-1.1271118,-2.5371118,-0.9971118,-1.5071118,-1.5571119,-1.7371118,-2.1671119,-2.5271118,-2.2971117,-2.7471118,-1.5471119,-2.0971117,-2.2471118,-2.1771119,-1.9671118,-0.9871118,-1.3271118,-1.5471119,-1.1171118,-0.7171118,-2.0471117,-2.8171117,-3.1971118,-2.907112,-3.5071118,-3.8271117,-3.4171119,-3.8371117,-3.607112,-4.3471117,-3.647112,-3.0971117,-2.6671119,-3.407112,-1.2971119,0.3928882,-0.34711182,-0.6871118,-4.247112,-3.6771119,-4.2171116,-3.6871119,-3.9171119,-3.627112,-0.24711181,-0.4871118,-0.6271118,-0.51711184,-0.3271118,0.25288817
-1.7271118,-3.0471117,-2.637112,-2.127112,-2.2571118,-2.637112,-2.4671118,-3.117112,-3.2871118,-4.047112,-4.0371118,-3.7971117,-2.6871119,-3.0971117,-3.0371118,-3.357112,-3.7971117,-3.2271118,-2.607112,-2.9871118,-3.0971117,-3.3471117,-2.5871117,-2.7071118,-2.4471118,-2.2571118,-1.6171118,-2.377112,-3.4671118,-3.8071117,-3.857112,-4.257112,-4.357112,-4.227112,-4.337112,-5.237112,-4.897112,-4.6971116,-4.4671116,-3.907112,-4.207112,-1.6571118,-2.377112,0.5928882,-0.9371118,-0.31711182,-0.3871118,-4.997112,-5.457112,-5.487112,-5.757112,-6.357112,-0.7271118,-0.9971118,-0.70711184,0.23288818,0.5928882,0.55288815
-3.0371118,-3.9671118,-3.4771118,-3.9871118,-3.4271119,-3.0571117,-3.6671119,-3.6671119,-4.6371117,-4.9071116,-4.437112,-3.4671118,-3.7071118,-4.567112,-4.207112,-3.5271118,-3.8271117,-4.167112,-3.3171117,-3.9471118,-3.7171118,-3.8471117,-3.7371118,-3.9371119,-3.367112,-3.137112,-3.3171117,-3.877112,-4.777112,-4.957112,-4.5971117,-4.767112,-4.8871117,-4.727112,-5.0571117,-5.647112,-5.337112,-5.3471117,-5.1571116,-4.877112,-5.0571117,-4.3071117,-3.4671118,-1.3771118,0.6428882,0.11288819,-0.6271118,-3.9871118,-0.8171118,-6.6171117,-6.877112,-7.5371118,-5.6371117,-1.3371118,-0.5371118,-0.7271118,-0.5671118,-0.007111816
-3.0271118,-4.3271117,-4.6571116,-3.867112,-4.857112,-5.517112,-5.047112,-7.1971116,-6.4071116,-6.4671116,-5.4671116,-4.687112,-5.1571116,-5.587112,-5.507112,-5.357112,-5.417112,-5.1171117,-5.067112,-4.767112,-4.6971116,-4.8871117,-4.987112,-4.6571116,-4.257112,-3.907112,-4.0971117,-5.6571116,-5.477112,-5.517112,-5.507112,-5.6371117,-5.8471117,-5.747112,-6.257112,-6.437112,-5.877112,-5.6971116,-6.167112,-6.6171117,-6.0771117,-6.127112,-5.6771116,-4.1371117,-1.0171118,0.092888184,-0.9971118,-0.5471118,-3.7171118,-6.567112,-2.627112,-8.027112,-7.7871118,-3.4371119,-1.5971118,-2.5271118,-1.0671118,-1.5171118
-2.4271119,-4.567112,-4.517112,-4.727112,-6.7871118,-5.187112,-6.527112,-7.6571116,-7.2171116,-6.9071116,-6.357112,-6.257112,-6.707112,-8.527112,-7.8071117,-6.0571117,-6.127112,-5.897112,-5.9471116,-6.8671117,-6.1571116,-6.167112,-6.517112,-6.0571117,-5.8471117,-5.267112,-5.567112,-6.007112,-6.4071116,-6.817112,-6.5771117,-6.6771116,-6.8871117,-7.007112,-7.2871118,-6.877112,-6.667112,-6.417112,-7.1971116,-7.4471116,-7.6171117,-7.3471117,-6.337112,-6.257112,-6.257112,-0.5471118,-0.31711182,-0.9171118,-5.2871118,-6.2871118,-6.4071116,-7.497112,-7.587112,-8.437112,-7.587112,-6.277112,-6.317112,-3.5171118
-3.5371118,-4.687112,-5.187112,-5.4671116,-6.417112,-5.817112,-6.527112,-6.087112,-6.8471117,-6.6771116,-7.107112,-6.7871118,-7.457112,-8.947112,-7.8471117,-6.5971117,-6.567112,-6.9471116,-8.017112,-8.647112,-8.077112,-8.527112,-7.127112,-7.067112,-7.567112,-6.8671117,-6.877112,-6.837112,-7.687112,-7.797112,-7.857112,-7.737112,-7.797112,-8.107112,-7.9471116,-7.917112,-7.857112,-7.8471117,-8.077112,-9.057112,-8.697112,-8.237112,-7.9071116,-7.0571117,-6.897112,-7.8671117,-0.7171118,0.43288818,-2.9671118,-6.587112,-6.1171117,-7.487112,-7.207112,-7.777112,-8.267112,-7.607112,-7.267112,-6.707112
-4.267112,-4.5371118,-5.007112,-5.337112,-6.4271116,-6.027112,-6.517112,-6.8071117,-7.3271117,-7.397112,-7.747112,-7.837112,-7.9071116,-8.597112,-7.777112,-6.607112,-6.747112,-7.747112,-8.387112,-9.357112,-8.587111,-8.237112,-8.277112,-8.187112,-7.8271117,-7.477112,-7.777112,-7.647112,-8.097112,-8.267112,-8.477112,-8.447112,-8.667111,-8.787112,-8.697112,-8.307112,-8.837111,-8.707111,-9.367112,-9.5471115,-9.527112,-9.157112,-9.167111,-9.007112,-9.177112,-8.527112,-7.8071117,-3.357112,-0.33711183,-2.107112,-4.0971117,-2.3471117,-5.5571117,-6.017112,-7.497112,-9.477112,-6.087112,-7.817112
-5.497112,-5.0571117,-5.0371118,-5.4271116,-5.797112,-6.4671116,-6.6571116,-7.337112,-7.3471117,-8.017112,-8.477112,-9.127111,-9.017112,-8.127111,-7.5571117,-7.017112,-7.6371117,-8.157112,-8.397112,-8.607112,-8.327112,-8.627111,-8.197112,-7.267112,-7.8071117,-7.767112,-7.5971117,-7.917112,-8.587111,-8.277112,-8.537112,-8.607112,-8.757112,-8.737112,-8.807112,-9.097112,-9.277112,-9.317112,-9.567112,-9.787112,-10.117112,-9.727112,-9.637112,-9.847112,-9.5471115,-9.257112,-9.147112,-9.227112,-5.727112,-0.9071118,0.042888183,0.44288817,-0.3271118,-0.34711182,0.07288818,-0.24711181,-5.0371118,-6.3671117
-5.7871118,-5.6971116,-5.757112,-5.727112,-6.227112,-6.587112,-6.977112,-7.1571116,-7.3471117,-7.687112,-9.0471115,-9.337111,-9.087111,-8.737112,-7.857112,-7.837112,-8.247112,-7.817112,-8.187112,-8.637112,-8.437112,-8.117112,-7.8071117,-7.067112,-7.5571117,-7.747112,-7.7171116,-7.797112,-8.007112,-8.427112,-8.267112,-8.257112,-8.757112,-8.447112,-8.747112,-8.737112,-9.637112,-8.807112,-9.817112,-10.0471115,-9.777112,-9.887112,-10.247112,-10.117112,-10.037112,-10.037112,-10.007112,-9.317112,-9.617112,-10.177112,-8.557112,-8.777112,-7.4271116,-1.4771118,0.98288816,-0.57711184,-0.007111816,0.122888185
-6.0971117,-6.227112,-6.247112,-5.997112,-6.3671117,-7.087112,-7.2871118,-7.567112,-7.3671117,-7.357112,-8.417111,-8.307112,-8.667111,-8.757112,-8.527112,-7.857112,-8.067112,-8.087111,-8.717112,-8.457111,-8.337111,-7.3271117,-7.567112,-6.487112,-7.267112,-7.937112,-7.9271116,-7.167112,-7.8871117,-8.0471115,-8.357112,-8.337111,-8.217112,-8.577112,-8.807112,-8.777112,-9.517112,-9.337111,-9.867112,-9.517112,-9.897112,-10.787112,-10.487112,-10.537112,-10.467112,-9.667111,-9.417111,-9.387112,-9.177112,-8.717112,-9.337111,-8.957111,-9.007112,-9.147112,-8.527112,-7.1371117,-6.4271116,-6.8871117
-6.417112,-6.417112,-7.017112,-6.727112,-6.747112,-7.6771116,-8.277112,-7.4071116,-7.337112,-7.187112,-7.9271116,-8.397112,-8.627111,-8.157112,-8.477112,-8.037112,-8.347112,-8.467112,-8.767112,-8.807112,-8.137112,-7.517112,-7.067112,-6.857112,-7.187112,-7.9071116,-7.8271117,-6.6571116,-7.817112,-7.517112,-7.777112,-8.177112,-8.237112,-8.337111,-8.747112,-8.917111,-9.437112,-9.807112,-10.507112,-10.227112,-10.227112,-10.087111,-10.147112,-10.287112,-9.987112,-9.387112,-9.457111,-9.127111,-9.177112,-9.2971115,-9.917111,-10.147112,-9.307112,-8.217112,-9.237112,-8.487112,-7.757112,-7.9071116
-6.257112,-7.8471117,-7.477112,-7.667112,-8.017112,-7.8871117,-8.007112,-8.487112,-7.247112,-7.4671116,-7.5971117,-8.077112,-8.097112,-8.117112,-8.457111,-8.637112,-8.617112,-8.607112,-8.727112,-8.467112,-8.597112,-7.987112,-7.457112,-7.4671116,-8.037112,-7.507112,-7.1771116,-6.8271117,-6.777112,-6.247112,-7.587112,-7.167112,-8.017112,-8.717112,-8.627111,-8.967112,-9.577112,-9.527112,-9.877111,-10.167111,-9.597112,-9.877111,-9.987112,-10.267112,-9.617112,-9.187112,-9.247112,-9.407112,-9.907112,-10.257112,-10.417111,-10.987112,-9.967112,-8.997112,-9.327112,-8.717112,-9.127111,-8.597112
-7.2171116,-6.797112,-7.957112,-8.617112,-7.7871118,-7.837112,-8.007112,-8.467112,-8.077112,-7.8871117,-8.737112,-8.227112,-8.607112,-8.557112,-8.197112,-8.147112,-8.617112,-8.477112,-8.367112,-8.287112,-8.2971115,-8.217112,-7.9071116,-7.9471116,-8.057112,-8.5471115,-7.6371117,-6.517112,-6.6171117,-6.017112,-7.277112,-6.7871118,-7.797112,-8.607112,-8.747112,-8.527112,-9.607112,-9.617112,-9.767112,-9.457111,-9.357112,-9.0471115,-8.947112,-9.477112,-9.917111,-10.457111,-9.787112,-9.687112,-9.677112,-10.057112,-10.067112,-10.137112,-9.867112,-9.267112,-9.617112,-8.937112,-8.107112,-8.5471115
-7.527112,-6.6971116,-7.167112,-7.8071117,-7.8671117,-8.137112,-8.657112,-8.317112,-7.8671117,-8.007112,-7.737112,-7.567112,-8.267112,-8.467112,-8.137112,-7.5371118,-8.037112,-7.757112,-7.417112,-7.487112,-7.917112,-8.507112,-8.557112,-8.227112,-8.747112,-8.097112,-7.3071117,-7.397112,-6.507112,-6.127112,-6.5771117,-6.997112,-7.547112,-8.337111,-8.527112,-8.447112,-9.357112,-9.457111,-9.067112,-9.017112,-8.497112,-8.917111,-8.337111,-7.667112,-9.147112,-10.267112,-10.537112,-11.447112,-11.147112,-10.827112,-10.747112,-10.617112,-10.377111,-10.107112,-9.707111,-8.967112,-8.697112,-8.637112
