json/gfs_20240721_12.json
{"header": { "discipline":0, "disciplineName":"Meteorological products", "gribEdition":2, "gribLength":79836, "center":7, "centerName":"US National Weather Service - NCEP(WMC)", "subcenter":0, "refTime":"2024-07-21T12:00:00.000Z", "significanceOfRT":1, "significanceOfRTName":"Start of forecast", "productStatus":0, "productStatusName":"Operational products", "productType":1, "productTypeName":"Forecast products", "productDefinitionTemplate":0, "productDefinitionTemplateName":"Analysis/forecast at horizontal level/layer at a point in time", "parameterCategory":2, "parameterCategoryName":"Momentum", "parameterNumber":3, "parameterNumberName":"V-component_of_wind", "parameterUnit":"m.s-1", "genProcessType":2, "genProcessTypeName":"Forecast", "forecastTime":0, "surface1Type":103, "surface1TypeName":"Specified height level above ground", "surface1Value":10.0, "surface2Type":255, "surface2TypeName":"Missing", "surface2Value":0.0, "gridDefinitionTemplate":0, "gridDefinitionTemplateName":"Latitude_Longitude", "numberPoints":65160, "shape":6, "shapeName":"Earth spherical with radius of 6,371,229.0 m", "gridUnits":"degrees", "resolution":48, "winds":"true", "scanMode":0, "nx":360, "ny":181, "basicAngle":0, "lo1":0.0, "la1":90.0, "lo2":359.0, "la2":-90.0, "dx":1.0, "dy":1.0 }, "data":
[rows 135 to 161 of 181, columns 177 to 235 of 360]
4.992296,5.062296,5.8922963,6.812296,6.462296,6.1222963,4.8522964,5.342296,7.3322964,7.8322964,-6.2977037,-13.117703,-14.017704,-12.307704,-11.587704,-10.377704,-10.427704,-9.927704,-10.017704,-11.827703,-12.217704,-12.2877035,-10.597704,-9.127704,-8.957704,-9.417704,-8.857704,-8.717704,-8.437704,-7.3177037,-5.927704,-4.617704,-4.117704,-1.2977039,0.07229614,1.6622962,2.4922962,3.7122962,3.872296,4.8922963,5.052296,5.942296,6.282296,6.3322964,6.6622963,6.802296,7.4122963,8.232296,8.662296,8.742296,7.6822963,7.552296,8.002296,7.8522964,7.1222963,6.312296,6.132296,5.902296,5.722296
4.4122963,5.552296,6.732296,7.1822963,6.492296,5.512296,5.802296,6.732296,7.0822964,5.902296,2.3422961,-3.317704,-7.5477037,-8.237704,-9.2877035,-9.917704,-9.547704,-10.577703,-11.317704,-9.987704,-10.047704,-8.937704,-9.297704,-10.107704,-9.617703,-9.387704,-8.647704,-8.177704,-7.6077037,-6.177704,-5.1277037,-2.867704,-1.0877038,1.2322961,2.412296,1.0322962,3.2022963,3.8122962,4.562296,6.472296,5.992296,6.462296,6.862296,7.652296,8.372296,7.9522963,8.012296,8.042296,8.072296,8.662296,8.182296,8.782296,8.442296,8.032296,7.062296,6.6022964,6.062296,5.862296,5.062296
3.112296,4.972296,6.402296,7.212296,6.172296,5.1622963,4.572296,4.8722963,5.362296,3.412296,1.2122961,-1.9577038,-4.327704,-6.6477036,-7.6677036,-8.147704,-8.977704,-9.417704,-10.267704,-9.817704,-9.397704,-9.487704,-9.667704,-9.227704,-8.837704,-8.527704,-7.757704,-7.157704,-5.777704,-4.427704,-2.9077039,-0.8977039,-0.037703857,0.7222961,2.412296,3.0122962,3.9622962,4.542296,5.8322964,5.742296,5.962296,6.742296,7.362296,7.842296,8.122296,8.832296,10.392296,9.832296,9.262296,10.242296,9.762296,9.912296,10.282296,11.002296,9.562296,10.532296,8.902296,5.962296,6.2022963
1.3522961,3.4622962,4.8522964,5.9522963,5.942296,4.322296,3.2422962,2.9522963,2.2022963,1.7422961,0.06229614,-1.9877038,-4.697704,-6.447704,-7.757704,-8.527704,-8.827703,-8.267704,-8.387704,-8.777704,-9.117703,-8.587704,-8.417704,-8.407703,-7.5477037,-7.787704,-6.8777037,-5.537704,-3.7377038,-3.2177038,-1.6177039,0.6522961,1.1622962,2.7422962,3.7322962,4.6622963,4.992296,6.1422963,5.1822963,5.312296,6.112296,6.302296,6.902296,8.152296,8.502296,8.872296,10.232296,10.342297,10.672297,10.052296,10.522296,10.362296,10.102296,9.9622965,9.942296,10.112296,10.322296,9.322296,8.722296
0.76229614,2.2022963,2.9722962,3.392296,4.062296,3.402296,1.5322962,1.0522962,0.64229614,-0.40770385,-1.3277038,-1.8977039,-3.327704,-3.9377038,-4.977704,-5.887704,-6.807704,-6.777704,-7.3777037,-7.427704,-7.5477037,-7.6677036,-7.717704,-7.247704,-7.197704,-6.207704,-4.787704,-4.677704,-3.7477038,-1.0277039,0.86229616,3.5122962,4.072296,5.442296,5.7022963,5.672296,5.262296,5.0822964,5.022296,5.362296,5.9122963,5.962296,7.262296,7.502296,8.152296,9.972296,10.352296,10.072296,9.812296,9.892296,10.022296,9.592297,8.752296,8.882297,9.442296,9.482296,10.982296,11.132297,10.362296
0.80229616,1.7522961,2.0122962,2.5322962,2.4822962,1.3122962,0.36229613,0.022296142,-0.19770385,-1.2977039,-2.097704,-2.9677038,-3.7277038,-4.5877037,-5.597704,-6.3777037,-7.0677037,-7.3577037,-6.847704,-6.5477037,-6.847704,-6.577704,-6.287704,-5.887704,-6.257704,-5.947704,-4.617704,-1.9677038,0.46229613,1.4422961,2.642296,3.8322961,3.7222962,4.732296,5.562296,5.542296,5.9122963,5.882296,6.022296,6.252296,7.022296,8.002296,7.322296,7.962296,7.8722963,8.662296,9.982296,9.512296,9.402296,9.322296,9.412296,8.822296,8.342297,8.532296,8.722296,10.402296,12.342297,12.352296,12.882297
-0.16770385,-0.80770385,-1.4877038,-0.55770385,0.22229615,-0.39770386,-0.50770384,-0.49770385,-0.99770385,-1.6477039,-2.4777038,-3.1977038,-3.1877038,-3.637704,-4.5477037,-5.527704,-6.367704,-7.117704,-6.7977037,-5.557704,-5.947704,-6.557704,-6.077704,-4.787704,-4.1077037,-2.1977038,-0.68770385,0.93229616,1.7222961,2.442296,4.382296,5.072296,2.692296,4.9522963,5.112296,5.822296,6.362296,6.192296,6.842296,6.8922963,7.572296,7.8322964,8.242296,9.062296,9.172297,8.472296,10.012296,9.342297,9.002296,8.352296,8.902296,8.572296,8.292296,8.862296,10.242296,11.312296,12.542296,13.372296,12.4622965
-2.5477037,-2.597704,-3.4377038,-4.1477036,-3.627704,-2.7777038,-2.7477038,-3.1777039,-3.867704,-4.487704,-4.717704,-5.277704,-4.7977037,-4.237704,-4.237704,-4.517704,-4.427704,-5.307704,-5.677704,-5.597704,-5.097704,-5.137704,-3.887704,-3.317704,-1.6977038,-0.8477039,-0.037703857,0.62229615,2.2222962,1.7522961,1.7322961,2.942296,4.222296,5.712296,5.232296,5.252296,6.792296,7.3922963,7.442296,7.1222963,7.272296,7.672296,9.052296,9.822296,9.4622965,10.362296,9.352296,8.782296,8.532296,8.692296,7.902296,7.862296,7.492296,9.042296,9.442296,10.942296,11.642296,13.752296,13.542296
-4.557704,-4.287704,-4.137704,-4.097704,-4.6677036,-4.827704,-4.347704,-3.857704,-4.1677036,-4.3377037,-5.017704,-5.527704,-4.6277037,-4.8577037,-4.737704,-4.967704,-4.887704,-4.367704,-3.9777038,-3.9377038,-3.607704,-3.587704,-3.7877038,-1.4077039,0.11229614,0.42229614,1.4522961,3.142296,3.102296,2.402296,2.5922961,3.3422961,3.652296,5.512296,6.012296,6.3322964,6.422296,7.6422963,7.492296,6.982296,7.7022963,8.932296,9.452296,9.772296,9.7122965,9.362296,9.322296,9.492296,9.042296,8.642296,7.922296,7.052296,7.782296,8.672297,9.102296,9.792296,10.572296,11.252296,13.672297
-6.517704,-5.6077037,-5.477704,-5.1277037,-4.597704,-4.637704,-4.467704,-3.847704,-2.9177039,-4.277704,-5.077704,-5.2977037,-5.017704,-4.137704,-3.7877038,-3.6677039,-4.057704,-4.3577037,-3.867704,-2.9277039,-3.327704,-2.387704,-2.5277038,-1.4877038,1.0722961,1.3222961,0.7122961,1.5722961,2.3422961,2.2622962,2.602296,3.372296,3.632296,5.5822964,5.002296,6.172296,6.542296,8.2122965,8.922297,8.542296,8.442296,9.262296,9.832296,10.242296,10.342297,10.272296,10.542296,9.732296,8.982296,8.322296,7.6222963,7.012296,8.012296,8.932296,9.602296,9.882297,9.732296,10.182296,10.142296
-8.607704,-7.637704,-6.8577037,-6.307704,-6.217704,-6.117704,-5.347704,-5.517704,-4.977704,-5.227704,-5.557704,-5.477704,-5.247704,-5.027704,-5.0677037,-4.027704,-2.617704,-2.877704,-3.4777038,-2.9277039,-3.0177038,-3.4077039,-1.0477039,0.81229615,0.77229613,2.872296,3.3022962,3.9622962,3.2322962,3.5122962,3.5422962,3.612296,3.3122962,6.0822964,4.152296,4.4322963,4.902296,5.222296,5.632296,6.842296,8.012296,8.942296,9.132297,9.882297,10.322296,10.302296,10.2122965,10.242296,9.792296,8.372296,6.842296,8.062296,8.592297,9.412296,10.262296,11.002296,11.362296,12.402296,13.422297
-10.827703,-10.047704,-9.327703,-7.767704,-6.267704,-5.497704,-4.697704,-5.017704,-5.987704,-6.747704,-7.017704,-6.8977036,-4.6077037,-3.067704,-3.127704,-3.6677039,-3.637704,-3.9777038,-3.2877038,-2.9677038,-3.2577038,-1.8177038,0.52229613,1.5322962,2.3422961,3.0022962,3.442296,3.432296,3.8322961,4.022296,3.8422961,3.4722962,3.3122962,5.402296,5.6822963,4.552296,4.062296,3.442296,3.5422962,4.722296,6.532296,8.632297,9.882297,10.532296,10.842297,10.802296,10.302296,9.482296,9.322296,8.502296,8.382297,8.572296,9.902296,10.052296,11.062296,11.532296,12.412296,12.982296,13.362296
-11.717704,-11.137704,-10.357704,-9.277704,-8.217704,-7.597704,-7.437704,-7.5477037,-6.5677037,-6.057704,-5.717704,-4.6477036,-4.447704,-4.597704,-4.5477037,-5.477704,-4.517704,-3.7577038,-1.9377038,-0.82770383,-0.29770386,0.20229614,0.9122961,1.5822961,2.392296,3.7622962,5.4522963,5.992296,6.132296,6.632296,7.272296,7.252296,6.262296,5.752296,5.772296,5.282296,4.462296,3.2722962,4.382296,5.692296,7.3322964,8.2122965,9.052296,9.952296,10.132297,10.472296,10.172297,10.172297,9.692296,9.812296,9.532296,9.652296,10.322296,11.182296,11.602296,12.412296,12.062296,13.982296,13.262296
-13.527704,-12.377704,-11.637704,-10.587704,-9.747704,-8.457704,-8.347704,-7.267704,-8.047704,-7.237704,-6.6277037,-6.4177036,-6.477704,-6.5677037,-6.007704,-5.727704,-4.5877037,-2.6777039,-1.7777039,-0.5377039,0.26229614,0.74229616,1.0822961,1.1722962,0.43229616,1.2422961,4.6822963,7.1222963,6.712296,6.4122963,5.812296,5.9322963,6.152296,5.942296,5.8722963,4.842296,3.162296,4.462296,6.1622963,7.512296,8.542296,9.322296,9.772296,9.762296,10.002296,10.222296,10.002296,9.942296,10.162296,9.7122965,10.012296,11.142296,11.822296,12.182296,12.332296,12.512296,11.9622965,12.312296,12.012296
-14.477704,-13.637704,-12.627704,-11.577703,-10.887704,-10.127704,-8.877704,-9.087704,-8.237704,-7.947704,-6.5877037,-6.6077037,-7.5877037,-7.007704,-4.617704,-3.617704,-3.137704,-2.2777038,-1.3177038,-0.45770386,-0.0077038575,0.07229614,0.44229615,2.0222962,2.892296,3.362296,5.992296,4.922296,4.712296,4.942296,5.502296,5.712296,5.822296,5.982296,4.1022964,4.222296,5.722296,6.8322964,7.812296,8.792296,9.392296,10.012296,10.422297,10.132297,10.082296,10.2122965,10.342297,10.492296,10.7122965,10.972296,11.692296,11.952296,11.582296,12.352296,12.382297,12.622296,12.062296,12.312296,9.852296
-14.717704,-14.577703,-13.767704,-12.897704,-11.867703,-11.307704,-10.2877035,-10.257704,-9.987704,-9.237704,-7.8577037,-7.187704,-6.517704,-5.6277037,-4.757704,-3.9277039,-3.087704,-1.7377038,-1.5877038,-1.1477039,-0.5277039,0.15229614,0.87229615,1.1122961,1.1822962,1.9822961,3.8222961,4.282296,4.192296,4.262296,4.7022963,5.1022964,3.0222962,3.9722962,5.342296,6.3522964,7.522296,8.512296,9.272296,9.882297,10.252296,9.9622965,10.032296,10.372296,10.412296,10.542296,10.142296,10.732296,11.202296,11.742296,12.792296,12.952296,12.542296,12.552296,12.292296,12.332296,12.102296,11.942296,13.2122965
-14.567704,-14.667704,-14.577703,-13.507704,-12.367703,-11.337704,-10.717704,-10.357704,-10.647704,-10.007704,-8.927704,-7.457704,-6.687704,-6.037704,-5.507704,-4.537704,-3.4277039,-2.617704,-1.7477039,-0.73770386,0.5922961,1.2122961,1.5122962,1.4722961,2.2522962,2.602296,3.4522963,3.692296,3.862296,4.442296,0.9722961,2.682296,4.422296,5.492296,6.772296,8.072296,8.822296,9.762296,10.282296,10.492296,10.622296,10.9622965,10.852296,9.742296,9.332296,10.122296,10.592297,11.312296,11.602296,12.422297,12.742296,12.952296,12.342297,13.272296,13.102296,12.452296,12.482296,12.092297,13.432296
-14.437704,-14.937704,-14.427704,-14.077703,-13.087704,-12.207704,-11.717704,-11.017704,-10.327703,-10.167704,-8.857704,-8.277704,-7.287704,-6.227704,-5.217704,-4.117704,-2.607704,-1.7677039,-0.76770383,-0.72770387,-0.087703854,0.6522961,1.1322961,1.4722961,1.6222961,1.7522961,1.8422961,2.372296,1.7022961,1.4722961,2.182296,3.3422961,4.732296,4.6822963,7.612296,8.402296,9.172297,10.192296,10.262296,10.822296,11.492296,11.682296,10.692296,9.242296,9.362296,10.342297,10.922297,11.012296,11.432296,12.002296,12.492296,12.132297,12.782296,13.082296,13.472296,13.702296,13.372296,13.752296,14.232296
-13.597704,-14.157703,-14.137704,-13.897704,-12.997704,-12.017704,-11.447704,-10.607704,-9.927704,-9.277704,-8.877704,-7.8177037,-6.987704,-5.937704,-4.457704,-3.9177039,-2.2977037,-2.0377038,-1.4377038,-1.1577039,-1.0977038,-1.5477039,-1.2177038,-0.33770385,0.29229614,-0.37770385,-0.10770386,-0.09770386,0.14229614,0.70229614,1.6022961,2.362296,3.182296,4.012296,4.652296,5.1222963,6.002296,7.492296,7.212296,10.672297,11.352296,11.732296,11.342297,9.872296,9.4622965,10.2122965,10.342297,10.362296,10.812296,11.572296,12.012296,12.302296,12.862296,13.032296,13.692296,13.592297,13.822296,14.102296,14.352296
-12.297704,-12.5377035,-13.357704,-11.487704,-10.847704,-11.317704,-10.217704,-8.587704,-7.9177036,-7.757704,-6.997704,-6.177704,-5.3177037,-4.807704,-4.267704,-3.9777038,-3.317704,-2.7177038,-2.557704,-2.4477038,-2.9477038,-2.577704,-1.6977038,-1.9477038,-1.9677038,-1.9577038,-1.9277039,-1.8477038,-0.9577038,0.87229615,1.9022962,2.612296,2.7022963,2.8222961,3.352296,3.872296,4.512296,5.032296,5.522296,6.502296,7.6622963,9.852296,10.272296,10.322296,9.532296,10.282296,9.4622965,9.472296,10.042296,11.172297,11.602296,11.932296,12.792296,13.312296,13.272296,13.142296,13.302296,13.382297,13.9622965
-7.997704,-8.377704,-8.727704,-9.027704,-8.227704,-8.597704,-8.217704,-8.107704,-7.557704,-7.3177037,-6.937704,-6.6277037,-6.037704,-5.467704,-4.757704,-4.387704,-3.6777039,-3.4077039,-3.5277038,-4.3377037,-3.9477038,-3.317704,-3.1977038,-3.307704,-3.137704,-2.7777038,-2.147704,-1.3677039,0.32229614,1.3922962,2.0222962,1.9122962,1.8322961,2.0322962,2.432296,3.0022962,3.5222962,4.192296,4.812296,5.792296,7.1022964,8.252296,10.9622965,7.902296,8.102296,7.522296,7.1222963,7.1022964,9.512296,11.2122965,11.752296,11.642296,12.162296,12.7122965,12.7122965,12.432296,12.542296,12.702296,13.112296
-4.907704,-5.737704,-6.757704,-7.347704,-7.457704,-7.467704,-7.257704,-7.5677037,-7.6677036,-7.5477037,-7.017704,-6.507704,-6.187704,-5.5477037,-5.187704,-4.6277037,-4.577704,-4.937704,-5.6277037,-4.3177037,-4.177704,-4.1677036,-4.177704,-3.837704,-2.9477038,-2.0277038,-1.2877039,0.032296143,0.99229616,1.5622962,1.2222961,1.5722961,1.8922962,2.3322961,2.4722962,2.612296,3.102296,3.392296,4.592296,5.232296,6.032296,7.232296,7.8322964,8.942296,8.632297,7.9322963,6.9522963,6.4522963,7.3722963,7.1822963,8.082296,8.932296,10.152296,10.782296,9.752296,10.132297,10.872296,9.842297,12.7122965
-4.3377037,-4.847704,-5.517704,-5.927704,-6.5877037,-6.717704,-7.157704,-7.287704,-7.217704,-7.1477036,-7.017704,-6.6477036,-5.977704,-5.507704,-5.477704,-5.687704,-6.277704,-6.017704,-5.437704,-5.057704,-4.8777037,-5.017704,-4.3777037,-3.0077038,-2.5477037,-1.4877038,-0.23770386,0.5922961,1.4122962,1.8222961,1.9522961,2.2522962,2.912296,3.432296,3.852296,3.852296,3.9522963,4.382296,4.442296,4.502296,4.9122963,6.042296,6.672296,7.612296,7.882296,7.6022964,6.3322964,5.532296,5.552296,5.462296,5.812296,6.862296,7.362296,7.6022964,7.632296,7.612296,7.942296,8.222296,8.622296
-3.077704,-3.627704,-4.017704,-4.8377037,-5.8177037,-6.277704,-6.3577037,-6.557704,-6.6077037,-6.807704,-7.057704,-7.0677037,-6.927704,-6.5677037,-7.527704,-6.9177036,-6.187704,-5.927704,-5.987704,-5.927704,-5.557704,-4.227704,-3.567704,-2.5377038,-1.6377039,-0.39770386,0.7822961,1.3122962,1.7022961,2.162296,2.352296,2.7122962,3.442296,3.612296,3.622296,3.882296,3.9922962,3.8422961,3.8122962,4.062296,4.442296,4.8322964,5.4322963,6.342296,7.022296,7.192296,6.842296,5.6422963,5.022296,4.942296,4.552296,4.072296,4.5822964,5.042296,5.6222963,6.032296,6.532296,6.8322964,7.4122963
-0.37770385,-1.6777039,-2.577704,-3.367704,-4.027704,-4.907704,-5.5677037,-6.1277037,-6.757704,-7.0477037,-7.197704,-7.6077037,-7.467704,-7.267704,-7.197704,-6.967704,-7.1477036,-7.0877037,-6.717704,-5.787704,-5.0677037,-4.117704,-3.2077038,-2.6977038,-1.6177039,-0.36770386,0.50229615,1.0422962,1.1522962,1.1022961,1.4922961,2.432296,2.892296,3.0922961,3.3422961,3.392296,3.2822962,3.2722962,3.362296,3.652296,4.112296,4.4322963,4.6622963,4.842296,6.212296,6.6222963,6.302296,6.1422963,4.752296,4.112296,3.8422961,3.392296,3.5622962,3.432296,3.7422962,4.052296,4.422296,5.052296,5.4522963
5.0822964,1.1422962,-0.79770386,-0.86770386,-0.97770387,-2.1977038,-3.897704,-5.267704,-5.887704,-6.217704,-6.437704,-6.5477037,-6.657704,-6.6277037,-6.507704,-6.367704,-6.197704,-5.387704,-4.827704,-4.187704,-3.377704,-2.9877038,-2.877704,-1.9977039,-0.91770387,-0.24770385,-0.037703857,0.30229613,0.67229617,0.8522961,1.1422962,1.4322962,1.6022961,2.2222962,2.8222961,3.122296,3.162296,3.362296,3.2622962,3.0722961,3.352296,3.7622962,4.012296,4.422296,4.732296,5.292296,5.752296,5.8722963,5.562296,4.742296,4.882296,4.3722963,3.8222961,3.672296,3.392296,3.642296,3.5422962,3.0222962,3.352296
5.1822963,3.0422962,0.99229616,-0.22770385,-1.2377038,-2.317704,-2.847704,-2.847704,-3.307704,-3.347704,-3.1977038,-3.327704,-3.587704,-3.7177038,-3.5377038,-3.147704,-3.5377038,-3.097704,-2.7977037,-2.7677038,-2.617704,-1.9777038,-1.1777039,-0.40770385,0.0022961425,0.21229614,0.38229614,0.61229616,0.86229616,1.2522961,1.8322961,2.0822961,2.0222962,2.2822962,2.672296,2.9622962,3.142296,3.382296,3.2022963,3.392296,2.9822962,2.7622962,2.9622962,3.2722962,3.372296,3.682296,4.092296,4.1622963,4.502296,4.482296,4.212296,3.7222962,3.652296,3.422296,3.172296,3.0422962,2.672296,2.882296,2.8222961
