json/gfs_20240717_18.json
{"header": { "discipline":0, "disciplineName":"Meteorological products", "gribEdition":2, "gribLength":79880, "center":7, "centerName":"US National Weather Service - NCEP(WMC)", "subcenter":0, "refTime":"2024-07-17T18:00:00.000Z", "significanceOfRT":1, "significanceOfRTName":"Start of forecast", "productStatus":0, "productStatusName":"Operational products", "productType":1, "productTypeName":"Forecast products", "productDefinitionTemplate":0, "productDefinitionTemplateName":"Analysis/forecast at horizontal level/layer at a point in time", "parameterCategory":2, "parameterCategoryName":"Momentum", "parameterNumber":3, "parameterNumberName":"V-component_of_wind", "parameterUnit":"m.s-1", "genProcessType":2, "genProcessTypeName":"Forecast", "forecastTime":0, "surface1Type":103, "surface1TypeName":"Specified height level above ground", "surface1Value":10.0, "surface2Type":255, "surface2TypeName":"Missing", "surface2Value":0.0, "gridDefinitionTemplate":0, "gridDefinitionTemplateName":"Latitude_Longitude", "numberPoints":65160, "shape":6, "shapeName":"Earth spherical with radius of 6,371,229.0 m", "gridUnits":"degrees", "resolution":48, "winds":"true", "scanMode":0, "nx":360, "ny":181, "basicAngle":0, "lo1":0.0, "la1":90.0, "lo2":359.0, "la2":-90.0, "dx":1.0, "dy":1.0 }, "data":
[rows 28 to 55 of 181, columns 124 to 185 of 360]
-0.08208008,0.13791992,0.057919923,0.2579199,-0.16208008,-0.5720801,-0.77208006,0.33791992,0.84791994,1.6379199,1.7479199,2.10792,1.4179199,1.31792,2.03792,1.8579199,1.95792,2.25792,5.0479198,3.39792,4.95792,1.58792,5.23792,4.37792,4.15792,2.2079198,4.53792,5.28792,4.64792,5.18792,3.88792,1.70792,3.05792,2.01792,0.60791993,-0.23208007,-0.23208007,1.4779199,2.49792,4.03792,2.29792,0.7379199,1.8679199,2.02792,2.2079198,2.1679199,1.2479199,1.2979199,1.1279199,1.56792,1.3679199,2.12792,3.37792,2.56792,1.58792,0.5679199,2.99792,3.79792,3.36792,2.9579198,2.60792,2.11792
0.47791994,0.19791992,0.78791994,0.65791994,0.6179199,0.5679199,0.9479199,1.06792,1.21792,1.3779199,1.18792,2.75792,0.78791994,0.8079199,0.027919922,1.80792,1.3679199,2.14792,1.95792,3.6779199,1.71792,1.5379199,4.27792,4.51792,4.50792,4.0479198,2.36792,3.65792,4.75792,4.20792,3.4779198,2.06792,0.037919924,1.05792,3.24792,3.9879198,-1.42208,-2.3320801,-0.29208007,6.0479198,3.37792,1.31792,1.6579199,0.15791993,0.9979199,1.8779199,0.41791993,0.53791994,1.1179199,4.8179197,4.64792,3.55792,2.4279199,2.31792,2.1779199,2.10792,1.6279199,1.08792,0.21791992,0.30791992,1.81792,0.9479199
0.58791995,1.18792,0.5679199,0.60791993,0.84791994,1.2779199,1.6579199,1.3679199,0.7679199,0.7379199,2.2079198,1.55792,0.96791995,1.70792,0.58791995,0.30791992,1.1279199,1.0379199,0.30791992,2.99792,2.29792,2.4479198,1.0179199,1.7879199,1.5379199,0.3479199,-0.7620801,1.4779199,1.6079199,-0.19208008,-0.72208005,-0.65208006,-1.8420801,-0.9220801,-0.5420801,-0.26208007,-0.64208007,0.7679199,1.18792,2.4779198,3.37792,1.5179199,0.5779199,-1.1320801,2.31792,3.1779199,2.78792,3.08792,3.38792,3.49792,3.87792,3.4179199,2.25792,1.46792,0.72791994,-0.22208008,-0.4920801,-0.20208007,-0.6120801,-1.7120801,-2.0320802,-0.90208006
0.13791992,0.4079199,0.46791992,1.05792,0.04791992,0.19791992,-0.0020800782,0.7379199,1.4079199,1.4879199,1.0479199,1.55792,1.0079199,0.33791992,0.007919922,0.49791992,0.21791992,1.19792,2.87792,4.99792,4.7979198,2.99792,0.6779199,0.16791992,-0.5620801,2.6679199,3.86792,0.49791992,-0.5520801,-0.8220801,-1.44208,-2.8020802,-2.63208,0.2879199,1.9879199,1.2679199,0.47791994,0.9379199,1.07792,0.6979199,0.41791993,1.06792,1.34792,1.7379199,1.6579199,3.49792,4.01792,4.61792,4.55792,4.23792,3.99792,3.37792,2.62792,1.2579199,-0.012080078,-0.32208008,-0.84208006,-0.9820801,-2.0220802,-2.41208,-3.37208,-3.87208
-1.6020801,-0.5020801,-2.37208,-1.79208,-1.1120801,0.057919923,-0.66208005,-0.7320801,0.30791992,0.33791992,1.19792,0.5579199,0.067919925,0.5579199,1.1079199,1.7879199,2.7279198,6.52792,7.13792,5.89792,4.3179197,2.26792,-0.19208008,0.07791992,-0.21208008,-0.35208008,-1.5020801,-2.5320802,-3.0320802,-2.7920802,-4.88208,-6.12208,-4.15208,-3.5320802,0.9879199,0.4079199,0.7479199,-0.18208008,-2.95208,-0.18208008,0.067919925,0.77791995,1.7679199,2.81792,3.7379198,3.9779198,4.3579197,5.26792,4.88792,4.3579197,3.49792,3.2179198,2.9279199,2.24792,1.2979199,0.6179199,-0.7320801,-1.93208,-2.90208,-3.61208,-3.61208,-4.13208
-0.0020800782,-1.4820801,-0.8020801,0.44791993,-1.2120801,-0.8520801,-0.3720801,0.36791992,0.7979199,0.9279199,0.6779199,1.18792,1.4079199,1.5379199,0.6879199,-2.2720802,2.7179198,4.23792,5.99792,5.7979198,4.5679197,3.77792,2.05792,-0.20208007,-2.69208,-3.0420802,-3.62208,-4.65208,-6.29208,-7.84208,-9.28208,-9.30208,-5.13208,0.12791993,0.16791992,1.5179199,1.6079199,-3.94208,-0.5720801,-3.39208,0.13791992,1.7979199,2.85792,3.1879199,3.32792,3.58792,3.86792,4.59792,4.32792,3.78792,3.30792,3.57792,3.6679199,3.63792,2.82792,1.3979199,-0.21208008,-0.71208006,-1.16208,-2.24208,-3.45208,-4.27208
-1.5120801,-1.9620801,-1.3320801,-0.3420801,-0.33208007,-0.05208008,0.15791993,1.08792,1.59792,2.4879198,4.18792,2.1679199,1.7379199,-0.20208007,-4.4520802,2.10792,5.98792,6.63792,6.87792,5.75792,4.5479198,3.4479198,1.3879199,-1.5820801,-3.3120801,-4.34208,-5.60208,-7.50208,-9.92208,-10.25208,-10.17208,-7.36208,-2.3020802,0.057919923,1.8579199,0.5579199,-5.44208,-0.84208006,-2.50208,-2.89208,-0.9820801,-0.0020800782,3.4779198,3.12792,3.75792,3.38792,3.77792,4.36792,4.68792,4.24792,3.1979198,2.54792,2.85792,1.8879199,1.1579199,-0.21208008,-0.72208005,-0.9220801,-1.5820801,-2.66208,-3.86208,-4.21208
-1.0220801,-0.78208005,0.07791992,-0.08208008,-0.6220801,-0.24208008,-0.64208007,-0.91208005,0.60791993,0.3479199,0.5079199,0.30791992,-2.96208,-2.44208,-2.68208,1.5179199,7.65792,8.79792,6.38792,6.19792,4.39792,2.87792,0.3179199,-3.3320801,-4.74208,-6.27208,-8.13208,-9.77208,-10.08208,-9.41208,-8.30208,-6.6820803,-1.7220801,-0.022080079,0.29791993,-3.5120802,-1.41208,-4.9520802,-4.9320803,-3.3320801,-1.2220801,0.9879199,1.69792,3.89792,3.4379199,3.9779198,4.21792,3.88792,3.01792,3.36792,3.40792,3.02792,1.4879199,0.46791992,-0.5020801,-1.6020801,-1.8720801,-1.53208,-1.6120801,-2.2820802,-2.34208,-2.8220801
-0.072080076,0.8279199,-0.71208006,-0.6020801,0.3779199,1.2979199,2.31792,-1.5120801,-0.22208008,-1.43208,-1.06208,2.86792,0.18791991,-2.24208,-2.68208,2.83792,2.65792,8.97792,7.34792,4.50792,4.53792,2.29792,-0.9220801,-3.88208,-5.87208,-7.24208,-8.50208,-10.03208,-9.66208,-9.43208,-6.74208,-4.73208,-3.5420802,0.067919925,-3.8020802,-0.9520801,-5.21208,-8.72208,-10.03208,-5.59208,-1.9620801,0.48791993,2.58792,3.9679198,4.50792,4.64792,4.90792,5.23792,3.84792,3.02792,3.74792,3.50792,2.51792,0.29791993,-1.2420801,-1.6120801,-1.7520801,-2.0720801,-2.5420802,-3.61208,-3.3120801,-2.09208
0.27791992,0.9579199,-0.30208007,0.5679199,1.5479199,-0.28208008,1.4779199,-0.28208008,-1.56208,0.04791992,0.52791995,2.15792,-1.4820801,-0.52208006,0.90791994,0.07791992,0.2879199,2.1879199,3.06792,3.82792,3.83792,1.4979199,-2.2720802,-4.24208,-5.82208,-6.54208,-8.52208,-9.20208,-8.87208,-9.01208,-6.65208,-1.7020801,-0.83208007,-1.9520801,-1.69208,-15.38208,-10.97208,-6.08208,-1.4920801,-0.10208008,1.7579199,4.05792,4.74792,4.8379197,6.3579197,6.25792,5.7979198,5.2979198,5.41792,1.83792,4.52792,3.49792,2.6779199,2.85792,0.24791992,-1.43208,-1.2520801,-1.7520801,-1.8320801,-1.81208,-0.8520801,-0.6920801
0.39791992,1.8979199,0.97791994,2.4379199,1.7679199,1.34792,3.4179199,2.08792,1.2879199,-0.112080075,0.7079199,0.42791992,-2.0420802,-0.65208006,-0.032080077,0.11791992,0.21791992,-0.28208008,1.70792,3.26792,4.22792,0.29791993,-2.5120802,-4.49208,-5.6820803,-6.54208,-7.15208,-8.43208,-8.64208,-7.75208,-7.6620803,-4.87208,-4.77208,-0.12208008,-3.49208,-13.68208,-6.12208,-0.8220801,1.5079199,3.74792,7.41792,9.88792,10.57792,9.87792,8.20792,7.44792,6.7979198,5.7979198,5.1079197,4.37792,3.7179198,3.61792,2.52792,2.10792,2.4279199,1.19792,-0.29208007,-0.53208005,1.3779199,0.45791993,-1.7020801,-2.21208
0.65791994,2.54792,3.1679199,2.6679199,4.82792,5.70792,5.20792,2.11792,0.21791992,1.19792,-0.83208007,0.7979199,-0.23208007,-0.22208008,-1.3320801,2.1779199,1.8679199,-1.9620801,0.20791993,0.9579199,3.37792,-0.18208008,-3.19208,-3.92208,-5.04208,-5.69208,-6.1420803,-7.42208,-7.6420803,-7.50208,-7.4120803,-3.7720802,-1.17208,0.59791994,-15.23208,-9.84208,-2.0520802,2.31792,3.40792,5.38792,8.597919,9.70792,11.56792,12.10792,10.86792,8.57792,6.77792,5.40792,4.72792,4.07792,3.9879198,3.11792,3.24792,2.51792,2.7179198,1.57792,1.09792,1.5279199,1.0479199,-0.6320801,-1.16208,-1.4820801
-0.71208006,1.09792,3.29792,1.5179199,5.01792,5.64792,2.49792,2.55792,0.3779199,0.08791992,-0.15208007,-1.7520801,-1.43208,-1.78208,0.14791992,0.47791994,0.9379199,4.7979198,3.4779198,3.05792,0.24791992,-1.0820801,-3.8320801,-4.2020802,-4.73208,-5.30208,-5.65208,-5.40208,-7.35208,-7.6620803,-6.44208,-7.4120803,-4.35208,-12.80208,-7.97208,-5.49208,3.07792,3.36792,3.1979198,6.55792,10.63792,11.75792,13.96792,13.16792,11.11792,9.21792,6.98792,6.03792,5.46792,4.3379197,3.88792,3.31792,3.13792,3.09792,2.83792,2.9779198,2.1879199,2.2079198,1.5079199,1.5379199,1.3779199,-0.8220801
0.90791994,5.28792,6.20792,6.70792,4.91792,1.83792,4.84792,3.9879198,0.60791993,-1.0020801,-1.0820801,-1.3320801,-0.8220801,1.7979199,1.3979199,0.9379199,0.7379199,6.23792,1.32792,3.6779199,0.5679199,-1.8320801,-3.35208,-3.97208,-4.73208,-4.94208,-5.3920803,-4.51208,-4.82208,-7.61208,-7.98208,-4.47208,-7.28208,-9.10208,-5.04208,0.6879199,3.6679199,3.49792,4.02792,7.34792,10.097919,13.57792,13.32792,11.44792,10.33792,9.10792,6.82792,5.8379197,5.09792,4.47792,3.90792,3.50792,3.36792,3.51792,3.54792,3.12792,2.9279199,2.53792,1.6079199,0.6879199,-1.28208,-1.16208
3.77792,6.16792,6.2979198,7.68792,5.15792,2.54792,2.02792,1.1579199,3.4279199,1.4979199,2.4879198,1.0479199,1.9879199,1.2879199,0.21791992,0.5579199,-3.24208,3.31792,1.9879199,0.107919924,-1.18208,-2.0820801,-1.81208,-2.94208,-4.62208,-5.8920803,-6.63208,-6.11208,-6.50208,-4.6620803,-5.73208,-6.71208,-5.6620803,-3.88208,-0.8220801,1.8879199,1.59792,1.71792,5.2979198,11.19792,14.23792,12.347919,10.78792,9.39792,8.54792,6.57792,5.48792,5.15792,5.12792,5.1079197,4.73792,4.02792,3.58792,3.30792,3.64792,3.62792,3.26792,2.37792,2.37792,1.5179199,-0.45208007,-1.3620801
4.32792,5.19792,4.49792,4.71792,4.86792,1.70792,2.14792,3.6979198,5.97792,5.72792,2.25792,1.18792,1.6679199,0.16791992,0.09791992,-5.15208,3.62792,5.05792,1.4179199,-1.0020801,-1.6320801,-2.7820802,-3.34208,-3.49208,-4.46208,-5.31208,-6.31208,-7.12208,-7.25208,-6.97208,-5.78208,-4.77208,-4.4320803,-4.1420803,-3.45208,-1.2520801,1.71792,5.12792,10.10792,13.06792,12.3079195,10.46792,9.06792,8.37792,6.88792,5.41792,5.17792,3.80792,3.24792,2.7279198,2.81792,3.12792,2.9879198,3.53792,4.02792,3.86792,4.14792,3.24792,2.87792,2.76792,1.1379199,0.30791992
4.63792,4.50792,2.9679198,3.54792,3.1679199,1.4979199,3.35792,1.59792,3.2079198,3.79792,0.3779199,1.32792,1.5479199,1.0079199,-4.56208,2.2379198,3.1779199,2.39792,-0.6920801,-2.11208,-4.44208,-3.38208,-3.8020802,-3.8020802,-3.71208,-4.85208,-2.5720801,-7.33208,-7.1820803,-6.90208,-8.23208,-5.86208,-4.07208,-1.6020801,0.14791992,3.09792,7.47792,10.58792,11.01792,10.15792,9.07792,9.03792,6.67792,5.5479198,3.9779198,3.99792,2.33792,1.32792,0.037919924,-0.5420801,2.25792,2.83792,4.28792,3.9579198,6.01792,4.17792,3.65792,3.86792,2.85792,2.01792,1.1679199,0.4379199
3.7279198,3.4779198,2.7279198,3.00792,2.05792,1.6179199,1.95792,2.35792,6.42792,2.4879198,0.84791994,0.26791993,1.21792,4.03792,4.14792,3.59792,3.9479198,2.77792,0.59791994,-2.47208,-3.24208,-3.2620802,-2.67208,1.3679199,-1.4820801,0.39791992,-0.66208005,-1.8220801,-2.17208,-2.43208,-1.5920801,0.07791992,1.33792,3.60792,6.78792,7.92792,7.37792,6.48792,6.69792,6.50792,6.13792,5.55792,5.34792,3.4879198,3.11792,2.79792,1.4279199,1.6779199,5.24792,5.86792,8.70792,7.3179197,8.96792,6.22792,4.05792,3.9379199,5.20792,4.21792,2.75792,1.44792,0.96791995,0.29791993
4.1079197,3.6979198,2.39792,1.7879199,0.14791992,2.36792,1.6779199,0.5179199,6.27792,1.7679199,1.5279199,1.31792,1.8679199,3.62792,3.64792,4.12792,4.38792,2.61792,-0.04208008,1.3779199,0.5779199,-1.28208,0.6879199,0.7379199,0.8879199,0.66791993,0.4379199,0.9879199,2.02792,2.9479198,3.82792,4.0679197,4.76792,4.69792,5.5879197,4.67792,4.30792,5.13792,5.00792,5.36792,4.8579197,2.64792,1.44792,1.5379199,3.35792,5.5679197,6.1079197,7.43792,7.78792,7.90792,9.16792,9.40792,8.18792,7.16792,6.68792,5.88792,5.57792,4.8379197,3.82792,3.36792,1.94792,1.0179199
4.46792,2.51792,1.84792,1.18792,1.1279199,0.8279199,-0.112080075,-1.0820801,6.5479198,0.7979199,-0.12208008,2.58792,3.7379198,4.3579197,4.3579197,5.00792,2.78792,1.34792,0.027919922,-0.52208006,-1.4920801,1.07792,1.7379199,1.9179199,2.06792,2.03792,2.2079198,2.52792,3.04792,3.6879199,3.83792,4.00792,3.9279199,3.4579198,3.05792,4.21792,4.73792,5.02792,3.59792,2.56792,1.6279199,0.5679199,3.40792,5.6079197,7.49792,8.85792,10.40792,7.67792,8.04792,8.63792,8.37792,8.21792,6.97792,6.27792,5.22792,4.80792,4.98792,4.91792,4.82792,4.3379197,3.58792,2.80792
1.0479199,1.5379199,1.6179199,1.1179199,1.93792,1.06792,0.9479199,8.78792,8.8079195,6.12792,3.07792,4.26792,5.17792,4.46792,4.38792,4.30792,0.59791994,-0.29208007,1.33792,-0.4020801,2.24792,3.9779198,3.15792,2.56792,1.83792,1.2979199,0.84791994,2.12792,2.38792,1.46792,1.7379199,1.93792,2.01792,2.39792,3.4679198,2.4179199,1.6779199,0.9879199,0.24791992,-0.77208006,2.4279199,4.76792,6.93792,8.88792,9.347919,9.40792,7.65792,7.59792,7.14792,7.49792,7.03792,6.65792,6.19792,6.17792,6.17792,5.21792,4.39792,3.83792,3.75792,3.6979198,3.84792,3.61792
0.7679199,0.11791992,0.057919923,-0.5420801,1.6179199,0.6479199,11.89792,11.39792,6.87792,5.47792,5.3579197,4.43792,4.72792,4.5679197,4.41792,5.24792,3.56792,0.36791992,4.16792,3.79792,3.28792,2.64792,2.14792,1.9979199,1.6279199,0.8179199,1.4979199,1.05792,0.45791993,-0.16208008,-0.25208008,0.77791995,0.49791992,1.0279199,0.9379199,0.8679199,0.22791992,-0.27208006,-1.56208,1.5279199,4.36792,8.01792,8.50792,9.62792,7.49792,7.66792,7.09792,7.38792,7.12792,6.73792,6.99792,6.46792,5.39792,5.26792,6.07792,4.96792,5.26792,5.49792,4.64792,3.77792,3.31792,2.64792
-1.3720801,0.9479199,0.36791992,0.41791993,1.93792,4.49792,2.85792,3.62792,6.20792,5.90792,4.72792,5.37792,5.19792,5.98792,4.15792,4.75792,3.11792,0.44791993,1.43792,2.34792,1.19792,1.1279199,1.58792,1.1479199,0.66791993,0.23791993,-0.22208008,-0.6720801,-1.6020801,-1.93208,-0.9320801,-0.6320801,-0.19208008,-1.2720801,-1.29208,-1.6420801,-1.3320801,-0.09208008,1.9279199,3.84792,6.24792,7.6079197,8.54792,7.18792,7.70792,8.42792,7.91792,8.53792,7.65792,7.6079197,6.86792,4.63792,5.7979198,6.18792,6.21792,5.2979198,5.76792,5.17792,4.23792,3.01792,2.4279199,1.7479199
5.05792,7.76792,6.37792,3.05792,0.9979199,7.32792,7.28792,8.14792,7.0879197,6.88792,5.8579197,5.47792,5.74792,5.43792,5.45792,4.72792,0.4379199,-0.23208007,3.09792,0.9479199,-0.3720801,0.7079199,0.97791994,1.84792,1.43792,0.11791992,-1.5720801,-3.61208,-3.73208,-0.48208007,0.7979199,2.82792,1.05792,0.9979199,1.34792,1.6679199,0.6179199,1.2679199,1.8779199,4.12792,5.99792,6.25792,7.59792,9.41792,8.3079195,9.46792,9.21792,6.89792,7.61792,7.05792,5.66792,3.50792,7.16792,6.00792,4.74792,6.67792,4.14792,4.15792,2.4779198,1.2979199,0.85791993,0.9379199
3.86792,9.10792,4.98792,2.03792,1.9779199,6.09792,8.097919,9.73792,7.99792,7.42792,6.07792,5.92792,5.6079197,5.43792,5.45792,3.4779198,1.0279199,-0.3120801,0.7379199,-2.95208,-5.49208,0.21791992,3.90792,3.56792,1.7779199,-0.0020800782,-1.66208,-1.7220801,-0.41208008,0.5679199,2.08792,3.81792,1.9979199,1.7379199,1.69792,0.15791993,0.08791992,0.27791992,1.80792,3.76792,5.28792,7.55792,8.41792,11.0579195,9.00792,8.77792,7.71792,8.16792,6.86792,5.15792,4.59792,6.07792,5.95792,5.24792,5.72792,5.97792,3.34792,4.98792,3.79792,2.1879199,1.06792,1.2479199
8.02792,13.19792,10.31792,4.7979198,0.53791994,2.4279199,8.35792,9.81792,6.99792,6.46792,4.5879197,5.26792,4.91792,1.9079199,2.64792,0.90791994,-0.5520801,2.1779199,-0.4920801,-3.7620802,-5.22208,0.2879199,3.11792,5.25792,3.81792,2.08792,-0.83208007,-0.6320801,-0.27208006,1.3879199,1.6679199,2.31792,2.09792,2.2279198,2.57792,2.33792,3.6879199,4.34792,3.62792,3.6879199,2.29792,4.5679197,7.3379197,10.98792,8.27792,8.8079195,6.64792,6.30792,6.20792,4.57792,3.89792,4.44792,6.43792,6.22792,5.63792,4.23792,4.03792,5.27792,3.9679198,2.1779199,3.11792,2.02792
10.46792,9.597919,11.8079195,3.2279198,1.9279199,1.1779199,9.37792,7.15792,4.8579197,4.44792,2.7279198,2.75792,1.30792,-1.4720801,1.2379199,0.9579199,-1.0720801,-1.3820801,-1.19208,-3.0120802,-3.43208,-1.4620801,4.34792,5.48792,4.72792,4.50792,1.46792,0.017919922,0.22791992,0.3479199,0.07791992,0.14791992,0.49791992,1.3679199,2.99792,4.52792,5.24792,5.2979198,5.70792,6.72792,6.42792,8.97792,10.39792,7.0679197,8.06792,7.76792,6.51792,4.5479198,4.87792,1.8879199,0.30791992,5.38792,5.36792,5.26792,4.95792,4.64792,4.34792,4.13792,3.7079198,3.78792,2.60792,2.2279198
7.57792,8.347919,10.39792,1.5479199,2.7379198,5.30792,7.8579197,4.23792,2.05792,1.06792,-0.38208008,0.72791994,1.21792,-1.0920801,-2.24208,-0.062080078,-1.56208,2.6679199,-0.4920801,-2.0120802,-1.93208,1.8979199,4.76792,5.89792,2.83792,3.62792,2.2079198,1.5379199,0.8979199,0.21791992,0.35791993,-0.7020801,-1.56208,-0.7920801,4.0479198,6.39792,6.65792,6.55792,6.34792,6.97792,5.96792,4.5679197,6.47792,4.74792,7.51792,6.53792,5.17792,4.95792,4.12792,1.0379199,0.44791993,5.40792,6.74792,5.3179197,4.70792,5.0679197,5.00792,3.2379198,2.4379199,3.06792,3.9779198,3.02792
