json/gfs_20240718_06.json
{"header": { "discipline":0, "disciplineName":"Meteorological products", "gribEdition":2, "gribLength":79503, "center":7, "centerName":"US National Weather Service - NCEP(WMC)", "subcenter":0, "refTime":"2024-07-18T06:00:00.000Z", "significanceOfRT":1, "significanceOfRTName":"Start of forecast", "productStatus":0, "productStatusName":"Operational products", "productType":1, "productTypeName":"Forecast products", "productDefinitionTemplate":0, "productDefinitionTemplateName":"Analysis/forecast at horizontal level/layer at a point in time", "parameterCategory":2, "parameterCategoryName":"Momentum", "parameterNumber":2, "parameterNumberName":"U-component_of_wind", "parameterUnit":"m.s-1", "genProcessType":2, "genProcessTypeName":"Forecast", "forecastTime":0, "surface1Type":103, "surface1TypeName":"Specified height level above ground", "surface1Value":10.0, "surface2Type":255, "surface2TypeName":"Missing", "surface2Value":0.0, "gridDefinitionTemplate":0, "gridDefinitionTemplateName":"Latitude_Longitude", "numberPoints":65160, "shape":6, "shapeName":"Earth spherical with radius of 6,371,229.0 m", "gridUnits":"degrees", "resolution":48, "winds":"true", "scanMode":0, "nx":360, "ny":181, "basicAngle":0, "lo1":0.0, "la1":90.0, "lo2":359.0, "la2":-90.0, "dx":1.0, "dy":1.0 }, "data":
[rows 104 to 129 of 181, columns 118 to 176 of 360]
-9.007583,-8.817583,-8.707583,-8.927583,-9.077583,-9.027583,-9.337583,-9.267583,-9.527583,-8.307583,-7.687583,-0.857583,-4.667583,-4.927583,-4.867583,-6.047583,-5.597583,-5.417583,-5.847583,-6.427583,-6.677583,-5.727583,-4.177583,-0.897583,-0.887583,-1.307583,-1.357583,-5.677583,-3.557583,-2.107583,-1.897583,-0.577583,0.642417,1.372417,1.9124169,1.712417,1.672417,1.562417,-0.057583008,1.352417,2.602417,2.692417,0.622417,0.482417,0.382417,-1.367583,-3.417583,-3.7775831,-6.017583,-4.437583,-4.847583,-5.737583,-5.967583,-7.547583,-6.907583,-7.927583,-7.527583,-7.807583,-7.957583
-6.997583,-7.047583,-7.917583,-8.147583,-8.397583,-8.327583,-7.027583,-3.337583,-7.177583,-8.327583,-6.757583,-6.817583,-5.897583,-5.677583,-5.297583,-5.747583,-6.717583,-6.827583,-8.187583,-7.367583,-7.027583,-6.547583,-4.877583,-1.637583,-1.397583,0.33241698,0.722417,-4.027583,-3.967583,-2.587583,-1.057583,0.452417,1.552417,2.642417,2.492417,2.982417,3.362417,3.552417,2.7224169,1.862417,2.4724169,3.512417,3.372417,0.20241699,-1.047583,-1.937583,-0.727583,-2.357583,-1.517583,-1.987583,-4.317583,-5.057583,-6.037583,-6.947583,-6.927583,-7.497583,-6.897583,-7.167583,-7.777583
-6.737583,-4.727583,-5.597583,-7.407583,-7.297583,-6.507583,0.30241698,-4.507583,-8.227583,-7.997583,-7.627583,-7.247583,-7.597583,-7.067583,-6.867583,-5.177583,-4.977583,-5.787583,-4.917583,-6.887583,-8.167583,-6.277583,-4.537583,-0.427583,-2.177583,-0.317583,1.392417,-0.297583,-5.137583,-3.0275831,-0.647583,1.562417,2.382417,3.552417,4.492417,4.172417,3.792417,4.682417,4.382417,3.792417,4.992417,3.872417,4.562417,1.952417,-1.277583,-1.267583,0.69241697,2.762417,1.192417,-5.477583,-4.477583,-4.267583,-5.057583,-6.027583,-6.727583,-7.957583,-6.517583,-5.887583,-7.157583
-6.217583,-6.267583,-5.317583,-6.447583,-4.567583,-3.687583,-3.687583,-4.377583,-6.197583,-7.527583,-7.227583,-6.927583,-7.887583,-6.447583,-7.257583,-6.667583,-5.717583,-5.497583,-4.737583,-4.537583,-3.827583,-5.717583,-3.957583,-1.207583,-0.707583,-0.217583,0.222417,0.962417,-3.637583,-1.777583,-0.047583006,2.592417,3.792417,5.382417,4.672417,4.572417,5.312417,5.022417,6.052417,4.602417,4.612417,3.382417,4.062417,3.562417,1.052417,0.11241699,0.50241697,0.432417,-1.937583,-3.5275831,-5.387583,-4.747583,-4.677583,-6.247583,-6.217583,-7.277583,-6.537583,-5.827583,-5.517583
-5.267583,-6.377583,-5.327583,-3.967583,1.172417,-3.367583,-4.467583,-4.517583,-3.987583,-6.477583,-6.027583,-7.037583,-7.557583,-6.687583,-6.687583,-6.057583,-5.507583,-5.027583,-4.227583,-4.747583,-4.127583,-3.267583,-2.857583,-2.137583,-0.887583,0.672417,-2.547583,-0.377583,-2.047583,0.522417,2.892417,3.622417,4.542417,4.202417,5.052417,6.012417,5.802417,6.412417,5.912417,5.712417,4.632417,5.362417,3.132417,3.022417,3.102417,1.612417,-1.757583,-0.41758302,-1.457583,-3.707583,-3.037583,-5.007583,-5.447583,-5.957583,-5.817583,-7.287583,-6.297583,-6.307583,-5.747583
-4.237583,-5.047583,-5.477583,-2.467583,-3.087583,-3.867583,-4.417583,-4.147583,-4.327583,-4.697583,-5.207583,-5.757583,-6.657583,-6.497583,-5.747583,-5.627583,-6.057583,-5.547583,-4.587583,-3.937583,-2.877583,-3.127583,-2.857583,-1.797583,-1.677583,0.062416993,0.372417,0.39241698,1.922417,1.922417,2.522417,3.382417,2.212417,4.952417,6.062417,7.062417,5.922417,6.662417,6.212417,6.462417,4.932417,5.172417,5.522417,4.942417,3.582417,0.932417,-1.0875831,-2.917583,-0.647583,-2.857583,-4.797583,-4.297583,-5.727583,-6.847583,-7.547583,-7.057583,-6.087583,-8.317583,-7.487583
-4.257583,-4.337583,-3.897583,-2.0275831,-3.177583,-3.397583,-3.647583,-3.447583,-3.107583,-3.907583,-3.477583,-5.067583,-5.757583,-5.807583,-5.647583,-4.997583,-5.627583,-5.567583,-4.767583,-4.167583,-2.597583,-2.767583,-3.447583,-3.167583,-2.697583,-2.467583,-0.427583,1.332417,2.172417,3.002417,3.212417,0.342417,3.102417,5.182417,6.662417,8.142417,6.762417,6.462417,5.202417,6.132417,7.082417,4.682417,6.292417,5.402417,3.852417,1.332417,-2.617583,-1.927583,-1.127583,-1.787583,-4.107583,-6.027583,-6.297583,-7.787583,-8.057583,-7.327583,-6.967583,-7.687583,-7.927583
-0.927583,-0.517583,-0.577583,-1.027583,-1.667583,-1.857583,-2.067583,-2.827583,-2.647583,-2.627583,-3.217583,-4.247583,-4.257583,-4.047583,-4.277583,-5.127583,-5.357583,-5.457583,-4.487583,-3.867583,-2.967583,-2.747583,-2.227583,-1.8375831,-2.117583,-1.287583,-0.11758301,1.932417,3.302417,3.352417,3.372417,2.272417,3.142417,6.302417,6.132417,5.902417,6.362417,6.732417,5.812417,6.152417,5.872417,6.772417,4.442417,4.912417,6.442417,-0.267583,-2.207583,-0.15758301,-1.137583,1.222417,-3.997583,-5.977583,-6.567583,-7.697583,-7.307583,-7.527583,-8.197583,-7.957583,-7.627583
1.962417,2.282417,1.142417,-0.047583006,-0.377583,-0.397583,-1.057583,-1.077583,-1.457583,-2.177583,-2.567583,-2.667583,-2.697583,-2.937583,-3.0275831,-3.747583,-4.917583,-4.287583,-4.217583,-3.537583,-3.167583,-2.157583,-1.8375831,-1.147583,-0.577583,-0.457583,0.842417,2.242417,3.862417,3.702417,4.582417,3.652417,5.782417,6.752417,6.362417,7.562417,7.762417,7.242417,6.852417,6.782417,5.912417,7.042417,4.992417,2.2224169,5.812417,3.522417,-1.007583,-2.227583,-0.637583,2.352417,-3.637583,-4.547583,-6.197583,-6.977583,-6.437583,-7.257583,-7.947583,-6.937583,-6.777583
4.422417,3.422417,3.572417,1.752417,0.702417,0.662417,0.672417,0.33241698,0.042416994,-0.74758303,-1.197583,-1.127583,-2.017583,-2.607583,-2.817583,-2.287583,-3.187583,-3.737583,-3.137583,-2.567583,-1.957583,-0.80758303,-0.737583,0.562417,1.612417,0.21241699,1.652417,2.962417,3.672417,2.532417,2.362417,4.382417,4.542417,4.652417,7.552417,8.012417,8.072417,9.302417,8.612417,8.312417,7.212417,7.372417,6.532417,5.402417,6.542417,4.112417,4.352417,3.662417,-2.597583,1.602417,-1.627583,-4.887583,-6.677583,-6.507583,-7.377583,-7.757583,-7.287583,-6.707583,-5.777583
6.962417,6.182417,4.092417,3.792417,1.852417,1.732417,1.972417,1.972417,1.332417,0.802417,0.322417,0.36241698,-0.057583008,0.262417,-1.417583,-1.797583,-2.247583,-2.247583,-2.187583,-2.037583,-1.187583,-0.35758302,0.092416994,2.082417,2.152417,1.712417,1.542417,2.942417,2.712417,1.852417,3.532417,2.872417,4.522417,3.822417,6.692417,7.572417,8.552417,9.322417,9.402417,9.332417,8.012417,7.972417,8.502417,4.752417,8.492417,8.382417,3.372417,6.152417,4.172417,-4.127583,-5.047583,-5.297583,-7.817583,-8.047583,-8.227583,-8.227583,-7.427583,-6.187583,-4.887583
7.442417,7.792417,6.322417,5.212417,3.692417,3.142417,3.282417,3.272417,2.352417,1.642417,2.122417,1.4124169,0.532417,0.142417,-0.587583,-0.587583,-1.247583,-1.287583,-0.817583,-1.307583,-0.407583,-0.917583,0.63241696,1.882417,2.462417,1.802417,1.992417,2.142417,1.722417,2.522417,2.932417,3.042417,3.672417,3.342417,3.772417,7.482417,5.932417,7.862417,7.972417,9.432417,9.172417,8.612417,8.522417,8.932417,5.362417,8.842417,11.212417,9.782417,8.172417,1.792417,-4.617583,-4.647583,-8.187583,-8.177583,-7.797583,-7.197583,-6.117583,-4.107583,-2.997583
9.022417,8.522417,7.762417,7.172417,5.752417,4.892417,4.652417,3.542417,4.322417,4.122417,3.992417,3.872417,2.502417,1.442417,1.652417,1.182417,0.39241698,0.262417,0.15241699,-0.10758301,1.012417,1.202417,0.872417,1.322417,1.512417,2.332417,2.842417,3.272417,3.092417,3.642417,5.522417,5.312417,4.572417,3.912417,4.012417,2.952417,5.192417,7.312417,9.002417,8.742417,9.652417,8.992417,8.962417,8.482417,8.902417,8.012417,7.892417,10.602417,9.482417,7.262417,3.232417,-1.247583,-1.787583,-5.207583,-4.547583,-5.177583,-2.367583,-1.127583,-0.937583
11.032417,9.922417,9.132417,8.192417,7.172417,6.582417,5.882417,5.492417,4.962417,5.652417,5.782417,5.272417,4.812417,4.392417,2.682417,1.262417,0.762417,0.822417,0.962417,0.982417,2.062417,2.112417,1.732417,3.262417,2.332417,2.302417,2.282417,3.352417,3.662417,3.752417,5.052417,4.712417,5.192417,4.552417,4.412417,3.192417,4.012417,5.222417,6.422417,8.302417,9.112417,8.352417,10.212417,8.822417,8.212417,8.102417,8.742417,9.992417,11.002417,6.192417,2.732417,0.372417,0.822417,1.572417,-2.7775831,0.322417,1.2824169,2.592417,1.042417
6.312417,11.572417,9.882417,9.722417,9.512417,7.712417,7.292417,6.932417,6.352417,6.612417,6.532417,5.952417,6.432417,5.402417,3.902417,1.872417,1.242417,1.702417,2.392417,1.622417,2.702417,2.572417,1.902417,3.242417,3.392417,3.092417,3.412417,4.562417,4.482417,3.352417,5.992417,4.932417,5.722417,3.932417,4.502417,3.252417,2.642417,6.312417,6.372417,8.222417,9.102417,9.822417,9.562417,9.712417,8.782417,8.222417,8.482417,8.352417,10.332417,4.332417,1.202417,-0.287583,0.15241699,-2.117583,2.702417,4.312417,3.932417,3.932417,3.512417
6.212417,7.562417,9.442417,11.452417,10.872417,9.872417,8.562417,7.922417,7.492417,7.612417,6.862417,6.732417,6.322417,5.382417,3.622417,2.882417,2.322417,1.722417,3.462417,2.342417,2.262417,1.942417,2.352417,2.602417,2.682417,3.212417,3.882417,3.782417,4.172417,3.992417,5.392417,5.492417,4.062417,4.282417,3.672417,2.392417,2.662417,5.652417,7.082417,8.502417,8.832417,8.442417,9.372417,10.472417,9.592417,9.702417,8.112417,9.232417,7.202417,5.032417,2.922417,2.952417,5.962417,4.822417,6.692417,5.282417,3.342417,1.672417,0.39241698
5.942417,6.932417,6.672417,10.432417,9.402417,9.922417,9.272417,8.942417,8.182417,7.962417,7.372417,6.852417,5.512417,5.062417,3.892417,3.012417,2.832417,2.882417,2.562417,2.542417,3.162417,3.402417,1.1624169,2.522417,2.542417,3.522417,3.112417,3.802417,4.592417,4.282417,3.942417,4.012417,2.682417,1.672417,2.462417,-0.337583,5.572417,4.542417,2.952417,5.242417,6.912417,7.502417,8.322417,9.442417,10.022417,10.252417,9.672417,8.132417,8.612417,5.872417,7.512417,5.322417,5.872417,5.772417,2.672417,4.172417,1.632417,1.142417,-0.38758302
2.912417,2.432417,4.452417,5.802417,7.422417,6.322417,9.432417,8.162417,7.572417,7.982417,7.502417,6.782417,5.592417,4.732417,4.552417,3.772417,3.442417,3.802417,2.932417,3.162417,3.262417,4.702417,2.122417,2.562417,2.202417,4.282417,4.012417,3.732417,5.002417,4.822417,5.442417,3.552417,3.052417,1.802417,2.932417,-0.06758301,5.702417,3.432417,2.852417,2.552417,3.362417,3.852417,5.092417,5.792417,9.022417,8.362417,8.962417,7.672417,7.402417,7.152417,5.712417,3.132417,5.772417,4.242417,3.942417,2.982417,1.142417,1.1624169,1.322417
5.062417,3.262417,4.642417,3.242417,5.152417,7.162417,8.122417,9.782417,9.872417,7.132417,6.732417,5.792417,3.622417,2.882417,4.382417,3.492417,3.932417,3.692417,3.752417,3.662417,3.312417,5.462417,3.852417,2.852417,3.4724169,4.122417,4.242417,4.142417,5.742417,4.652417,5.142417,3.212417,3.392417,2.692417,2.272417,5.202417,7.092417,4.782417,3.162417,6.122417,4.812417,4.022417,5.062417,5.952417,7.852417,9.672417,9.932417,8.682417,6.342417,5.842417,5.212417,4.732417,4.102417,2.252417,2.942417,1.792417,0.792417,1.892417,2.662417
6.962417,5.892417,7.202417,2.412417,2.902417,5.162417,7.402417,11.042417,10.362417,6.812417,8.512417,3.312417,4.272417,3.312417,3.822417,2.832417,3.012417,3.162417,3.912417,3.932417,1.352417,4.602417,2.492417,4.852417,4.022417,3.632417,4.122417,4.022417,3.372417,3.772417,5.242417,5.052417,3.692417,2.572417,0.642417,5.642417,6.252417,3.072417,3.332417,5.992417,6.002417,5.652417,5.992417,7.232417,9.362417,9.872417,8.682417,8.322417,6.202417,5.372417,5.162417,3.382417,2.672417,1.702417,2.232417,1.572417,2.052417,1.842417,1.112417
7.532417,7.292417,6.222417,8.182417,7.452417,7.452417,9.582417,11.132417,11.632417,9.902417,8.812417,6.892417,4.282417,4.442417,5.262417,5.242417,5.462417,5.162417,3.062417,-1.597583,2.2224169,4.242417,3.862417,4.992417,5.552417,4.772417,5.352417,4.812417,4.852417,4.082417,5.362417,6.182417,4.132417,3.192417,2.932417,6.672417,5.522417,5.082417,5.222417,6.452417,7.192417,8.142417,8.892417,9.162417,11.192417,14.732417,10.432417,6.952417,6.012417,4.242417,2.602417,2.282417,3.082417,2.272417,2.552417,1.492417,2.402417,2.912417,1.342417
7.492417,10.532417,10.482417,9.312417,8.852417,7.292417,7.252417,11.152417,11.122417,10.752417,6.922417,8.442417,6.042417,4.572417,4.222417,5.942417,6.802417,6.452417,5.632417,2.102417,4.252417,3.522417,1.172417,3.072417,4.712417,4.472417,4.482417,4.502417,3.562417,3.832417,4.362417,6.872417,5.222417,2.942417,2.272417,6.442417,6.312417,5.632417,6.262417,5.922417,6.672417,8.892417,6.982417,9.812417,13.552417,12.972417,8.102417,4.862417,3.562417,2.962417,2.852417,1.4124169,1.552417,1.242417,2.242417,-0.23758301,1.102417,2.492417,3.782417
11.192417,10.352417,9.632417,9.582417,8.922417,10.162417,9.482417,9.612417,10.572417,12.332417,7.482417,7.982417,9.262417,4.412417,5.542417,5.512417,6.092417,7.372417,6.222417,2.682417,3.542417,4.732417,3.752417,4.002417,5.062417,3.322417,5.502417,3.812417,2.992417,1.112417,0.07241699,2.142417,-0.607583,2.622417,7.822417,8.912417,6.092417,6.792417,8.692417,5.832417,5.192417,6.122417,5.972417,8.292417,14.662417,3.802417,0.382417,0.092416994,0.472417,0.872417,1.022417,0.922417,1.052417,0.292417,1.612417,0.322417,-1.0875831,0.812417,3.162417
10.912417,9.572417,8.402417,8.042417,9.842417,10.832417,11.592417,11.832417,12.072417,13.272417,10.692417,8.832417,9.172417,4.762417,5.702417,5.142417,6.802417,6.272417,7.442417,5.502417,5.802417,4.922417,2.512417,4.102417,3.252417,3.252417,3.322417,1.352417,2.892417,1.362417,1.792417,2.852417,5.472417,10.832417,10.802417,7.772417,8.142417,8.162417,7.782417,5.912417,5.242417,5.172417,2.312417,4.132417,-0.287583,-7.577583,-6.077583,-3.427583,-1.377583,-0.757583,0.432417,0.902417,0.552417,1.272417,1.172417,-0.437583,-0.377583,-1.097583,0.242417
12.432417,9.442417,8.892417,8.862417,9.142417,10.972417,11.702417,12.812417,11.842417,11.212417,12.112417,8.572417,8.142417,6.302417,4.442417,5.062417,6.062417,5.302417,6.992417,5.812417,6.272417,5.642417,4.782417,2.742417,3.522417,3.752417,4.572417,4.002417,1.962417,6.552417,9.652417,12.612417,13.712417,10.982417,9.902417,10.322417,9.272417,9.692417,9.102417,8.092417,4.412417,4.302417,-0.627583,1.712417,-4.187583,-8.327583,-6.057583,-3.567583,-1.917583,-0.797583,-0.467583,-0.307583,-0.737583,-1.7175831,-2.847583,-2.007583,-2.167583,-0.347583,0.132417
13.582417,10.722417,9.022417,9.972417,10.022417,9.932417,12.262417,13.352417,13.592417,10.512417,9.842417,12.292417,9.562417,7.412417,6.312417,4.872417,5.312417,5.832417,6.562417,5.412417,5.812417,6.462417,5.502417,6.042417,5.262417,6.292417,6.832417,8.522417,8.202417,10.992417,12.462417,12.402417,10.722417,10.152417,10.412417,11.702417,12.392417,12.052417,10.952417,9.962417,5.662417,3.912417,2.982417,1.092417,-0.80758303,-3.837583,-3.467583,-1.947583,-1.137583,-1.167583,-1.947583,-3.327583,-3.967583,-4.637583,-3.607583,-3.357583,-2.807583,-0.15758301,-0.497583
