json/gfs_20240724_12.json
{"header": { "discipline":0, "disciplineName":"Meteorological products", "gribEdition":2, "gribLength":79966, "center":7, "centerName":"US National Weather Service - NCEP(WMC)", "subcenter":0, "refTime":"2024-07-24T12:00:00.000Z", "significanceOfRT":1, "significanceOfRTName":"Start of forecast", "productStatus":0, "productStatusName":"Operational products", "productType":1, "productTypeName":"Forecast products", "productDefinitionTemplate":0, "productDefinitionTemplateName":"Analysis/forecast at horizontal level/layer at a point in time", "parameterCategory":2, "parameterCategoryName":"Momentum", "parameterNumber":2, "parameterNumberName":"U-component_of_wind", "parameterUnit":"m.s-1", "genProcessType":2, "genProcessTypeName":"Forecast", "forecastTime":0, "surface1Type":103, "surface1TypeName":"Specified height level above ground", "surface1Value":10.0, "surface2Type":255, "surface2TypeName":"Missing", "surface2Value":0.0, "gridDefinitionTemplate":0, "gridDefinitionTemplateName":"Latitude_Longitude", "numberPoints":65160, "shape":6, "shapeName":"Earth spherical with radius of 6,371,229.0 m", "gridUnits":"degrees", "resolution":48, "winds":"true", "scanMode":0, "nx":360, "ny":181, "basicAngle":0, "lo1":0.0, "la1":90.0, "lo2":359.0, "la2":-90.0, "dx":1.0, "dy":1.0 }, "data":
[rows 25 to 49 of 181, columns 58 to 115 of 360]
0.80744386,-0.7825562,-1.2725562,-5.552556,-4.0825562,-5.2725563,-5.362556,-4.642556,-6.052556,-4.822556,-6.142556,-6.912556,-5.362556,-2.6425562,-4.592556,-5.412556,-4.342556,-4.1925564,-4.0625563,-3.972556,-5.322556,-2.7025561,-0.7125561,-0.26255617,0.70744383,0.9074438,1.6074438,2.277444,3.447444,3.0574439,2.6674438,3.0774438,3.487444,1.7474438,-0.0025561524,1.4874438,0.89744383,-0.33255616,1.1774439,-0.73255616,-2.302556,-3.8525562,-3.1925561,-1.8925562,-4.662556,-5.702556,-7.092556,-3.762556,-6.3125563,-3.722556,-4.9625564,-8.222556,-7.572556,-6.532556,-7.152556,-7.242556,-4.052556,-3.6825562
-2.1825562,-3.4325562,-3.0625563,-2.022556,-3.1425562,-4.2925563,-2.6325562,-3.232556,-3.772556,-3.532556,-3.4425561,-3.6125562,-2.6025562,-4.222556,-4.172556,-4.632556,-5.7325563,-5.422556,-4.992556,-4.4825563,-4.882556,-3.3225563,-2.6425562,-0.34255615,0.027443849,1.1074438,-0.13255616,1.2574439,1.6074438,0.31744385,0.12744385,0.49744385,1.6074438,1.3774438,0.5274438,0.75744385,-0.12255615,0.76744384,1.3874439,-0.92255616,-0.81255615,0.057443846,-0.85255617,-0.45255616,-1.8025562,-1.1925561,-5.5425563,-2.9225562,-3.262556,-4.0025563,-7.0625563,-4.852556,-7.342556,-8.022556,-8.362556,-8.122556,-5.472556,-4.0825562
-2.9525561,-4.4625564,-1.2225561,-0.7825562,-2.292556,-3.1425562,-2.6125562,-2.772556,-1.7025561,-1.2725562,-1.7425561,-2.7025561,-5.112556,-4.7525563,-3.8425562,-3.3425562,-4.2525563,-3.8925562,-4.102556,-4.5825562,-5.2925563,-3.972556,-1.6325562,-0.7125561,-1.8625561,-1.0825561,-0.55255616,0.13744384,-0.75255615,-1.4425561,0.17744385,1.4074439,1.2174438,1.1374439,0.34744385,0.86744386,-1.3425561,0.92744386,1.9374439,-0.27255616,-0.49255615,0.8374438,1.0174439,0.25744385,-1.3025562,1.4574438,-1.1325562,-2.5825562,-3.772556,-5.552556,-5.202556,-7.7725563,-7.9425564,-5.652556,-5.552556,-5.342556,-5.2925563,-4.5025563
-4.012556,-4.0225563,-1.8925562,-1.9225562,-2.782556,-1.9225562,-1.0725561,-2.2125561,-0.79255617,-0.88255614,-0.89255613,-1.7825562,-1.8925562,-4.7125564,-5.2925563,-4.9825563,-4.952556,-3.042556,1.6074438,-3.012556,-2.6125562,-2.492556,-3.6025562,-2.6725562,-3.762556,-1.9125562,-2.8225563,-1.1725562,-1.2925562,-0.022556152,-0.5925562,-0.56255615,1.1574439,0.85744387,1.9474438,1.4474438,-1.7825562,0.79744387,1.1374439,-0.032556154,0.7774438,0.95744383,0.40744385,-0.85255617,-0.23255615,-1.3725562,-1.3625561,-1.8825562,-3.8825562,-1.9225562,-4.6925564,-5.9625564,-5.7125564,-5.322556,-7.922556,-6.302556,-5.392556,-6.0025563
-2.0625563,-4.132556,-2.1625562,-1.3525561,-2.4625561,-2.522556,-1.0925561,-3.3325562,-1.1425562,-1.3225561,-1.4325562,-2.522556,-3.3125563,-4.6925564,-5.4425564,-3.4425561,-2.6525562,-0.26255617,-1.1925561,-3.4525561,-2.8925562,-1.5025562,0.46744385,-0.86255616,-1.5425562,-1.8525561,-3.2125561,-1.1925561,-0.6625562,-1.9425561,0.34744385,0.037443846,0.9674438,0.74744385,0.76744384,1.8474438,-1.9225562,0.17744385,-0.11255615,1.3074439,1.3474438,2.247444,0.99744385,-0.47255614,-2.042556,-0.87255615,-2.1225562,-1.9525561,-0.88255614,-11.312556,-0.80255616,1.3574438,5.317444,-1.3625561,2.277444,-3.1025562,-4.152556,-2.9225562
-3.022556,-3.4225562,-1.8425561,-2.6825562,-1.6925561,-2.5725563,-2.1925561,-1.6725562,-2.242556,-0.42255616,-3.3525562,-3.8825562,-4.172556,-3.1625562,-1.1825562,-1.4825561,-1.9925561,-2.1425562,-2.5625563,-3.1525562,-2.1625562,-2.4225562,-2.472556,-1.6525562,-0.18255615,-2.1925561,-2.292556,-2.1625562,-0.33255616,-1.6225562,-1.4725561,0.46744385,0.61744386,2.8174438,-0.102556154,0.13744384,0.9774439,-0.07255615,0.56744385,1.3774438,1.5274439,2.0674438,2.0974438,1.8074439,1.0874438,1.1774439,-2.1325562,0.22744384,-0.052556153,1.5574439,0.35744384,-0.8325561,0.55744386,0.23744385,2.977444,4.387444,-3.492556,-3.6025562
-2.6325562,-1.9425561,-1.8025562,-2.9125562,-2.3125563,-2.6225562,-2.3825562,-1.3725562,-1.7325561,-2.5925562,-1.5825561,-3.5925562,-3.8525562,-0.89255613,-1.0025562,-1.0825561,-0.41255614,-1.6525562,-3.3725562,-2.9225562,-3.552556,-3.302556,-2.2025561,-4.7325563,-3.3425562,-2.232556,-1.5225562,-0.70255613,0.25744385,-0.022556152,0.61744386,-0.82255614,0.30744386,1.9074439,2.8074439,1.4874438,-0.052556153,0.28744385,1.0374439,0.81744385,2.4174438,2.757444,1.0674438,0.037443846,0.22744384,-0.20255615,1.1474439,0.33744386,0.88744384,0.077443846,-0.89255613,-0.13255616,0.94744384,0.027443849,-1.0125562,0.94744384,-1.2525562,-4.2925563
-4.112556,-2.8225563,-2.492556,0.6574438,-1.7125561,-2.4525561,-2.032556,-2.1125562,-1.6125561,-0.48255616,-2.8825562,-2.8525562,-0.7725561,-0.9025562,1.0174439,0.8474438,0.29744384,0.6674439,0.44744384,0.9674438,0.60744387,-0.28255615,-1.0325562,-1.8225561,-2.002556,-1.8325561,-1.5325562,-1.6225562,-0.81255615,-1.7825562,-1.1125561,-0.51255614,0.19744384,1.3174438,1.4574438,1.7674439,3.4374437,-0.032556154,1.9674438,1.2374438,2.3674438,3.1174438,3.2974439,0.86744386,-0.21255615,-0.9725562,-0.56255615,1.5174439,1.6074438,1.0174439,0.24744385,-0.81255615,1.3274438,-1.2425561,0.79744387,0.117443845,-1.6025561,-1.1525562
-1.8125561,-3.502556,-2.4625561,-0.41255614,-0.21255615,0.017443847,-1.6625562,0.40744385,0.36744386,0.15744385,-2.3325562,-1.9425561,-0.34255615,1.1174438,2.2974439,3.0974438,3.3774438,2.4274437,2.5674438,2.5574439,4.2074437,1.7374438,1.3674438,0.47744384,0.24744385,-1.2025561,-0.052556153,-2.262556,-2.3725562,-0.41255614,-1.2125561,0.17744385,0.10744385,1.4074439,0.79744387,0.67744386,1.7974439,2.3674438,2.3274438,2.1374438,2.237444,0.8374438,3.507444,2.8074439,0.8374438,0.26744384,0.06744385,0.5274438,2.467444,2.3474438,1.0974438,-0.36255616,2.3974438,1.4774438,-1.3625561,0.38744384,-1.0925561,-1.0125562
-0.95255613,-0.93255615,-1.6625562,-2.722556,-3.0925562,-1.1025561,0.047443848,0.36744386,2.4174438,1.4574438,-1.2525562,-2.272556,1.1374439,2.0474439,2.6074438,3.8274438,4.4174438,4.277444,3.8474438,4.7474437,3.8874438,2.6674438,0.7274439,1.2274438,1.2274438,1.1174438,-0.13255616,-0.5825561,1.2074438,-1.6725562,-2.1625562,1.3674438,0.74744385,1.3774438,0.85744387,0.92744386,1.6174438,2.3774438,2.2874439,2.4174438,2.987444,2.6374438,1.7074438,1.9674438,2.487444,1.0674438,0.7174438,0.79744387,1.9074439,1.1074438,-0.37255615,-0.95255613,0.09744385,2.4074438,-0.0025561524,-1.6825562,-0.21255615,-0.54255617
-1.3125561,-2.022556,0.18744385,-2.512556,-0.7825562,-2.1825562,-1.9625561,-1.5025562,0.0074438476,0.62744385,-0.19255616,0.12744385,1.3074439,1.6874439,3.0674438,3.5574439,4.277444,4.527444,5.9174438,4.9174438,3.967444,-3.502556,0.6574438,0.14744385,-1.2125561,-0.9125562,1.1574439,-2.722556,-1.9025562,1.9374439,0.74744385,-1.5125562,-0.62255615,-1.2525562,0.31744385,0.7774438,0.15744385,0.37744385,1.4074439,1.4274439,0.7274439,1.3174438,3.737444,2.447444,2.247444,1.5874438,0.80744386,0.19744384,1.6274438,3.0974438,1.2074438,-0.08255615,0.80744386,-0.08255615,-0.6525562,-0.32255614,-0.022556152,-0.41255614
-1.4625561,-2.9625561,-1.5725561,-2.1025562,-1.9325562,-1.3725562,-2.1725562,-1.7125561,-1.1325562,-1.6225562,0.56744385,2.1274438,3.2874439,3.017444,4.127444,5.2274437,4.987444,6.367444,6.637444,5.4174438,0.89744383,-2.1125562,1.7574439,-1.9025562,0.85744387,-0.052556153,-1.9625561,0.55744386,0.80744386,-0.56255615,0.98744386,0.29744384,-1.0925561,-2.222556,-2.1225562,1.2274438,0.06744385,-0.82255614,1.4174439,0.76744384,-0.04255615,0.7774438,2.4274437,3.497444,4.387444,3.9374437,2.1874437,3.257444,2.3674438,2.6774437,1.8874439,-0.31255615,1.0574439,-2.4025562,0.7274439,0.027443849,-0.38255614,-0.41255614
-3.992556,-2.772556,-3.3825562,-3.1125562,-2.002556,-1.0425562,0.34744385,0.62744385,0.85744387,1.7174438,1.6574439,2.4074438,2.8974438,3.3674438,4.257444,6.5574436,5.777444,3.197444,5.1674438,4.487444,1.0274439,-4.902556,2.947444,-3.1625562,-2.742556,-1.3825562,0.92744386,-0.5925562,0.37744385,1.2074438,0.19744384,1.0974438,-2.8225563,-1.5925561,-0.82255614,-0.33255616,-0.29255617,0.9774439,0.89744383,0.14744385,-0.75255615,-0.28255615,1.4874438,1.1974438,-1.1525562,0.61744386,0.94744384,2.467444,2.6074438,0.8374438,-1.5625561,1.5174439,1.3674438,-1.5525562,-3.522556,-1.4725561,-2.2125561,-1.0925561
-5.0825562,-4.5225563,-4.262556,-2.9025562,-1.3625561,0.0074438476,0.057443846,0.61744386,2.1074438,1.7874439,1.3474438,1.5374439,1.6074438,3.6074438,3.767444,3.0974438,6.097444,-0.93255615,3.3774438,0.34744385,-1.7025561,1.0474439,0.73744386,-3.6525562,-1.8125561,-1.1425562,-1.5225562,-1.5025562,0.46744385,-0.19255616,1.0874438,0.42744386,0.047443848,0.027443849,0.23744385,-1.2825562,-0.30255616,-0.35255614,0.08744385,0.36744386,0.60744387,1.1574439,-1.0425562,1.2374438,-0.93255615,-0.39255616,-0.7125561,0.68744385,3.0474439,1.7274438,0.82744384,-0.99255615,-1.9425561,0.68744385,0.17744385,-0.50255615,-2.242556,-1.4225562
-5.452556,-5.652556,-6.142556,-3.542556,-3.1825562,-1.3125561,0.99744385,0.18744385,1.2074438,1.6574439,1.7774439,2.6374438,4.117444,4.277444,5.2474437,5.6674438,4.157444,10.067444,1.7574439,-5.9425564,1.4574438,-0.9125562,-2.502556,-3.3625562,-0.32255614,1.1374439,0.51744384,0.10744385,0.5874438,0.8374438,0.74744385,0.76744384,-1.5725561,-1.1225562,0.42744386,-0.74255615,0.31744385,-0.44255614,1.3774438,-1.0025562,-0.43255615,-0.95255613,1.9274439,1.7574439,-0.8425562,-1.0725561,-0.82255614,0.49744385,0.80744386,-0.23255615,0.79744387,-0.32255614,-1.7925562,-2.052556,-0.38255614,-0.062556155,-0.20255615,-3.742556
3.7874439,5.5374436,0.6574438,0.29744384,0.057443846,-0.17255615,-1.5125562,-0.37255615,1.2874439,2.947444,2.9174438,3.1774437,3.6474438,5.067444,3.6674438,1.4574438,3.6174438,-0.052556153,-4.762556,7.637444,2.467444,10.267444,-1.9225562,-2.4425561,-2.2125561,-0.14255615,-0.14255615,1.9974438,1.1674439,2.247444,-0.48255616,-0.17255615,-1.6425562,-3.1125562,-3.6025562,0.19744384,0.17744385,1.9174439,1.2474438,-1.2425561,1.5974438,0.86744386,-0.87255615,0.63744384,1.1474439,-0.79255617,-0.5225561,-1.7925562,-2.292556,0.34744385,-0.51255614,0.88744384,0.117443845,-1.2825562,-0.69255614,-1.6125561,3.6174438,-4.242556
-2.5925562,-1.0325562,-0.40255615,-4.412556,1.3374438,0.27744386,1.7274438,0.69744384,2.6074438,3.1474438,4.0574436,3.3174438,3.1874437,3.5374439,-0.15255615,1.6574439,-0.94255614,0.21744385,-0.99255615,5.817444,0.39744386,0.85744387,6.7874436,-1.0725561,-0.13255616,0.6674439,0.29744384,0.74744385,-0.28255615,0.8474438,2.4374437,0.92744386,-3.8825562,-3.6125562,-5.7925563,-5.532556,-0.63255614,-1.2225561,0.27744386,1.1074438,-1.8425561,0.80744386,-0.13255616,1.3074439,0.35744384,0.40744385,-2.992556,-1.3125561,-1.0725561,-0.9025562,0.5974438,0.21744385,-0.5925562,0.21744385,-0.95255613,-0.89255613,-1.7725562,-4.3325562
4.0174437,-0.7225562,-1.8925562,0.85744387,0.0074438476,-1.0925561,-0.012556152,0.82744384,1.3574438,2.1374438,2.277444,1.9874438,3.8174438,1.6674439,-2.1025562,2.517444,-6.162556,-6.172556,-2.8925562,3.1874437,-2.222556,-0.63255614,0.88744384,-2.5925562,-2.792556,-0.44255614,3.497444,6.047444,4.677444,6.2874436,1.6974438,2.1074438,3.1174438,-3.6725562,-0.88255614,-2.9125562,0.27744386,0.40744385,-2.3125563,-0.76255614,0.5974438,0.27744386,0.86744386,0.6574438,-0.25255615,0.9674438,1.0174439,-2.252556,0.48744383,-0.14255615,0.12744385,-1.4725561,-2.4425561,-1.9825561,2.027444,1.3774438,2.0574439,-4.6925564
0.027443849,-6.822556,9.757443,1.9474438,-0.20255615,-1.3125561,-1.0125562,-0.67255616,0.9074438,-0.36255616,0.7174438,3.0574439,4.387444,5.627444,4.347444,-2.1225562,0.9774439,0.62744385,-0.50255615,-2.1325562,-2.0925562,1.4574438,5.627444,1.8674438,0.95744383,1.3174438,0.60744387,1.2574439,-0.23255615,-0.5325562,2.477444,4.507444,3.7874439,2.9074438,-2.0725563,-2.4425561,-2.1425562,0.06744385,-0.07255615,3.8974438,-0.51255614,-2.8225563,-0.9125562,1.3674438,1.0574439,2.6174438,-2.8725562,-0.09255615,-1.8425561,-1.7625562,2.6374438,5.9374437,1.8374438,-2.4525561,-1.2125561,3.5474439,-1.1825562,-3.6525562
-4.682556,2.1574438,0.37744385,2.0574439,0.8474438,-1.3525561,-0.5925562,0.51744384,1.2274438,1.5574439,1.1074438,2.697444,4.2274437,-4.972556,-1.2125561,-11.802556,0.55744386,1.7674439,-3.2125561,-5.512556,-5.882556,-5.612556,-1.1425562,-0.34255615,0.45744383,-0.9025562,5.097444,1.8074439,1.2474438,-0.22255616,-0.12255615,2.3574438,3.6774437,4.257444,3.267444,4.627444,-5.072556,-0.44255614,3.5874438,0.8374438,7.607444,-6.5025563,-6.592556,-5.012556,0.70744383,-0.50255615,4.827444,3.5374439,2.6174438,-0.93255615,2.237444,3.3774438,4.427444,1.5274439,0.36744386,-0.04255615,-1.6025561,7.427444
-6.112556,1.8074439,0.22744384,-4.112556,-5.702556,-4.592556,-1.3925562,0.61744386,0.98744386,0.98744386,3.1874437,3.1874437,5.9974437,6.897444,2.8474438,3.517444,-3.302556,-3.722556,-3.9625561,-2.222556,1.5474439,1.0374439,1.9874438,-2.232556,2.217444,1.1374439,9.797443,6.697444,-2.0725563,-1.7225561,-0.95255613,-0.6625562,2.0374439,4.4374437,2.987444,2.6874437,-0.052556153,-1.8925562,2.5874438,4.7074437,2.1374438,-0.16255616,-2.8725562,-8.112556,-2.6925561,3.5674438,2.0874438,1.0774438,3.987444,4.327444,-0.102556154,3.4374437,1.3074439,2.9374437,-0.25255615,0.20744385,-1.7725562,4.107444
1.1274438,-1.1325562,0.94744384,6.5574436,-5.6925564,-4.432556,-3.8425562,-0.63255614,2.7974439,2.8874438,-3.792556,2.3474438,2.997444,4.387444,3.6674438,5.4974437,4.337444,-0.50255615,-1.4525561,1.4874438,1.1574439,-1.2925562,-0.35255614,-6.862556,-2.522556,-1.5625561,0.70744383,-0.14255615,-2.9525561,-3.0725563,-1.6225562,-1.9925561,0.92744386,2.957444,2.5674438,3.1274438,2.0774438,3.9074438,7.0174437,8.227444,-0.102556154,-0.87255615,-2.4125562,1.9674438,-1.4025562,-2.232556,-1.9325562,-0.30255616,0.23744385,0.47744384,3.8374438,-0.41255614,1.8574438,3.217444,4.0174437,-1.1225562,-3.522556,0.86744386
-0.08255615,1.9574438,2.0474439,2.6274438,4.6674438,4.347444,0.057443846,-1.6725562,-2.262556,3.0674438,4.507444,3.0874438,3.9074438,0.7874439,-1.7125561,-0.9725562,3.3274438,4.217444,-1.4825561,-0.0025561524,-1.3325561,0.61744386,-2.0825562,1.6774439,-0.30255616,-0.8425562,-0.6625562,2.4074438,0.21744385,-1.2525562,-2.4425561,-1.8425561,-0.7125561,-0.49255615,3.5674438,3.0474439,4.147444,-3.802556,-1.1125561,5.0174437,4.677444,4.907444,4.887444,4.397444,2.8774438,6.507444,3.957444,-0.6525562,-2.3625562,0.047443848,0.36744386,2.507444,1.8474438,2.777444,6.2274437,-0.35255614,-1.0525562,-1.6925561
2.1274438,0.87744385,1.5974438,0.44744384,1.8774438,1.6974438,2.517444,0.6574438,0.19744384,1.0974438,-0.38255614,3.487444,3.3074439,1.3674438,-0.31255615,0.8474438,2.3674438,1.5574439,1.1074438,0.61744386,0.31744385,-1.2125561,0.31744385,0.41744384,5.047444,-0.13255616,3.237444,1.9074439,1.0974438,-1.0125562,-2.5725563,2.227444,0.49744385,-0.54255617,-5.382556,0.9074438,1.5674438,1.1074438,0.87744385,0.56744385,-0.29255617,2.237444,3.947444,0.75744385,4.8074436,4.487444,2.3974438,0.08744385,-0.51255614,1.5574439,2.4074438,3.0674438,5.107444,3.517444,4.837444,1.7174438,1.9474438,1.8074439
-0.6525562,-0.48255616,-0.99255615,-1.6125561,-0.07255615,1.3074439,4.007444,4.647444,2.1774437,0.63744384,-0.62255615,1.7774439,4.897444,2.0474439,3.1874437,4.907444,4.127444,2.4074438,3.3274438,4.077444,0.79744387,0.82744384,1.2974439,5.087444,6.777444,2.487444,2.757444,3.777444,-0.40255615,-0.36255616,-3.542556,-4.2725563,-5.222556,-3.1225562,-4.282556,-2.9025562,-1.0925561,-2.4525561,-0.26255617,-3.6725562,-1.1925561,1.0174439,1.8474438,1.2174438,2.0474439,1.6874439,1.6474439,3.277444,1.5374439,-1.5025562,-3.0925562,-2.272556,-0.7725561,-0.062556155,-1.2825562,0.82744384,0.33744386,0.057443846
