json/gfs_20240717_00.json
{"header": { "discipline":0, "disciplineName":"Meteorological products", "gribEdition":2, "gribLength":79424, "center":7, "centerName":"US National Weather Service - NCEP(WMC)", "subcenter":0, "refTime":"2024-07-17T00:00:00.000Z", "significanceOfRT":1, "significanceOfRTName":"Start of forecast", "productStatus":0, "productStatusName":"Operational products", "productType":1, "productTypeName":"Forecast products", "productDefinitionTemplate":0, "productDefinitionTemplateName":"Analysis/forecast at horizontal level/layer at a point in time", "parameterCategory":2, "parameterCategoryName":"Momentum", "parameterNumber":3, "parameterNumberName":"V-component_of_wind", "parameterUnit":"m.s-1", "genProcessType":2, "genProcessTypeName":"Forecast", "forecastTime":0, "surface1Type":103, "surface1TypeName":"Specified height level above ground", "surface1Value":10.0, "surface2Type":255, "surface2TypeName":"Missing", "surface2Value":0.0, "gridDefinitionTemplate":0, "gridDefinitionTemplateName":"Latitude_Longitude", "numberPoints":65160, "shape":6, "shapeName":"Earth spherical with radius of 6,371,229.0 m", "gridUnits":"degrees", "resolution":48, "winds":"true", "scanMode":0, "nx":360, "ny":181, "basicAngle":0, "lo1":0.0, "la1":90.0, "lo2":359.0, "la2":-90.0, "dx":1.0, "dy":1.0 }, "data":
[rows 27 to 53 of 181, columns 300 to 359 of 360]
5.060371,5.050371,4.4103713,3.410371,2.2603712,1.2103711,1.2003711,-0.5696289,-2.619629,-2.9396288,-0.3796289,-1.559629,1.2003711,1.0703712,-0.5596289,-1.2496289,-4.5896287,-2.859629,-1.7896289,-3.9496288,-11.569629,-10.089629,-8.529629,-7.7796288,-6.899629,-6.2796288,-5.559629,-5.349629,-4.709629,-4.989629,-4.289629,-2.2296288,-1.8596289,-1.6796288,-1.699629,-1.8796289,-0.9896289,0.020371094,0.3503711,0.120371096,-1.3396289,-2.509629,-1.6596289,-2.039629,-2.559629,-2.389629,-2.1596289,-1.939629,-1.3996289,-0.5096289,0.5703711,1.1603711,1.5803711,2.2803712,2.390371,2.0503712,2.430371,3.360371,3.710371,4.340371
5.270371,5.060371,4.570371,3.990371,3.0403712,1.7903711,0.6403711,0.6103711,-0.7096289,-2.6896288,-3.1596289,-1.3596289,-1.4796289,-0.8696289,-0.9596289,-2.799629,-2.869629,-1.9596289,-1.4996289,-10.479629,-9.379629,-9.169629,-8.329629,-5.1096287,-5.2996287,-5.159629,-5.479629,-5.019629,-4.889629,-4.489629,-3.889629,-2.9196289,-2.379629,-1.4596289,-1.559629,-1.439629,-1.1196289,-0.5096289,0.53037107,0.7503711,-0.2896289,-0.5396289,-0.029628906,0.4903711,0.8103711,0.66037107,0.4503711,0.9203711,1.4903711,1.7103711,1.920371,1.6303711,1.4903711,0.5903711,2.160371,2.8203712,2.7803712,3.0903711,4.900371,5.460371
4.880371,6.090371,5.590371,5.4103713,4.9503713,3.420371,1.3803711,-0.5496289,-1.2196289,-1.809629,-2.539629,-2.519629,-0.5496289,-1.7696289,1.420371,-0.0996289,-1.7496289,-0.6396289,-5.259629,-10.599628,-8.259629,-7.749629,-7.0896287,-6.269629,-5.419629,-5.999629,-6.0496287,-4.539629,-4.469629,-3.7296288,-2.819629,0.15037109,-0.17962891,-0.4396289,-0.3496289,0.030371094,-0.10962891,-0.3096289,-0.9196289,-0.2896289,-0.1896289,0.5703711,1.2403711,1.5103711,1.8303711,1.8603711,2.0503712,1.9703711,1.9103711,2.5303712,3.0203712,2.2603712,1.670371,1.9703711,2.0803711,1.9103711,2.210371,2.610371,2.750371,3.720371
4.1803713,4.030371,5.020371,5.460371,4.9303713,4.520371,3.5403712,2.0103712,-0.5096289,-1.9096289,-2.309629,-2.299629,-2.339629,-2.2096288,-2.539629,-2.9096289,1.6403711,-4.969629,-3.9196289,-5.6096287,-6.349629,-5.8196287,-5.639629,-4.249629,-4.759629,-5.949629,-8.459629,-3.389629,-2.569629,-3.6496289,-0.3996289,1.1203711,1.4703711,1.0403711,-0.1496289,-0.7396289,-2.139629,-0.1496289,-1.9896289,-1.7296289,-0.5196289,1.7003711,2.8003712,3.000371,3.0303712,3.460371,4.260371,4.570371,3.700371,3.8203712,3.500371,3.240371,3.5803711,3.400371,3.160371,3.180371,2.370371,1.8703711,2.700371,2.670371
4.150371,3.380371,3.380371,3.5303712,3.740371,3.710371,3.620371,2.6003711,2.610371,0.97037107,-0.6496289,-1.5396289,-1.829629,-2.1796288,-2.559629,-3.1996288,-2.829629,-2.509629,-2.1996288,-2.1696289,-3.4496288,-4.2996287,-5.0896287,-5.3196287,-6.0696287,-4.809629,-4.689629,-5.789629,-3.319629,-1.4296288,1.0103711,1.4903711,1.0203711,0.3403711,0.97037107,-0.009628906,-1.319629,-1.0996289,0.07037109,1.8603711,3.410371,4.270371,4.870371,5.4303713,5.120371,5.280371,5.710371,5.830371,4.960371,5.080371,4.330371,3.8403711,3.8103712,3.960371,4.610371,3.960371,4.850371,2.870371,2.250371,0.7003711
2.380371,2.720371,3.1003711,3.250371,3.460371,3.480371,3.210371,2.660371,2.950371,2.360371,0.5203711,0.050371096,-1.0096289,-1.9796289,-2.009629,-2.629629,-2.539629,-2.819629,-3.2396288,-2.629629,-2.809629,-3.319629,-3.9296288,-4.149629,-4.309629,-5.009629,-5.139629,-4.1096287,-2.759629,-1.2196289,-0.6496289,-0.7396289,0.11037109,1.0703712,0.9903711,-0.7496289,-2.4096289,-0.1396289,2.5203712,2.8103712,3.440371,2.360371,3.5703712,3.960371,5.030371,5.110371,4.740371,4.100371,3.450371,3.630371,3.910371,4.550371,4.9303713,2.870371,7.9703712,0.9303711,1.2103711,2.8003712,2.370371,-0.7296289
2.2803712,2.410371,3.700371,3.640371,3.940371,3.7903712,3.380371,2.920371,2.750371,2.730371,2.0403712,1.1403711,0.040371094,-0.089628905,-1.7096289,-1.7996289,-2.9596288,-2.9196289,-3.359629,-3.7196288,-2.9796288,-3.389629,-3.999629,-3.4896288,-4.0296288,-3.299629,-3.309629,-3.369629,-3.499629,-3.2296288,-2.639629,-2.1896288,-0.5096289,-0.8296289,-1.8596289,-1.3596289,0.7303711,1.8303711,1.7103711,1.940371,0.2803711,4.2003713,3.3503711,5.110371,4.290371,3.7603712,3.690371,2.7903712,3.7903712,2.930371,2.0103712,1.6003711,4.940371,4.670371,5.030371,1.3803711,0.1903711,-1.1796288,-0.23962891,0.6503711
3.230371,4.230371,4.740371,4.1603713,3.880371,3.7803712,3.610371,3.5203712,3.0903711,2.360371,2.2703712,2.230371,0.15037109,1.8303711,0.8103711,-0.7596289,-2.819629,-2.9096289,-3.029629,-2.889629,-3.4796288,-3.7096288,-4.0496287,-4.349629,-4.139629,-3.7296288,-3.7296288,-3.4796288,-3.9896288,-2.9196289,-2.999629,-3.379629,-1.189629,-2.759629,0.3403711,0.7303711,0.9603711,-0.1496289,0.7603711,0.11037109,1.1203711,3.120371,3.5803711,5.340371,5.100371,4.670371,3.630371,4.100371,3.0103712,2.650371,1.550371,2.700371,2.6003711,4.310371,2.490371,-0.06962891,1.1003711,2.7703712,2.130371,1.0903711
-0.6296289,0.010371094,4.360371,3.7903712,3.0903711,3.0303712,3.130371,3.6003711,4.2003713,4.370371,4.320371,3.390371,2.3003712,2.5603712,2.6003711,1.3903711,-0.12962891,-1.4996289,-2.269629,-2.7396288,-4.3396287,-3.4296288,-3.249629,-3.4396288,-3.609629,-2.9696288,-4.039629,-3.279629,-3.4796288,-3.079629,-2.749629,-3.269629,-3.609629,-1.9096289,-0.4996289,-0.9096289,-0.5796289,-1.0896289,-2.1896288,-0.96962893,2.7603712,0.8803711,-0.71962893,-0.1896289,-0.5096289,5.100371,5.6603713,4.190371,3.750371,4.6603713,2.630371,1.7603711,1.7303711,1.9603711,2.0403712,-0.3196289,0.1303711,0.5603711,0.3703711,-0.4096289
0.2403711,-3.759629,-0.3296289,2.450371,3.400371,3.8403711,2.940371,2.7703712,3.5603712,3.630371,3.610371,4.7003713,4.810371,4.320371,3.670371,2.990371,1.6303711,0.20037109,-0.2596289,-0.9396289,-1.9196289,-2.019629,-2.2296288,-2.7096288,-2.009629,-2.389629,-3.789629,-3.4196289,-3.7396288,-3.4796288,-3.089629,-3.639629,-3.549629,-3.809629,-0.1396289,-1.6796288,-2.619629,-2.019629,-3.6696289,-1.449629,-4.239629,-5.979629,4.020371,6.240371,6.840371,8.750371,8.030371,6.250371,5.620371,5.040371,4.290371,2.140371,1.0403711,1.2403711,-0.4896289,1.0903711,-0.009628906,-3.009629,0.78037107,-0.1696289
1.440371,-0.8596289,-1.569629,0.20037109,-0.4096289,1.1303711,1.9903711,3.000371,4.830371,4.7003713,4.230371,4.280371,4.1603713,4.300371,5.940371,5.080371,3.3103712,3.0303712,1.7803711,0.1303711,-0.8096289,-1.1096289,-0.5196289,-0.5496289,-0.029628906,-0.4296289,-2.4696288,-2.119629,-2.099629,-2.759629,-4.019629,-4.309629,-4.059629,-3.509629,-2.4396288,-3.609629,-4.5296288,-4.429629,-3.7096288,-6.329629,-9.459629,8.1903715,8.500371,8.310371,5.8903713,7.9303713,8.240371,7.4503713,6.360371,5.630371,5.870371,1.9803711,1.9103711,1.0103711,-0.039628908,3.920371,1.3303711,0.4603711,-1.2196289,0.2403711
-0.1996289,3.8103712,2.230371,2.8003712,-0.009628906,-2.059629,-0.35962892,0.8803711,1.690371,3.7903712,5.480371,5.6803713,6.210371,4.520371,2.7803712,2.370371,1.7903711,0.4803711,0.090371095,1.1603711,1.9603711,2.6003711,0.9403711,0.23037109,-0.5496289,-1.2196289,-2.2196288,-3.639629,-2.9096289,-3.259629,-3.999629,-4.899629,-4.899629,-3.9796288,-4.5896287,-5.849629,-6.329629,-5.579629,-7.419629,-10.239629,1.170371,11.730371,10.220371,8.710371,8.200371,8.060371,7.620371,7.490371,6.620371,5.6603713,2.0503712,0.8003711,-0.9896289,-1.2896289,-0.3196289,1.3203712,0.8703711,0.4303711,0.4003711,-1.3396289
0.6903711,0.5903711,3.0503712,2.0303712,-0.089628905,0.1703711,0.5703711,2.2803712,3.700371,4.540371,6.7203712,7.360371,7.000371,5.420371,4.1803713,3.0603712,1.800371,1.4503711,0.5103711,2.640371,4.460371,4.290371,2.3503711,0.1903711,0.020371094,-0.4096289,-1.949629,-3.049629,-4.009629,-3.9796288,-5.009629,-6.139629,-5.3596287,-6.869629,-7.129629,-7.679629,-7.719629,-8.009629,-9.459629,-8.479629,8.840371,9.730371,9.100371,8.700371,8.280371,7.550371,6.780371,6.310371,6.320371,5.440371,3.670371,1.7003711,0.8703711,0.3103711,-0.2296289,0.030371094,0.2903711,-0.15962891,-0.9996289,-0.7396289
2.740371,5.4703712,5.360371,1.3403711,0.97037107,-1.319629,0.5003711,6.610371,7.310371,6.210371,6.2203712,7.2203712,7.6603713,7.300371,6.590371,4.920371,3.0103712,0.4803711,-1.2496289,7.570371,7.440371,5.820371,4.780371,3.140371,1.2903711,-0.1496289,-0.77962893,-2.009629,-3.4296288,-5.8396287,-6.329629,-7.0496287,-7.869629,-8.5596285,-9.139629,-9.439629,-9.649629,-10.639629,-4.5496287,2.670371,9.570371,9.330371,8.570371,8.430371,8.510371,7.6803713,7.090371,6.360371,5.9503713,5.2003713,3.690371,1.930371,0.4003711,-0.5096289,-1.0196289,-1.4296288,-2.4196289,-2.529629,-2.139629,0.36037108
6.750371,5.500371,1.4703711,2.480371,2.5103712,3.720371,3.160371,7.080371,8.450371,6.9703712,7.270371,8.1903715,7.4503713,7.400371,5.490371,4.330371,2.870371,1.7903711,1.3703711,4.670371,10.560371,8.550371,6.170371,4.340371,1.440371,0.3203711,-0.4996289,-3.6496289,-4.869629,-6.169629,-7.289629,-8.209629,-9.079629,-9.839629,-10.299629,-11.189629,-9.329629,-6.0296288,2.610371,6.6603713,7.510371,7.940371,8.060371,8.320371,8.210371,7.7003713,6.980371,6.600371,5.190371,4.3903713,3.380371,1.6503711,0.33037108,-0.8296289,-2.309629,-2.1696289,-2.2096288,-1.7496289,-1.2396289,1.3803711
7.110371,1.940371,2.990371,2.650371,2.880371,4.080371,2.950371,4.580371,6.9703712,7.9303713,8.350371,7.7203712,7.020371,6.790371,4.860371,2.660371,2.960371,2.410371,2.170371,5.040371,9.640371,8.290371,5.850371,3.890371,1.4603711,-1.319629,-2.499629,-3.889629,-5.379629,-6.8596287,-8.349628,-9.069629,-9.479629,-10.429629,-11.759629,-9.909629,-5.479629,0.5003711,2.880371,4.6803713,5.830371,6.6803713,7.4103713,8.020371,8.100371,7.8903713,7.100371,5.9103713,5.060371,4.130371,3.0403712,1.9003711,1.0303711,-0.23962891,-1.4996289,-2.579629,-1.079629,-1.4296288,-1.5196289,-1.5096289
2.740371,4.2003713,3.720371,4.260371,5.630371,5.4303713,5.070371,4.4303713,7.040371,7.090371,6.340371,6.050371,5.400371,5.310371,4.310371,2.8203712,2.220371,2.380371,1.5803711,7.630371,8.220371,6.960371,4.4303713,1.6603711,0.1403711,-1.0296289,-3.889629,-5.219629,-6.789629,-7.7996287,-8.579629,-9.579629,-10.869629,-11.499629,-9.219629,-5.929629,-3.9896288,-2.4596288,1.7603711,2.7603712,4.170371,5.9103713,7.240371,8.530371,8.400372,7.9103713,7.170371,6.460371,5.4503713,3.710371,2.370371,0.9803711,0.4103711,-0.7496289,-1.559629,-2.119629,-2.559629,-2.6896288,-0.5196289,1.440371
4.4703712,8.090371,7.630371,6.800371,6.110371,7.120371,7.520371,6.850371,6.190371,5.990371,5.610371,4.870371,4.2003713,3.5503712,2.3203712,2.200371,1.0403711,0.010371094,4.530371,6.030371,5.850371,4.8903713,3.5903711,0.7303711,-1.2196289,-2.879629,-4.629629,-6.229629,-7.749629,-8.739629,-9.699629,-10.0596285,-10.699629,-8.8096285,-5.289629,-5.7796288,-6.039629,-3.599629,1.7903711,3.690371,4.170371,5.840371,9.140371,9.310371,8.410371,7.490371,7.1803713,6.290371,5.020371,3.0503712,1.7503711,1.6103711,0.2503711,-0.3296289,-0.7996289,-1.309629,-1.2996289,-1.2396289,-1.3396289,-1.329629
8.560371,8.200371,7.570371,7.580371,7.710371,7.250371,6.740371,5.600371,5.190371,5.080371,4.460371,3.2703712,2.650371,1.1503711,1.1303711,0.040371094,-0.7096289,2.650371,4.790371,4.860371,4.780371,3.920371,1.6103711,-1.0996289,-2.639629,-4.449629,-5.6096287,-7.2996287,-8.099628,-8.8096285,-9.529629,-9.649629,-8.819629,-5.3396287,-5.159629,-4.789629,-4.649629,-2.1896288,0.18037109,3.0203712,4.240371,6.560371,8.670371,11.390371,10.400372,8.270371,6.650371,5.170371,3.680371,2.0903711,1.0903711,0.120371096,0.27037108,0.0803711,-0.2196289,-0.8796289,-1.1196289,-1.2796289,-1.6396289,-0.6896289
9.6903715,9.210371,7.770371,7.1403713,6.650371,5.800371,5.2203712,4.420371,3.3503711,3.110371,3.5203712,2.190371,0.9403711,-0.58962893,-0.35962892,-2.549629,2.660371,3.620371,4.130371,3.200371,2.380371,1.4703711,0.33037108,-1.8796289,-3.6796288,-5.369629,-7.249629,-7.709629,-8.369629,-9.279629,-9.029629,-7.249629,-5.5896287,-5.759629,-4.519629,-3.109629,-1.809629,-1.4696289,2.990371,4.4103713,5.110371,6.840371,9.070371,10.920371,9.600371,8.260371,6.380371,4.980371,2.980371,0.3703711,-0.6896289,-1.689629,-0.8996289,-0.3096289,-0.3396289,-0.009628906,-0.06962891,-0.7696289,-1.6296289,-1.199629
9.500371,8.180371,6.820371,6.790371,6.090371,4.750371,3.8103712,2.640371,2.0203712,2.8203712,2.380371,0.6403711,-0.07962891,-0.35962892,-2.339629,-2.2396288,2.000371,3.910371,2.720371,1.940371,0.7103711,-0.019628907,-0.7296289,-1.9196289,-3.4796288,-5.249629,-6.619629,-8.119629,-8.789629,-9.3096285,-8.0596285,-7.3396287,-6.579629,-4.669629,-2.039629,-2.139629,-1.5296289,0.20037109,1.7003711,2.940371,3.900371,7.090371,9.750371,9.850371,9.160371,7.270371,6.1803713,4.1403713,0.5603711,-2.249629,-4.969629,-0.9296289,-0.2996289,-0.2896289,1.5803711,-0.7496289,-0.47962892,-0.12962891,-0.6096289,-1.319629
8.700371,8.720371,7.040371,5.820371,5.370371,4.500371,3.5803711,2.870371,1.3503711,0.4103711,-0.7596289,-1.5896289,-1.2796289,-0.3396289,-1.1496289,-1.5296289,-1.0196289,1.0203711,2.180371,1.0703712,0.1603711,-1.1196289,-1.9296288,-2.509629,-3.559629,-5.199629,-6.849629,-7.5896287,-8.519629,-8.289629,-8.999629,-9.279629,-9.019629,-4.159629,-0.2596289,2.1003711,2.950371,2.490371,2.2903712,1.9603711,3.470371,7.760371,9.590371,9.160371,7.900371,6.4703712,4.6403713,1.810371,-1.569629,-4.219629,-6.509629,-1.699629,-0.44962892,-1.6796288,-2.1896288,-3.039629,-1.7496289,-1.069629,-1.069629,-1.689629
5.960371,7.190371,6.310371,5.340371,4.370371,2.870371,1.560371,0.5803711,-0.009628906,-0.6996289,-0.7396289,-0.2296289,-0.3096289,-0.7296289,-1.8496289,-1.8996289,-1.689629,-0.5696289,1.0403711,-0.019628907,0.6903711,-1.2696289,-2.6496289,-3.309629,-4.179629,-5.259629,-6.459629,-7.219629,-7.5696287,-8.369629,-10.739629,-8.5596285,-4.669629,-0.2896289,3.940371,7.1803713,5.510371,4.260371,2.640371,1.920371,2.7703712,6.870371,9.040371,8.790371,7.230371,5.860371,3.490371,0.78037107,-1.949629,-4.079629,-5.709629,-6.239629,-0.20962891,0.8903711,-0.2296289,0.6503711,0.6203711,-2.9796288,0.4503711,-1.0496289
3.610371,4.690371,5.860371,4.960371,3.400371,1.6403711,0.3503711,-0.6096289,-1.939629,-1.819629,0.2403711,1.0003711,0.4003711,-0.2296289,-2.059629,-2.6796288,-2.639629,-2.9296288,-2.1496289,-2.559629,-1.7096289,-0.6596289,-1.559629,-2.129629,-3.2296288,-4.399629,-5.489629,-6.099629,-6.879629,-7.0896287,-7.899629,-5.2796288,-1.819629,1.6303711,5.070371,6.670371,6.7203712,4.480371,3.610371,3.0603712,2.870371,4.760371,8.530371,8.6903715,6.9103713,4.820371,3.220371,0.8803711,-2.309629,-4.379629,-6.5496287,-6.509629,-2.069629,-1.329629,-1.5296289,-0.3396289,1.060371,0.6403711,-0.3796289,1.4003711
3.860371,3.680371,4.790371,4.330371,3.400371,2.230371,-0.20962891,-1.2896289,0.4403711,1.6403711,2.200371,1.8903711,0.78037107,-1.319629,-2.749629,-2.7396288,-3.7096288,-4.769629,-4.509629,-2.999629,-2.2096288,-1.8696289,-2.359629,-2.6596289,-2.779629,-3.7196288,-4.749629,-5.259629,-5.579629,-5.849629,-4.939629,-2.509629,-0.8996289,1.6503711,1.2003711,5.4103713,5.340371,4.800371,3.660371,3.5703712,3.0403712,3.610371,8.220371,8.260371,6.2203712,3.960371,2.5203712,-0.9796289,-3.369629,-5.759629,-7.0896287,-1.9696289,-0.7996289,-0.6396289,0.2603711,0.060371093,-0.059628908,0.2503711,3.380371,-0.3296289
3.860371,4.330371,4.460371,4.2203712,3.740371,2.870371,2.0103712,1.800371,1.9703711,2.0403712,1.8403711,1.060371,-0.2296289,-1.7896289,-3.089629,-4.079629,-4.699629,-4.219629,-3.309629,-2.2196288,-0.9396289,-1.1196289,-2.069629,-1.8896289,-2.559629,-2.539629,-3.589629,-3.9796288,-3.279629,-2.9596288,-3.009629,-2.359629,-1.6196289,-0.6496289,1.930371,3.220371,4.7203712,4.190371,2.7803712,2.670371,2.940371,3.3103712,7.310371,7.1403713,5.260371,3.3103712,1.2303711,-2.1896288,-4.469629,-6.439629,-7.989629,-6.149629,-2.069629,-1.3896289,-1.8796289,-1.8696289,0.3503711,0.15037109,1.4003711,-1.079629
4.550371,4.330371,3.8103712,4.170371,4.070371,3.0803711,2.2603712,1.8903711,1.2003711,1.2303711,0.9903711,0.5503711,-0.6196289,-1.8396289,-2.559629,-2.7096288,-2.599629,-2.029629,-0.7896289,-0.039628908,0.4103711,0.010371094,0.1603711,0.2503711,-0.07962891,-0.07962891,-0.7396289,-0.4296289,-0.6796289,0.5403711,-0.8696289,-1.3896289,-0.5496289,-0.3696289,1.1503711,3.8203712,3.180371,2.670371,2.000371,2.130371,1.810371,2.920371,6.9303713,6.530371,4.4703712,1.920371,-0.6596289,-3.6596289,-5.659629,-7.289629,-8.949629,-9.859629,-4.489629,-7.0496287,3.200371,1.430371,1.690371,0.5703711,-3.1496289,-5.079629
