json/gfs_20240725_06.json
{"header": { "discipline":0, "disciplineName":"Meteorological products", "gribEdition":2, "gribLength":79252, "center":7, "centerName":"US National Weather Service - NCEP(WMC)", "subcenter":0, "refTime":"2024-07-25T06:00:00.000Z", "significanceOfRT":1, "significanceOfRTName":"Start of forecast", "productStatus":0, "productStatusName":"Operational products", "productType":1, "productTypeName":"Forecast products", "productDefinitionTemplate":0, "productDefinitionTemplateName":"Analysis/forecast at horizontal level/layer at a point in time", "parameterCategory":2, "parameterCategoryName":"Momentum", "parameterNumber":2, "parameterNumberName":"U-component_of_wind", "parameterUnit":"m.s-1", "genProcessType":2, "genProcessTypeName":"Forecast", "forecastTime":0, "surface1Type":103, "surface1TypeName":"Specified height level above ground", "surface1Value":10.0, "surface2Type":255, "surface2TypeName":"Missing", "surface2Value":0.0, "gridDefinitionTemplate":0, "gridDefinitionTemplateName":"Latitude_Longitude", "numberPoints":65160, "shape":6, "shapeName":"Earth spherical with radius of 6,371,229.0 m", "gridUnits":"degrees", "resolution":48, "winds":"true", "scanMode":0, "nx":360, "ny":181, "basicAngle":0, "lo1":0.0, "la1":90.0, "lo2":359.0, "la2":-90.0, "dx":1.0, "dy":1.0 }, "data":
[rows 125 to 149 of 181, columns 57 to 113 of 360]
5.1745434,7.8645434,6.1245437,8.784543,8.854544,8.604544,8.794543,8.214543,9.474544,8.244543,8.544543,7.8045435,7.6445436,7.7945433,7.3745437,6.9645433,7.4745436,7.8945436,7.9545436,7.9145436,8.024544,8.484544,7.7545433,7.3745437,8.294543,7.2745433,7.4045434,7.1845436,7.6345434,6.9945436,6.6845436,6.4845433,6.2745433,6.0745435,6.1145434,7.0245433,7.6045437,7.6245437,7.4445434,9.324543,8.774544,9.004543,10.064544,10.284543,11.074543,10.404544,10.514544,10.574543,10.314544,10.734544,10.004543,9.104544,9.774544,9.284543,10.334543,8.924543,10.104544
6.4945436,7.9145436,7.7645435,9.064544,8.274544,11.224544,12.5545435,12.0545435,11.284543,11.704543,10.464543,10.354544,9.584543,9.5545435,9.984544,7.9445434,6.2845435,6.9145436,8.614544,8.114544,8.604544,7.8145432,8.264544,9.104544,8.634543,8.724544,8.144544,8.194544,8.244543,7.2945433,6.2745433,7.3245435,8.614544,6.5245433,6.8145432,7.8045435,7.9945436,5.7345433,5.9545436,6.7145433,8.814544,9.124543,10.3045435,10.874543,11.354544,11.794543,12.324543,12.754543,11.114544,10.594543,9.484544,10.504543,9.924543,9.584543,9.414543,5.5545435,5.2345433
7.0245433,8.924543,9.734544,10.424543,11.5545435,12.814544,12.744543,11.904544,13.214543,13.204543,12.104544,11.384543,10.714543,11.874543,11.624543,10.384543,10.724544,10.064544,10.404544,8.174543,7.1045437,7.2945433,7.5945435,7.2845435,8.834543,9.724544,8.844543,9.264544,8.974544,8.484544,7.8145432,10.134543,9.724544,7.7645435,7.3645434,7.9445434,7.9445434,5.4145436,6.3445435,8.384543,6.3045435,7.1945434,9.224544,8.564544,9.124543,10.624543,10.944544,12.294543,11.914543,11.0545435,10.544543,8.944544,1.0445435,2.6545434,1.7745434,6.0145435,5.7545433
7.4845433,9.184544,9.844543,11.414543,11.934544,12.684544,14.294543,14.234544,14.344543,14.214543,13.594543,12.794543,12.354544,11.5545435,11.5545435,12.034543,10.194544,8.844543,8.214543,8.8045435,9.224544,10.094543,8.254543,7.8845434,8.464543,9.464543,9.424543,9.854544,10.064544,9.884543,9.294543,8.424543,8.444544,8.164543,8.424543,8.624543,8.144544,5.8545437,7.3745437,6.3445435,5.8245435,6.334543,8.064544,9.044543,9.984544,9.964543,10.504543,11.234544,11.904544,10.474544,9.704543,-0.89545655,3.0045435,4.1045437,3.9645433,4.4245434,5.9245434
7.834543,9.284543,10.424543,12.004543,12.834543,13.664543,14.514544,15.474544,15.494543,15.144544,14.564544,14.254543,13.874543,13.284543,13.384543,11.404544,10.384543,10.624543,9.484544,11.524544,9.764544,10.064544,9.864544,10.124543,9.974544,10.384543,10.664543,11.104544,11.834543,11.264544,10.574543,10.104544,9.614544,9.234544,8.844543,8.224544,7.8645434,6.7945433,7.1845436,5.4345436,5.084543,6.4645433,8.724544,9.954543,10.574543,11.314544,11.374543,11.314544,10.834543,-1.7754565,-3.8154566,0.28454345,3.3145435,3.1745434,3.9745436,4.7845435,4.9245434
7.1345434,9.444544,10.564544,12.354544,13.5545435,14.704543,15.994543,17.244543,16.864544,16.814543,16.394543,15.764544,15.074543,14.354544,13.834543,12.724544,11.714543,11.134543,11.464543,11.414543,11.524544,11.074543,11.464543,11.454543,11.514544,12.134543,12.034543,12.754543,12.284543,12.524544,11.084543,10.654544,10.714543,10.224544,8.994543,7.9845433,8.024544,7.3145432,6.1545434,5.3745437,6.6945434,7.6545434,9.544543,9.834543,10.634543,10.354544,9.814544,-2.5154564,-7.9754567,-6.0854564,-0.91545653,1.6845435,1.8045435,3.4645433,4.8045435,5.4145436,4.2545433
8.874543,9.794543,11.994543,11.734544,13.214543,14.624543,15.974544,18.754543,18.894543,17.894543,17.924543,16.844543,16.344543,16.474543,14.664543,13.334543,11.894544,11.464543,11.934544,11.774544,12.114544,11.924543,12.464543,13.354544,13.334543,13.384543,13.484544,13.984544,14.144544,13.614544,13.314544,11.614544,10.504543,10.624543,9.5545435,7.2545433,7.6545434,6.5945435,4.8745437,5.3645434,6.5945435,7.8145432,7.3945436,6.7245436,-3.2454565,-10.065456,-8.455457,-6.6354566,-5.2754564,-2.7754564,-1.2754565,0.27454346,2.1745434,4.1445436,4.9345436,5.584543,6.2745433
10.574543,11.884543,12.634543,13.604544,14.784543,14.014544,14.154544,13.8045435,14.564544,17.724543,16.164543,14.084543,14.674543,16.174543,13.994543,12.854544,11.714543,11.874543,12.744543,11.744543,11.124543,12.544543,13.624543,14.314544,14.404544,14.594543,14.924543,15.0545435,15.074543,15.0545435,14.954543,14.114544,11.384543,10.574543,9.884543,6.7445436,6.5745435,5.5245433,4.6345434,5.4145436,6.1345434,0.5045435,-3.3854566,-5.5254564,-5.5154567,-5.2554564,-4.9454565,-4.3654566,-4.1254563,-2.6254566,-0.32545653,1.7645434,4.1545434,4.4745436,5.6845436,6.4645433,7.1945434
8.494543,9.744543,10.634543,11.534543,12.574543,13.444544,14.184544,14.204543,12.414543,11.014544,10.784543,11.674543,12.414543,10.814544,14.364544,12.544543,12.244543,11.784543,8.844543,9.5545435,10.284543,14.0545435,15.274544,16.394543,16.304543,15.874543,15.744543,15.954543,16.204544,15.854544,15.884543,15.5545435,12.694544,11.0545435,8.734544,6.5445433,5.2445436,3.6945434,3.6245434,4.1345434,-1.0654565,-1.5854565,-2.3754566,-2.2654564,-3.6654565,-3.3354566,-3.9354565,-2.6154566,-1.1754565,1.0845435,2.2845435,3.7245436,4.1145434,4.6445436,5.1945434,6.2945433,7.2445436
6.2045436,6.2245436,6.9145436,7.7745433,9.354544,11.774544,13.834543,14.164543,13.264544,9.424543,8.094543,7.8845434,9.594543,10.864544,12.974544,8.8045435,0.5645435,3.5945435,3.7445436,8.5545435,12.724544,17.284544,20.124544,19.294544,17.034544,17.234543,16.684544,17.174543,16.524544,15.444544,15.364544,15.484544,12.564544,10.684544,8.484544,5.1645436,2.2645435,1.9045434,3.5045435,-1.3054565,0.16454345,-1.0954566,-1.2854565,-1.5854565,-2.7454565,-1.4954566,-0.96545655,-0.17545654,1.2045435,2.6645434,3.2045434,3.9945436,4.3845434,4.8645434,5.7545433,6.4845433,7.4745436
3.5445435,4.2845435,4.4545436,5.1945434,6.3445435,7.6245437,8.244543,8.724544,11.074543,8.704543,5.3545437,6.834543,6.9145436,2.0245435,-3.2854567,-7.1354566,-3.5854566,-0.53545654,5.9645433,8.154544,8.064544,8.994543,10.894544,15.524544,16.514544,16.904543,17.404543,16.254543,16.144543,15.934544,14.974544,14.3045435,9.8045435,12.594543,5.8645434,1.4745435,-0.09545654,1.9945434,-2.2254565,-1.7454566,-0.82545656,-0.56545657,-1.2554566,-0.72545654,-1.1454566,-0.045456544,1.1345434,1.9545435,2.4845436,3.3345435,4.4545436,4.3845434,4.6645436,5.1245437,5.9545436,6.2945433,7.2645435
1.2345434,0.97454345,1.9745435,2.5145435,3.1145434,4.2445436,4.7945433,6.3045435,6.7245436,4.4845433,2.6945434,2.7845435,1.8245435,-2.3254566,-5.1754565,-4.5554566,-0.6154565,2.7245436,5.3145432,4.0245433,5.8545437,9.504543,9.754543,10.104544,12.154544,15.644544,16.654543,15.844543,15.354544,15.004543,13.124543,9.454543,10.964543,11.154544,1.4245435,-1.7254566,-1.4454565,-2.7654564,-2.9354565,-1.4654565,-1.2754565,-1.6554565,-0.84545654,-0.39545655,0.31454346,1.2445434,2.2945435,3.5745435,4.2945433,5.2245436,5.9945436,5.1945434,5.3945436,6.0645432,6.4345436,7.0445433,7.5145435
-1.0354565,0.28454345,-0.37545654,-0.43545654,-0.5454565,-0.53545654,0.96454346,0.11454346,-0.49545655,-1.5754565,-0.83545655,-3.3354566,-4.0454564,-2.6654565,-2.9654565,0.52454346,2.5845435,3.9545434,4.2845435,5.0145435,8.754543,8.824543,7.7245436,7.5545435,8.474544,10.534543,10.824543,12.464543,14.034543,13.494543,11.024544,9.244543,2.7445436,-2.7054565,-5.2154565,-2.7254565,-2.7254565,-2.9254565,-3.3554566,-2.3954566,-2.7254565,-1.0554565,-0.41545653,0.91454345,1.4245435,2.8845434,4.0045433,5.3045435,6.4045434,7.2845435,7.1745434,6.8645434,7.3045435,8.494543,8.044543,7.0645432,7.4945436
-1.2754565,-0.76545656,-2.1554565,-2.2454565,-2.7154565,-2.4554565,-3.5754566,-3.5854566,-5.9754567,-3.8054566,-4.4054565,-4.2354565,-2.7854567,-1.9854566,-0.78545654,2.9745436,1.8245435,3.5145435,7.2845435,7.3545437,8.324543,7.7545433,7.6245437,8.764544,6.1145434,7.9345436,8.844543,4.9945436,2.7945435,5.8245435,4.6045437,3.3345435,-3.3954566,-4.6054564,-5.9854565,-3.4954565,-4.2454567,-4.5054564,-3.6954565,-2.5954566,-1.4554565,0.12454346,1.3045435,2.4345434,3.7345436,5.0945435,6.4545436,7.6045437,8.164543,8.464543,8.944544,9.224544,9.514544,9.614544,8.494543,8.194544,8.034543
-1.3154565,-1.9354565,-2.7754564,-3.2354565,-4.0254564,-4.3554564,-4.7554564,-5.0654564,-5.9954567,-2.8054566,-2.4054565,-1.8654566,0.14454345,0.74454343,1.6045434,3.6545434,4.7845435,6.8045435,8.624543,8.454543,8.904544,8.684544,9.154544,8.714543,8.034543,6.2245436,3.8045435,1.6045434,2.3945434,0.044543456,-0.40545654,-3.9754565,-6.2254567,-5.6054564,-4.5454564,-5.9654565,-7.0254564,-4.8754563,-4.2654567,-2.0254564,-0.47545654,1.0045434,2.4945436,3.9845436,4.6345434,7.1145434,7.6345434,8.364544,8.634543,9.704543,9.704543,10.324543,10.034543,10.264544,10.214543,10.224544,8.764544
-2.0554566,-1.7054565,-2.4054565,-3.4154565,-4.3154564,-4.915457,-5.415457,-6.2354565,-4.9954567,-3.4554565,-0.39545655,1.5245434,3.6645434,3.1045434,3.4645433,3.8845434,5.5645432,8.644544,9.204543,9.504543,10.744543,10.784543,10.534543,9.544543,4.7545433,5.1745434,-3.1754565,-6.3254566,-6.1154566,-7.9354568,-9.675457,-9.475456,-5.0954566,-6.3254566,-7.7454567,-7.3154564,-6.2754564,-3.7954566,-2.2054565,-0.76545656,0.7645435,2.2145433,4.1745434,5.0545435,7.5745435,8.444544,9.364544,9.074543,8.314544,6.9045434,6.7845435,8.344543,9.634543,10.544543,10.464543,11.184544,11.464543
-1.7454566,-1.9454565,-1.9854566,-2.8954566,-4.0854564,-4.8954563,-5.3754563,-5.7654567,-6.3354564,-6.9654565,-3.4554565,-2.2754564,2.9845436,5.0745435,5.6045437,6.1145434,6.8845434,8.284543,8.584543,8.874543,10.284543,10.254543,9.834543,6.2145433,5.084543,-1.6354566,-4.0954566,-3.4854565,-4.2254567,-6.3154564,-6.8854566,-8.855456,-9.185456,-8.815456,-8.465457,-5.1254563,-5.2354565,-3.7454565,-1.1054566,0.15454346,2.2245436,4.7845435,5.9545436,7.9845433,8.014544,8.754543,8.684544,6.8445435,6.5345435,7.0745435,7.7745433,7.6245437,7.2245436,8.244543,8.704543,9.424543,10.744543
-0.57545656,-1.2354566,-1.9154565,-2.6454566,-3.5354567,-4.0854564,-4.7654567,-5.5054564,-7.1854568,-5.7154565,-5.2754564,-5.7254567,-6.0554566,-5.2554564,-3.7154565,-2.1354566,-0.95545655,0.92454344,2.2945435,3.8245435,5.4545436,4.1445436,2.0445435,0.79454345,-2.8954566,-3.6754565,-3.9654565,-4.8154564,-7.6854568,-8.015456,-9.425457,-10.315456,-9.125457,-7.0754566,-6.6354566,-5.6454563,-3.1554565,-1.4054565,1.0045434,2.3745434,4.8745437,5.9645433,7.4745436,8.784543,9.764544,9.794543,9.194544,7.6045437,7.0045433,7.5945435,6.9645433,6.4245434,7.8645434,8.074543,8.404544,9.974544,10.604544
0.58454347,-0.075456545,-0.89545655,-1.7354566,-2.4054565,-2.6754565,-3.4754565,-4.1154566,-4.4354568,-4.3954563,-5.1554565,-5.6154566,-5.1354566,-4.6054564,-4.2054567,-4.5354567,-3.4854565,-3.0554566,-2.7054565,-3.1754565,-4.2654567,-5.2454567,-5.2254567,-5.8454566,-5.5654564,-5.9454565,-7.6154566,-8.575457,-8.145456,-7.665457,-7.4754567,-7.2254567,-6.8454566,-5.9254565,-3.7554564,-1.2854565,-0.70545655,1.1045434,3.2945435,4.7145433,6.8245435,8.184544,8.724544,8.384543,8.354544,7.9145436,7.5545435,8.634543,7.1045437,6.6145434,6.3245435,7.0145435,8.154544,6.4245434,7.1245437,6.334543,6.1245437
1.0645435,0.78454345,0.17454346,0.104543455,-0.20545654,-1.0954566,-1.5854565,-1.8854566,-2.4154565,-2.8754566,-3.1854565,-3.4654565,-3.5154564,-3.8954566,-4.2554564,-4.0254564,-3.9654565,-3.7954566,-4.4554567,-5.0954566,-5.9054565,-5.8154564,-6.0854564,-7.5654564,-8.535457,-8.685456,-7.9954567,-8.435456,-8.375457,-7.5154567,-6.7754564,-5.8754563,-4.6154566,-2.8154566,-0.91545653,0.91454345,2.3745434,3.8345435,5.4045434,6.6445436,7.8945436,8.384543,8.994543,8.164543,7.6545434,6.9345436,6.2445436,5.7445436,6.5045433,6.2145433,7.2745433,7.1345434,7.2845435,6.3245435,5.084543,4.7245436,3.7945435
2.5745435,2.9045434,2.0145435,2.0045435,1.6345434,1.5045434,0.90454346,0.33454347,-0.22545654,0.08454346,-0.83545655,-0.60545653,-0.52545655,-0.78545654,-0.95545655,-0.94545656,-1.3254565,-2.2454565,-2.8754566,-3.3354566,-3.8254566,-4.3354564,-4.3354564,-4.7854567,-5.3854566,-5.3754563,-5.2654567,-5.3554564,-4.9254565,-4.2054567,-3.2654564,-2.1854565,-0.6854565,0.96454346,2.1945434,3.3845434,5.6045437,6.6445436,7.5345435,8.364544,8.264544,9.394544,9.044543,8.174543,7.2345433,6.6045437,6.6145434,5.8145432,6.3945436,7.6645436,7.2345433,7.4045434,7.6045437,6.1345434,5.7145433,4.6045437,4.7245436
4.6445436,4.1745434,3.9745436,4.0545435,3.5845435,3.5045435,3.2745435,3.0545435,2.9545434,2.9045434,2.9445434,3.2145433,2.6845434,2.3645434,2.4745436,2.0945435,2.2045434,2.4245434,1.4345435,1.3245435,1.1145434,0.36454347,-0.42545655,-0.90545654,-1.2354566,-1.2454566,-1.2954565,-0.91545653,-0.32545653,0.52454346,1.7745434,2.8045435,3.8845434,4.6245437,5.1645436,6.0745435,7.084543,8.584543,9.694544,9.774544,9.384543,8.234544,8.284543,6.8045435,6.1345434,5.5145435,3.2245436,5.7345433,6.1845436,7.2245436,7.6145434,7.2645435,7.0745435,6.4845433,6.1145434,5.5545435,4.8945436
5.7345433,5.4245434,5.2445436,4.8645434,4.834543,4.7545433,4.6145434,4.9145436,5.5345435,6.1545434,5.6445436,6.1045437,5.4845433,5.7545433,5.2845435,4.8045435,4.3845434,4.4545436,4.7545433,3.7745435,3.7445436,2.1745434,0.25454345,-1.4554565,1.5245434,4.5445433,4.1345434,3.8145435,4.2145433,4.5545435,5.3945436,6.4645433,7.4245434,7.0945435,7.8645434,8.864544,9.484544,10.164543,9.534543,5.4745436,8.184544,8.684544,7.7245436,7.3045435,2.0745435,1.3445435,3.8845434,6.0245433,6.4945436,7.1145434,7.5445433,6.3245435,6.5745435,6.3645434,5.7745433,5.7545433,5.4745436
6.7545433,6.5645432,6.4645433,6.0045433,6.0345435,5.4345436,5.2545433,6.0145435,6.7145433,7.3545437,7.8945436,8.694544,8.444544,8.744543,8.394544,7.834543,7.7145433,7.1545434,5.8845434,5.8645434,5.2145433,4.4545436,4.5345435,3.0145435,3.1845434,2.1545434,1.1745435,0.064543456,-0.25545654,1.1845435,1.8145435,2.4945436,3.7945435,6.3145432,8.454543,8.814544,9.264544,8.654544,7.7545433,8.494543,7.9845433,6.2245436,4.9745436,-1.2754565,0.58454347,3.0045435,4.2445436,4.9745436,5.7645435,6.3645434,5.2345433,5.9245434,6.0945435,6.7145433,6.6645436,6.3645434,6.1545434
8.284543,8.144544,6.9745436,6.0945435,5.2245436,4.9245434,6.4445434,6.9845433,6.1445436,5.2445436,6.5145435,6.9345436,3.7245436,3.3645434,5.1345434,8.654544,9.624543,2.6645434,3.7545435,6.4745436,5.2845435,4.3645434,2.5445435,3.5345435,2.4245434,2.0945435,2.2545435,2.1945434,2.2945435,1.7245435,4.2745433,4.9245434,6.2445436,7.4145436,7.6145434,7.5545435,9.404544,9.074543,7.7845435,8.584543,7.8045435,3.4345434,-1.2654566,0.6345435,1.9945434,3.0745435,3.9845436,4.7945433,4.9245434,4.5145435,5.4245434,5.4145436,6.4145436,6.3645434,6.4745436,6.8945436,6.9645433
