json/gfs_20240723_00.json
{"header": { "discipline":0, "disciplineName":"Meteorological products", "gribEdition":2, "gribLength":79393, "center":7, "centerName":"US National Weather Service - NCEP(WMC)", "subcenter":0, "refTime":"2024-07-23T00:00:00.000Z", "significanceOfRT":1, "significanceOfRTName":"Start of forecast", "productStatus":0, "productStatusName":"Operational products", "productType":1, "productTypeName":"Forecast products", "productDefinitionTemplate":0, "productDefinitionTemplateName":"Analysis/forecast at horizontal level/layer at a point in time", "parameterCategory":2, "parameterCategoryName":"Momentum", "parameterNumber":3, "parameterNumberName":"V-component_of_wind", "parameterUnit":"m.s-1", "genProcessType":2, "genProcessTypeName":"Forecast", "forecastTime":0, "surface1Type":103, "surface1TypeName":"Specified height level above ground", "surface1Value":10.0, "surface2Type":255, "surface2TypeName":"Missing", "surface2Value":0.0, "gridDefinitionTemplate":0, "gridDefinitionTemplateName":"Latitude_Longitude", "numberPoints":65160, "shape":6, "shapeName":"Earth spherical with radius of 6,371,229.0 m", "gridUnits":"degrees", "resolution":48, "winds":"true", "scanMode":0, "nx":360, "ny":181, "basicAngle":0, "lo1":0.0, "la1":90.0, "lo2":359.0, "la2":-90.0, "dx":1.0, "dy":1.0 }, "data":
[rows 104 to 129 of 181, columns 120 to 179 of 360]
-2.058767,-2.368767,-2.4387672,-1.0587671,0.7912329,1.391233,2.121233,2.891233,2.861233,1.911233,0.4612329,1.6812329,1.8512329,2.0712328,1.161233,1.4312329,2.2412329,3.0712328,1.891233,1.4612329,1.8112329,1.8212329,0.6612329,1.151233,4.711233,7.9412327,8.121233,8.151233,7.971233,6.6512327,6.511233,7.991233,7.771233,7.1312327,7.591233,8.251233,7.9012327,6.971233,7.351233,7.1912327,7.251233,6.121233,5.141233,2.421233,3.111233,1.8112329,3.2612329,4.141233,2.911233,2.3212328,4.281233,4.871233,3.481233,3.941233,3.951233,4.4212327,2.9912329,2.411233,2.151233,2.941233
-2.578767,-3.278767,-3.168767,-0.9587671,-0.06876709,1.0612329,1.401233,2.3012328,2.5012329,2.191233,1.411233,1.0512329,2.0012329,1.9712329,2.381233,2.8212328,4.571233,3.401233,1.3712329,-0.57876706,-1.2787671,0.8812329,0.25123292,0.02123291,1.541233,2.691233,7.541233,6.991233,6.561233,6.6512327,6.621233,6.201233,6.571233,7.431233,7.551233,7.9212327,7.871233,7.6512327,7.311233,7.181233,6.3612328,7.791233,5.481233,4.451233,4.981233,3.4912329,0.44123292,2.911233,6.081233,2.961233,2.481233,4.301233,3.891233,4.3612328,4.3612328,2.961233,4.851233,5.141233,3.591233,2.7712328
-2.7087672,-2.648767,-1.608767,0.8812329,-1.4987671,-0.11876709,-0.3187671,0.01123291,1.3512329,2.331233,1.3312329,0.9612329,0.9012329,1.6312329,1.6712329,3.7812328,3.341233,2.9912329,3.441233,-0.20876709,-3.128767,0.80123293,0.02123291,0.03123291,-0.15876709,2.231233,6.9212327,6.461233,6.521233,6.4012327,6.541233,6.6512327,6.141233,5.6712327,5.601233,5.821233,5.961233,6.341233,7.1512327,6.831233,6.8612328,6.3612328,5.911233,5.571233,4.541233,4.461233,4.761233,2.2512329,2.921233,4.811233,1.2012329,1.6312329,4.3812327,5.6512327,5.521233,2.921233,0.25123292,2.181233,3.101233,4.291233
-2.318767,-1.218767,0.7612329,-1.1487671,-3.148767,-2.898767,-1.8187671,-1.4887671,-0.36876708,1.6912329,1.9912329,1.4312329,0.6512329,1.3712329,1.8712329,2.691233,3.391233,3.141233,2.341233,1.3412329,-1.8187671,-0.1687671,0.15123291,0.4312329,0.5212329,-0.27876708,9.451233,5.931233,5.771233,5.6112328,5.1312327,5.311233,5.6312327,6.241233,6.461233,6.061233,5.201233,5.4212327,5.641233,5.981233,6.571233,6.801233,6.211233,6.201233,6.311233,5.851233,4.761233,3.7512329,4.541233,5.891233,5.781233,1.8612329,2.101233,3.8012328,5.271233,4.411233,0.2212329,1.1712329,3.481233,2.7812328
-1.5687671,1.2212329,0.5712329,-0.3187671,-2.6887672,-2.7187672,-1.6687671,-1.8887671,-1.098767,-0.02876709,0.44123292,0.9612329,-0.04876709,0.7212329,2.0612328,1.9712329,2.0412328,1.8112329,1.5812329,1.0812329,0.23123291,0.24123292,-0.4787671,0.1612329,1.6112329,1.4712329,2.2912328,7.8812327,5.3812327,4.6712327,5.311233,6.031233,4.791233,6.471233,6.371233,6.091233,6.601233,5.531233,4.961233,4.431233,6.591233,5.9212327,5.701233,4.501233,6.1112328,5.981233,5.661233,6.061233,5.251233,6.3612328,6.831233,6.081233,5.471233,4.6312327,5.661233,6.931233,4.661233,3.9912329,0.41123292,0.8912329
-1.3987671,-0.2887671,-0.88876706,-3.148767,-3.608767,-2.128767,-2.2587671,-2.2587671,-1.588767,-1.2487671,-0.8387671,-0.1687671,0.08123291,0.32123291,1.651233,2.5312328,2.601233,1.531233,0.7012329,1.3212329,1.7012329,1.031233,-0.43876708,-1.2987671,-0.4087671,0.7512329,-0.9987671,5.541233,6.681233,6.4212327,5.711233,5.3812327,5.981233,5.911233,6.061233,6.6512327,6.1112328,6.591233,5.841233,4.491233,5.201233,5.1912327,5.211233,4.021233,4.181233,4.931233,4.991233,4.831233,6.001233,5.1512327,6.641233,6.891233,7.121233,6.871233,5.8612328,6.331233,6.811233,6.471233,4.811233,-0.20876709
-0.42876709,-0.5987671,-1.0787671,-2.668767,-2.7387671,-1.3787671,-2.4787672,-2.4687672,-1.4887671,-1.7687671,-2.038767,-0.09876709,0.7812329,1.031233,1.161233,2.841233,2.361233,2.0612328,0.8312329,0.3412329,2.131233,2.0712328,1.8212329,1.1212329,-2.9787672,-1.6287671,-0.27876708,1.2412329,1.0812329,6.141233,6.481233,5.521233,5.041233,4.071233,4.6112328,4.061233,4.391233,4.981233,5.391233,4.6112328,5.1712327,5.551233,5.471233,5.101233,4.021233,6.121233,6.071233,5.6912327,6.021233,5.751233,5.4412327,5.1112328,5.621233,5.1112328,5.681233,6.061233,5.501233,5.811233,5.621233,5.8812327
-1.458767,-2.1787672,-4.088767,-4.248767,-4.978767,-4.298767,-3.328767,-3.548767,-2.7187672,-2.648767,-1.3287671,-0.94876707,-0.3787671,1.151233,2.3112328,2.191233,2.3112328,1.8812329,1.641233,0.0012329102,0.38123292,1.6712329,1.2612329,0.7812329,0.20123291,-1.208767,-0.15876709,1.0812329,0.4912329,3.0712328,5.1912327,5.301233,5.331233,3.7612329,4.6112328,3.941233,3.151233,2.671233,2.731233,4.471233,3.921233,4.4212327,4.6512327,4.961233,5.721233,-0.20876709,6.161233,5.1712327,5.981233,5.761233,5.931233,6.271233,6.061233,4.641233,5.201233,4.9212327,4.931233,4.761233,4.961233,5.731233
-1.3887671,-1.9987671,-2.518767,-4.878767,-6.088767,-6.0587673,-4.318767,-4.8687673,-4.318767,-4.188767,-3.908767,-2.7287672,-1.608767,0.2612329,-0.30876708,1.0112329,2.0512328,1.641233,1.3012329,0.14123291,-0.9987671,-0.8787671,-0.6787671,-0.6587671,-0.75876707,-1.4187671,-0.3487671,0.5312329,2.7912328,1.1812329,5.031233,4.521233,5.291233,4.761233,6.451233,5.801233,5.261233,3.901233,3.441233,1.6112329,2.7612329,2.7912328,2.3112328,4.061233,3.581233,4.1712327,3.391233,4.391233,3.7912328,5.121233,5.961233,6.591233,6.571233,5.711233,5.211233,4.811233,4.6312327,4.551233,4.4412327,4.6912327
-2.2487671,-3.2287672,-3.6887672,-5.158767,-5.918767,-4.478767,-5.768767,-5.498767,-4.748767,-4.498767,-3.1987672,-2.298767,-1.5487671,-0.9987671,-1.6887671,0.41123292,0.7112329,0.2912329,-0.50876707,-0.17876709,-0.4587671,-2.368767,-1.4887671,-0.9787671,-0.9287671,-1.468767,-1.0787671,0.7612329,2.7612329,3.731233,2.5212328,7.3612328,5.521233,6.451233,4.731233,6.231233,6.471233,5.931233,4.511233,4.491233,3.181233,3.181233,3.681233,3.181233,3.361233,4.121233,2.971233,3.0412328,3.371233,3.2512329,3.971233,4.321233,4.951233,5.371233,5.4012327,5.1512327,4.831233,4.951233,4.6512327,4.811233
-2.6887672,-2.9887671,-4.1187673,-4.728767,-6.8487673,-6.238767,-5.648767,-6.158767,-6.0987673,-6.478767,-6.898767,-5.6187673,-4.938767,-3.2287672,-2.598767,-2.168767,-0.9987671,-0.57876706,-1.108767,-1.1787671,-0.8087671,-0.8787671,-1.6487671,-0.8687671,-0.01876709,-0.6787671,-1.208767,0.6212329,3.7712328,2.221233,3.5212328,2.111233,8.101233,5.761233,3.2512329,5.8612328,6.521233,6.001233,5.501233,4.801233,4.481233,4.6112328,4.791233,4.811233,5.321233,5.1912327,5.701233,6.001233,5.531233,6.251233,6.351233,5.571233,4.6512327,4.431233,4.231233,4.541233,4.471233,4.391233,4.371233,3.831233
-2.2087672,-3.668767,-4.488767,-5.8887672,-6.038767,-6.898767,-7.268767,-5.418767,-5.468767,-4.938767,-4.658767,-3.788767,-4.878767,-4.038767,-3.2387671,-3.0087671,-1.728767,-1.3887671,-1.9187671,-1.8187671,-1.0287671,-1.0287671,-1.5587671,-1.3687671,-0.5587671,0.0012329102,-0.20876709,-0.18876709,0.03123291,1.4612329,2.881233,1.6712329,3.151233,7.231233,4.181233,3.711233,5.311233,5.281233,4.661233,4.041233,5.061233,3.5512328,3.5312328,3.5712328,3.981233,4.021233,5.1912327,5.281233,5.6112328,5.3612328,5.3812327,5.751233,6.021233,6.331233,5.641233,3.0112329,2.981233,2.921233,3.211233,3.721233
-3.9387672,-3.818767,-4.3287673,-4.528767,-7.468767,-7.048767,-6.718767,-6.968767,-6.988767,-7.3487673,-5.088767,-4.478767,-3.878767,-6.218767,-5.1187673,-3.628767,-2.6887672,-1.978767,-1.958767,-1.8787671,-1.6887671,-1.6287671,-2.378767,-1.6687671,-1.6287671,-0.5687671,-0.27876708,0.35123292,0.8812329,1.8512329,2.401233,0.86123294,1.5712329,2.5112329,5.621233,3.7912328,4.181233,3.9912329,5.201233,3.461233,3.201233,3.411233,4.051233,4.6312327,4.541233,4.601233,5.771233,5.9212327,6.291233,6.1312327,6.211233,6.201233,6.031233,6.1112328,5.371233,5.221233,5.1112328,3.081233,1.9712329,2.0412328
-3.9687672,-5.708767,-4.338767,-4.958767,-4.428767,-7.778767,-6.3487673,-6.8887672,-6.1187673,-7.3887672,-6.998767,-7.758767,-6.918767,-7.798767,-5.738767,-4.938767,-3.528767,-2.918767,-2.2587671,-2.028767,-2.2387671,-2.398767,-2.4387672,-1.9987671,-1.478767,-1.088767,-0.12876709,-0.07876709,0.80123293,1.0612329,0.7612329,1.2212329,-0.1687671,1.7212329,4.811233,2.921233,5.161233,5.101233,4.041233,3.5412328,4.741233,3.891233,3.881233,4.281233,4.891233,6.201233,6.391233,6.931233,7.1912327,7.071233,7.3612328,7.771233,7.331233,7.281233,7.581233,5.851233,3.7812328,3.951233,4.041233,3.3012328
-5.918767,-2.048767,-5.738767,-5.3087673,-5.908767,-8.058767,-8.198767,-8.218767,-6.838767,-6.0787673,-7.238767,-7.858767,-7.458767,-7.838767,-6.988767,-5.8687673,-4.488767,-3.378767,-2.9387672,-2.888767,-2.848767,-2.828767,-2.5087671,-2.348767,-2.058767,-1.9887671,-1.478767,-0.5987671,0.99123293,1.8612329,1.6112329,0.5212329,-0.01876709,0.2212329,6.711233,2.2412329,3.5712328,4.251233,3.7412329,5.251233,4.061233,4.821233,4.771233,5.011233,5.011233,5.531233,6.751233,7.061233,7.1512327,7.4212327,7.561233,7.761233,8.181232,7.751233,6.791233,7.101233,7.081233,5.741233,4.411233,2.5512328
-4.628767,-5.128767,-5.878767,-5.3487673,-6.3287673,-6.768767,-8.498767,-9.498767,-7.878767,-7.298767,-7.0587673,-7.8887672,-7.028767,-8.248767,-7.748767,-6.198767,-5.428767,-4.538767,-3.908767,-3.058767,-3.098767,-3.268767,-2.618767,-2.7087672,-2.878767,-2.4387672,-2.078767,-1.6887671,0.0012329102,2.331233,1.271233,-0.12876709,-1.1387671,0.4512329,4.321233,2.581233,2.8112328,3.391233,3.941233,2.621233,3.081233,3.691233,4.931233,5.8612328,5.6912327,5.491233,6.061233,6.621233,7.181233,7.251233,7.641233,8.101233,7.561233,7.9012327,7.9412327,7.501233,6.571233,5.6512327,4.821233,3.5412328
-5.898767,-4.8487673,-4.1187673,-4.088767,-6.958767,-7.908767,-7.6387672,-7.408767,-6.968767,-7.408767,-7.418767,-8.948767,-7.458767,-8.468767,-8.228767,-8.098767,-6.698767,-5.818767,-4.8087673,-2.848767,-3.868767,-3.618767,-3.088767,-3.268767,-1.848767,-2.838767,-1.6787671,-1.6687671,-1.3787671,1.8212329,0.03123291,1.0112329,-0.94876707,-0.6687671,3.0012329,2.831233,2.091233,2.691233,2.891233,2.091233,3.931233,3.0212328,3.921233,4.091233,4.661233,5.461233,6.351233,6.751233,6.781233,7.211233,7.581233,8.331233,8.701233,8.281233,7.711233,6.951233,5.771233,6.051233,4.521233,4.091233
-3.9887671,-4.778767,-7.6387672,-6.258767,-6.0987673,-5.658767,-6.6387672,-6.8687673,-7.738767,-6.938767,-7.278767,-7.648767,-7.688767,-8.998767,-8.518767,-8.218767,-7.988767,-6.838767,-6.428767,-3.358767,-4.968767,-4.068767,-3.4587672,-3.378767,-2.288767,-3.348767,-1.8987671,-0.09876709,-1.6387671,-0.4187671,0.6012329,0.6812329,-0.94876707,-0.50876707,1.9512329,2.611233,1.3712329,2.181233,2.601233,3.131233,3.2712328,3.7812328,3.331233,4.121233,4.9012327,5.371233,6.581233,6.971233,7.3612328,7.781233,8.531233,8.941233,8.821233,8.821233,8.771233,8.161233,7.661233,7.1512327,6.391233,3.8212328
-5.018767,-3.1887672,-3.388767,-5.708767,-6.378767,-5.448767,-6.318767,-6.6387672,-6.418767,-9.338767,-9.428767,-9.738767,-9.998767,-8.418767,-9.028767,-8.958767,-7.478767,-6.8887672,-5.6187673,-4.608767,-3.608767,-4.788767,-4.998767,-3.4687672,-3.5087671,-3.658767,-3.088767,-1.4487671,-0.6887671,-0.01876709,-0.23876709,-0.36876708,-1.2487671,-0.2887671,0.7912329,0.9112329,0.05123291,0.9312329,1.7512329,2.401233,2.901233,2.5512328,2.161233,3.5412328,4.491233,5.301233,6.011233,6.981233,7.501233,7.6912327,7.931233,8.281233,8.451233,8.211233,8.431232,7.391233,7.001233,7.4212327,7.281233,6.721233
-0.9087671,-2.868767,-3.838767,-4.658767,-5.958767,-10.698767,-10.128767,-8.728767,-8.168767,-7.898767,-8.478767,-9.968767,-10.568768,-10.588767,-10.728767,-7.748767,-7.5587673,-8.508767,-7.818767,-6.148767,-5.978767,-5.698767,-4.608767,-4.0787673,-3.9287672,-4.428767,-2.418767,-2.318767,-1.9887671,0.3712329,0.13123292,-1.0587671,-3.598767,-1.0387671,-3.1987672,-1.3287671,-0.9087671,-0.6587671,1.1212329,1.8712329,2.0012329,2.171233,2.3212328,3.171233,4.081233,4.6912327,5.521233,6.281233,6.681233,7.301233,8.031233,9.041233,9.761233,9.551233,8.741233,7.311233,5.961233,5.371233,6.981233,6.061233
1.3112329,-2.4887671,-7.968767,-6.088767,-3.378767,-7.068767,-6.588767,-9.468767,-9.038767,-9.028767,-9.228767,-10.128767,-10.598767,-10.818768,-11.338767,-10.438767,-6.168767,-8.868767,-6.678767,-4.608767,-6.648767,-5.8687673,-5.378767,-5.488767,-4.738767,-4.658767,-4.008767,-2.798767,-1.3087671,-0.7187671,0.7312329,-0.8487671,-2.4487672,-1.218767,-1.0687671,-3.158767,-1.6687671,-0.8987671,-0.18876709,0.86123294,0.9312329,0.9712329,1.6212329,2.5012329,3.5712328,4.3812327,5.121233,5.6912327,6.321233,6.991233,7.6712327,8.761233,9.471233,9.841233,8.691233,7.3812327,6.081233,5.711233,7.701233,6.331233
9.421233,4.8612328,7.871233,-5.218767,-3.528767,-4.818767,-7.228767,-8.708767,-9.408767,-9.998767,-10.148767,-10.168767,-10.398767,-10.738767,-10.978767,-11.798767,-8.6087675,-6.958767,-8.478767,-4.498767,-4.798767,-4.6387672,-4.818767,-4.818767,-5.318767,-5.5587673,-3.7487671,-2.378767,0.02123291,-1.108767,-1.1787671,-1.218767,-1.0687671,-5.5787673,-3.408767,-2.048767,-1.1587671,0.21123292,0.09123291,-0.1687671,0.10123291,0.55123293,1.3812329,2.211233,3.121233,3.7812328,4.261233,4.9412327,6.011233,7.071233,8.271233,9.271233,10.041233,9.421233,5.241233,6.1712327,6.121233,5.081233,7.091233,6.311233
5.411233,7.551233,7.231233,2.8012328,2.401233,4.751233,-8.328767,-8.148767,-8.468767,-10.088767,-9.988767,-10.178767,-10.338767,-10.698767,-10.878767,-11.188767,-10.708767,-5.938767,-8.798767,-8.048767,-5.278767,-5.528767,-5.248767,-4.508767,-4.978767,-3.858767,-3.648767,-1.6287671,0.03123291,-1.1887671,-0.7387671,-0.8587671,-4.468767,-4.568767,-3.4587672,-2.108767,-0.8187671,0.20123291,2.341233,2.0612328,0.3412329,-0.3787671,0.5112329,0.74123293,1.541233,2.7712328,3.381233,4.4012327,5.4212327,6.4212327,7.571233,9.011233,10.261233,9.591233,3.8012328,5.741233,4.571233,4.3812327,5.681233,6.181233
5.771233,3.581233,4.991233,5.971233,4.6912327,0.74123293,4.101233,-8.078767,-8.378767,-9.158767,-10.228767,-10.568768,-11.118767,-11.338767,-11.238767,-11.278767,-10.988767,-10.758767,-10.038767,-10.548767,-5.298767,-5.908767,-5.318767,-5.018767,-4.8487673,-4.318767,-3.658767,-2.2287672,-2.628767,-1.4887671,-2.2287672,-2.588767,-2.768767,-3.9587672,-3.7187672,-1.348767,0.02123291,0.9012329,2.091233,2.2512329,3.201233,1.6312329,0.32123291,0.23123291,1.6912329,2.391233,2.7512329,2.731233,3.851233,4.981233,6.3612328,8.031233,9.821233,10.051233,8.561233,2.2612329,2.941233,2.871233,4.091233,4.091233
5.451233,4.181233,3.0212328,2.0012329,1.6212329,2.411233,1.2112329,-1.2587671,0.5412329,-4.708767,-9.538767,-10.618767,-11.318768,-11.648767,-11.828767,-11.978767,-11.918767,-10.988767,-10.668767,-11.198767,-12.128767,-4.908767,-7.628767,-7.3487673,-6.238767,-9.168767,-2.268767,-1.958767,-3.608767,-2.9687672,-4.978767,-4.108767,-2.588767,-1.7687671,-2.408767,-2.9787672,-2.168767,0.5712329,2.131233,2.481233,2.3212328,2.631233,2.851233,2.351233,1.401233,1.2112329,1.4412329,1.9912329,2.5112329,3.841233,5.911233,7.541233,8.831233,9.871233,7.801233,1.771233,0.9412329,0.8912329,-0.4087671,6.451233
5.101233,1.5012329,2.7812328,0.6412329,0.3012329,0.1912329,-0.6287671,-0.06876709,-4.468767,-5.1187673,-1.5387671,-5.338767,-9.508767,-11.758767,-11.928767,-11.868767,-11.118767,-10.628767,-11.098767,-11.288767,-11.588767,-12.438767,-12.248767,-11.288767,-8.708767,-10.698767,-8.918767,-5.278767,-5.728767,-5.698767,-5.428767,-4.018767,-3.4987671,-3.368767,-2.9887671,-2.298767,-1.9487671,-0.2887671,0.86123294,1.9612329,1.3612329,2.0712328,3.131233,3.091233,3.2612329,3.151233,2.7412329,2.0112329,1.9212329,3.0412328,5.351233,7.101233,8.571233,8.921233,5.431233,-0.14876708,-0.69876707,1.2312329,3.591233,8.151233
