json/gfs_20240721_12.json
{"header": { "discipline":0, "disciplineName":"Meteorological products", "gribEdition":2, "gribLength":79836, "center":7, "centerName":"US National Weather Service - NCEP(WMC)", "subcenter":0, "refTime":"2024-07-21T12:00:00.000Z", "significanceOfRT":1, "significanceOfRTName":"Start of forecast", "productStatus":0, "productStatusName":"Operational products", "productType":1, "productTypeName":"Forecast products", "productDefinitionTemplate":0, "productDefinitionTemplateName":"Analysis/forecast at horizontal level/layer at a point in time", "parameterCategory":2, "parameterCategoryName":"Momentum", "parameterNumber":3, "parameterNumberName":"V-component_of_wind", "parameterUnit":"m.s-1", "genProcessType":2, "genProcessTypeName":"Forecast", "forecastTime":0, "surface1Type":103, "surface1TypeName":"Specified height level above ground", "surface1Value":10.0, "surface2Type":255, "surface2TypeName":"Missing", "surface2Value":0.0, "gridDefinitionTemplate":0, "gridDefinitionTemplateName":"Latitude_Longitude", "numberPoints":65160, "shape":6, "shapeName":"Earth spherical with radius of 6,371,229.0 m", "gridUnits":"degrees", "resolution":48, "winds":"true", "scanMode":0, "nx":360, "ny":181, "basicAngle":0, "lo1":0.0, "la1":90.0, "lo2":359.0, "la2":-90.0, "dx":1.0, "dy":1.0 }, "data":
[rows 27 to 53 of 181, columns 118 to 176 of 360]
1.5222962,2.3322961,1.8222961,2.182296,4.7022963,2.2622962,1.4422961,0.7222961,-0.33770385,-0.73770386,-1.2477039,-1.4077039,-1.5977038,1.8522961,2.3222961,2.2822962,1.9322962,1.9222962,1.4122962,-0.057703856,-0.19770385,-0.6477039,-1.1977038,-0.7177039,-1.4577038,-1.8777039,-0.92770386,-0.39770386,-0.47770387,-0.57770383,-0.79770386,-0.29770386,-0.50770384,-1.5877038,-3.147704,-3.1677039,-3.1777039,-0.06770386,1.3622961,2.4922962,1.1522962,1.1922961,0.6022961,0.93229616,1.2422961,1.1922961,0.88229614,0.69229615,1.1922961,0.23229614,0.51229614,-1.8677039,0.24229614,0.14229614,0.43229616,-0.31770384,-1.0777038,0.9722961,0.19229615
1.5722961,1.4922961,1.6822962,1.9922961,2.122296,1.4022962,1.5522962,0.76229614,-1.2377038,-0.92770386,-1.6577039,-1.2877039,2.102296,1.4722961,1.9322962,1.5022961,0.9722961,0.31229615,-0.43770385,0.29229614,0.48229614,0.16229615,-0.18770386,0.45229614,-1.6477039,0.16229615,0.29229614,0.48229614,0.8522961,0.052296143,0.7222961,0.88229614,0.88229614,-0.75770384,-0.42770386,-1.1377039,-0.97770387,2.4922962,2.0422962,0.41229615,-0.0077038575,0.88229614,1.3522961,0.99229616,-1.1077038,0.74229616,4.132296,-0.12770386,-1.3277038,2.442296,0.15229614,0.30229613,1.0522962,-1.0977038,0.35229614,0.74229616,-0.18770386,-1.3177038,-2.6977038
1.9422961,1.5322962,1.5022961,1.2322961,1.3222961,0.40229616,0.012296143,-0.7077038,-0.077703856,0.51229614,0.12229614,0.89229614,1.8622961,1.4122962,0.8522961,0.44229615,-0.20770386,-1.2377038,-0.46770385,-0.39770386,-1.2577039,0.22229615,0.06229614,0.24229614,-0.9077039,-0.72770387,0.40229616,0.41229615,0.77229613,1.2922962,1.5122962,1.5222962,0.16229615,1.4322962,1.0422962,2.862296,2.2922962,1.8122962,0.08229614,-0.14770386,0.20229614,2.0822961,0.56229615,-2.0177038,5.222296,1.9922961,-0.36770386,-0.42770386,-1.1377039,2.182296,0.87229615,1.9322962,0.6022961,1.7022961,-2.2977037,-6.687704,-6.227704,-4.157704,-2.4677038
1.1622962,1.2922962,1.3522961,0.9122961,0.82229614,0.61229616,0.62229615,0.26229614,-1.1177039,-1.2277038,-1.1977038,-0.97770387,0.62229615,0.67229617,0.56229615,-0.46770385,-0.36770386,0.23229614,0.49229613,0.86229616,0.35229614,-0.26770386,-0.19770385,-0.80770385,-0.087703854,-0.04770386,-0.50770384,-1.3077039,-0.37770385,0.15229614,0.9022961,-0.077703856,0.45229614,-0.17770386,-0.46770385,1.0522962,0.29229614,-0.68770385,1.4422961,3.152296,1.6922961,0.99229616,-0.51770383,1.0022961,-0.10770386,-0.37770385,-3.897704,-0.85770386,6.492296,6.472296,1.9222962,-0.43770385,-2.2477038,-6.2977037,-6.487704,-6.437704,-4.677704,-3.057704,-1.5577039
-0.06770386,0.032296143,0.22229615,0.5422962,-0.7077038,1.0822961,0.14229614,-0.61770386,0.42229614,-0.5277039,-0.13770385,0.92229617,1.0022961,-0.76770383,-0.12770386,-0.5977039,-0.5277039,0.19229615,0.25229615,-0.30770385,-0.80770385,-1.8377038,-1.4877038,-0.62770385,-4.017704,-3.4977038,0.19229615,0.7822961,0.21229614,-0.20770386,-0.62770385,0.012296143,-0.63770384,-4.3577037,-1.7677039,-1.1077038,0.92229617,1.4122962,2.142296,1.3222961,-0.09770386,-2.1677039,-1.6177039,0.14229614,0.08229614,2.0722961,2.642296,5.552296,3.9922962,2.0022962,-0.88770384,-4.997704,-5.807704,-5.987704,-5.407704,-4.467704,-3.7677038,-2.887704,-1.9577038
-1.4277039,0.04229614,-0.61770386,2.9922962,1.6422962,0.56229615,-0.37770385,-0.27770385,-0.51770383,-0.9077039,-2.397704,-2.077704,-3.2277038,0.36229613,-0.8377039,-0.13770385,-0.45770386,-0.72770387,-0.48770386,-1.6877038,-1.7977039,-2.1977038,-2.1577039,-8.877704,-2.817704,2.172296,3.4722962,3.642296,2.7422962,1.4922961,1.8122962,1.0522962,0.34229615,-0.0077038575,-0.39770386,-0.66770387,-0.63770384,-1.1277039,-1.8777039,-2.387704,-1.6377039,-1.7577039,-0.40770385,0.07229614,-1.7277038,2.402296,2.4922962,1.5622962,-2.327704,-3.7677038,-4.437704,-4.847704,-4.757704,-5.307704,-4.997704,-4.1277037,-3.567704,-2.2377038,-1.3677039
-0.14770386,-0.22770385,0.68229616,0.22229615,0.7122961,-0.47770387,-0.61770386,-1.6477039,-2.067704,-2.327704,-3.7477038,-2.367704,-2.2877038,-0.85770386,-1.0477039,-0.32770386,-0.75770384,-1.1377039,-1.2277038,-1.7377038,0.36229613,-4.287704,-9.937704,-5.267704,1.5522962,3.4522963,3.942296,3.0322962,2.192296,1.2122961,1.6222961,2.432296,1.9922961,0.5422962,-0.16770385,0.20229614,-0.63770384,-2.327704,-3.7477038,-1.7377038,-0.74770385,-0.85770386,-0.18770386,-1.0877038,2.192296,1.9622961,1.6922961,-1.4577038,-4.477704,-5.187704,-5.687704,-5.807704,-5.037704,-5.0477037,-5.027704,-4.637704,-3.867704,-2.387704,-1.2777039
1.4022962,2.8322961,1.2522961,-0.077703856,-0.76770383,-0.79770386,-2.1977038,-2.607704,-0.28770387,-1.7177038,-1.6177039,-1.7277038,-1.9077039,-1.9577038,-1.9077039,-1.0477039,-1.8877039,-1.6477039,-1.1177039,0.74229616,-7.3577037,-7.557704,-6.367704,-3.4077039,2.2222962,3.0122962,2.7922962,2.932296,2.862296,2.652296,2.922296,3.352296,3.152296,2.412296,2.402296,1.8522961,1.3022962,-0.92770386,-1.7177038,-0.76770383,0.8422961,0.08229614,-0.36770386,0.7922962,0.94229615,-0.27770385,0.98229617,-2.7677038,-5.1277037,-5.807704,-5.997704,-4.957704,-4.387704,-4.717704,-4.997704,-4.447704,-4.367704,-4.6477036,-3.2977037
1.8022962,0.88229614,0.87229615,-0.38770387,-0.19770385,-1.0677038,-1.4177039,-0.7777039,-1.5677038,-1.9377038,-2.2877038,-1.6177039,-1.1777039,-1.9077039,-1.7577039,0.17229614,0.45229614,0.80229616,-4.037704,-2.9077039,-2.837704,-4.977704,-4.7977037,-2.4477038,1.2622962,2.632296,2.7422962,2.392296,2.102296,2.0322962,2.102296,3.372296,3.912296,3.402296,3.622296,2.922296,2.412296,1.4122962,-1.2577039,0.61229616,-0.15770386,0.23229614,1.8922962,0.26229614,-1.0877038,4.1422963,0.39229614,-3.0477037,-5.017704,-5.477704,-5.467704,-4.827704,-4.497704,-4.8977036,-5.0677037,-5.327704,-5.937704,-5.447704,-3.7877038
0.22229615,0.13229614,-1.2777039,-1.6777039,-2.1677039,-0.18770386,-1.6577039,-1.6377039,-2.057704,-2.097704,-1.3077039,-2.5177038,-0.04770386,-1.6177039,0.69229615,-2.067704,-1.1977038,0.77229613,-2.097704,-3.307704,-3.6977038,-2.4377038,-1.1677039,-4.6277037,-1.2977039,2.2622962,3.622296,2.392296,1.4522961,2.122296,2.852296,2.9822962,3.8022962,4.7022963,4.8522964,4.792296,4.9522963,4.6622963,2.192296,-0.20770386,2.5322962,0.7822961,0.24229614,2.5122962,2.362296,1.8322961,-0.6477039,-3.4477038,-4.6277037,-4.747704,-5.477704,-5.027704,-4.5877037,-4.7977037,-5.3177037,-5.6077037,-6.057704,-4.997704,-3.5077038
0.30229613,-0.94770384,-1.8477038,-0.76770383,-0.80770385,-1.5577039,-0.66770387,-0.44770387,-2.347704,-1.8477038,-2.0177038,-1.3077039,-2.647704,-1.5877038,-3.147704,-2.1877038,-0.54770386,-0.55770385,-2.7877038,-1.4477038,-2.567704,-1.3077039,-2.7877038,-0.5977039,-2.6677039,2.372296,2.2022963,2.0822961,1.1322961,1.6422962,2.382296,2.7422962,3.9522963,4.172296,4.732296,5.8322964,6.312296,5.712296,3.5522962,0.7922962,-0.25770387,0.73229617,1.9022962,2.9622962,3.0622962,1.8122962,-0.82770383,-3.2477038,-4.097704,-3.637704,-4.8577037,-5.057704,-5.097704,-5.0477037,-5.5477037,-2.9677038,-4.677704,-4.1277037,-3.877704
-0.7777039,-0.75770384,-1.3277038,-0.25770387,-0.33770385,-1.1677039,-1.4577038,-0.67770386,-1.6177039,-2.4877038,-2.807704,-2.9577038,-1.4477038,0.50229615,0.06229614,1.1022961,1.1322961,-0.45770386,-3.387704,-2.377704,-2.9877038,-2.1677039,0.08229614,-0.92770386,1.7822962,0.69229615,1.3622961,0.9022961,1.9022962,2.5322962,2.602296,3.432296,4.522296,4.572296,4.802296,5.6422963,7.062296,7.3322964,6.482296,0.64229614,0.98229617,4.6622963,3.172296,0.64229614,1.9422961,1.7922962,-0.117703855,-2.4877038,-3.7377038,-3.567704,-4.327704,-4.467704,-4.3577037,-4.477704,-4.677704,-4.457704,-2.337704,-4.057704,-2.857704
1.6122961,-0.69770384,-1.3077039,-1.2177038,-0.5377039,-0.46770385,-0.74770385,-1.8577038,-3.0077038,-1.1777039,-2.057704,-2.377704,-0.49770385,-0.54770386,-1.5377039,0.42229614,-0.26770386,-0.74770385,-2.327704,-1.3877039,0.31229615,0.51229614,0.37229615,3.8122962,2.152296,0.34229615,-2.377704,-0.04770386,2.3022962,3.7722962,4.512296,5.062296,4.4122963,5.1022964,5.1222963,5.492296,6.8322964,6.4122963,-2.6577039,2.2122962,5.4322963,4.552296,3.0222962,1.8422961,0.56229615,-0.29770386,-0.38770387,-0.74770385,-2.5077038,-3.4677038,-3.557704,-3.7077038,-4.0477037,-4.207704,-4.007704,-3.0377038,-2.2977037,-1.8277038,-0.73770386
-0.037703857,-1.0777038,-1.0977038,-1.6277039,-0.81770384,-1.0377039,-1.1177039,-1.4477038,-1.6677039,-1.4877038,-2.9377038,-2.1777039,-1.5177039,-0.87770385,-0.35770386,0.22229615,-0.24770385,-1.9277039,0.11229614,2.2822962,0.88229614,-0.9077039,0.62229615,9.682296,5.0822964,0.88229614,-0.7077038,3.912296,5.3922963,4.522296,6.1022964,6.522296,7.1222963,6.502296,5.322296,5.362296,6.3722963,2.7522962,4.362296,6.672296,5.6822963,4.4122963,3.0922961,1.9822961,1.2322961,0.032296143,-1.3077039,-2.4077039,-1.8177038,-1.8377038,-2.9977038,-2.7777038,-2.9677038,-2.857704,-2.847704,-1.8277038,-1.0677038,-0.34770384,0.8422961
-0.97770387,-2.4177039,-1.5577039,-1.0577039,-0.79770386,0.43229616,0.0022961425,-1.9277039,-2.1677039,-1.6777039,-0.55770385,-0.49770385,0.18229614,-0.9077039,-1.1077038,0.16229615,1.3222961,1.6122961,2.382296,0.86229616,0.23229614,-0.20770386,1.3022962,6.542296,1.8122962,2.3122962,4.442296,3.132296,3.102296,2.4522963,5.072296,6.562296,6.792296,6.022296,5.3722963,5.512296,6.8722963,6.492296,7.232296,6.312296,5.3722963,4.3722963,3.5622962,2.2422962,1.4122962,-0.16770385,-0.51770383,-1.4777038,-2.107704,-1.6677039,-1.1177039,-2.0477037,-2.4577038,-1.2677039,-1.0177039,-0.48770386,-0.22770385,0.51229614,1.1022961
-1.6477039,-2.057704,-1.5177039,-1.5377039,0.83229613,1.2622962,-2.2477038,-3.807704,-2.9777038,-2.6677039,-1.4277039,-1.1977038,-0.80770385,-1.2977039,0.23229614,1.3822961,2.932296,0.87229615,1.5922961,0.9122961,0.48229614,-0.18770386,3.672296,5.1222963,1.1522962,3.0222962,1.3422961,0.9022961,-0.5277039,2.692296,4.212296,6.012296,5.822296,5.402296,5.022296,5.512296,6.442296,6.842296,6.6422963,6.3722963,4.842296,4.442296,3.2422962,2.142296,1.5222962,0.26229614,-1.2477039,-0.99770385,-1.7277038,-1.1877038,-1.1177039,-1.7677039,-2.0277038,0.102296144,0.7922962,0.75229615,0.95229614,1.5622962,2.2522962
-1.1177039,-1.3477038,1.9622961,2.7222962,2.922296,2.0122962,-1.6477039,-1.0877038,2.5422962,0.45229614,0.50229615,0.7822961,-1.5277039,0.102296144,-0.38770387,1.8922962,1.4822961,0.74229616,0.76229614,-0.50770384,-1.0077039,1.6122961,2.182296,4.982296,2.102296,2.672296,4.722296,-2.597704,-2.377704,2.2822962,2.7722962,4.052296,4.482296,4.362296,4.902296,5.8322964,6.992296,7.1422963,6.522296,5.8722963,5.132296,4.132296,2.7922962,1.5322962,1.3222961,0.87229615,0.04229614,-0.32770386,-0.42770386,-0.7777039,-1.5477039,-1.0777038,-1.1177039,-1.9377038,-0.75770384,0.20229614,-0.15770386,0.88229614,1.4322962
0.56229615,0.80229616,1.0022961,1.6922961,1.3822961,0.35229614,0.22229615,1.2822962,-0.117703855,0.21229614,-0.48770386,0.89229614,1.0722961,-0.6477039,1.1022961,2.2022963,1.1122961,0.5322961,0.42229614,-0.18770386,-0.9077039,2.8022962,7.3922963,7.192296,1.9122962,5.712296,4.752296,4.022296,4.112296,3.3422961,1.8522961,4.552296,1.6022961,4.6822963,4.9522963,6.1222963,7.212296,6.3722963,5.632296,4.992296,4.052296,3.5322962,3.3122962,3.692296,2.672296,1.1322961,0.06229614,-0.36770386,0.24229614,0.092296146,-0.5877039,-0.76770383,-0.9577038,-1.3177038,-1.1477039,-0.7177039,0.30229613,1.6722962,2.142296
-0.60770386,0.58229613,0.052296143,-0.8977039,3.192296,1.9122962,-0.75770384,-0.56770384,1.6622962,1.4322962,0.67229617,0.20229614,0.42229614,0.9722961,-0.63770384,-0.67770386,0.052296143,0.13229614,-0.12770386,-3.357704,2.9822962,6.222296,8.552296,7.052296,1.6922961,4.262296,1.1322961,4.732296,6.8922963,3.852296,1.2722962,3.372296,4.062296,4.672296,5.1022964,6.042296,5.8722963,5.322296,5.112296,4.792296,4.732296,4.222296,3.172296,2.922296,2.912296,3.382296,2.3222961,2.0622962,0.18229614,-0.077703856,-0.24770385,-0.37770385,-0.43770385,-0.7877039,-0.35770386,-0.24770385,0.102296144,0.50229615,0.93229616
-1.6777039,-1.0677038,-1.3477038,-2.1577039,-3.817704,-4.467704,3.7022963,3.422296,2.932296,2.122296,-1.4277039,1.8322961,-0.35770386,0.07229614,2.632296,1.0522962,1.1622962,0.38229614,-2.317704,-0.46770385,9.192296,11.102296,13.662296,8.482296,2.7922962,2.5822961,1.8722961,2.7922962,2.5222962,4.022296,3.7722962,4.522296,5.1022964,5.6022964,5.292296,4.842296,4.4522963,4.632296,4.1222963,4.282296,3.5622962,2.8022962,3.132296,2.192296,2.8022962,2.432296,2.882296,1.8622961,0.86229616,0.022296142,-0.27770385,-0.98770386,-0.7177039,-0.98770386,-1.0777038,-1.0577039,0.052296143,0.88229614,1.2422961
10.172297,3.7822962,2.2322962,3.652296,7.302296,6.542296,5.5822964,4.232296,1.5422962,1.6122961,0.80229616,-0.7177039,-0.82770383,0.12229614,1.7422961,0.08229614,-0.9077039,-1.7677039,2.7722962,6.4322963,9.802296,11.432296,6.862296,3.632296,3.5722961,-0.29770386,0.74229616,0.98229617,4.062296,5.112296,5.342296,5.9122963,5.282296,4.802296,4.462296,3.7622962,3.632296,3.5122962,2.9822962,2.5622962,2.402296,1.5322962,1.7222961,2.112296,2.422296,2.5522962,1.1522962,1.6222961,1.4322962,1.8422961,0.42229614,-1.4177039,-0.60770386,-0.38770387,0.17229614,0.6622961,0.94229615,1.0622962,1.2122961
-3.807704,-1.4877038,2.9822962,3.392296,4.322296,6.502296,2.432296,2.362296,2.3222961,2.192296,1.7122961,2.382296,-0.75770384,4.6022964,2.0022962,0.56229615,-0.49770385,3.392296,5.902296,7.812296,9.502296,10.402296,7.992296,4.342296,4.222296,0.17229614,5.862296,5.8522964,4.8522964,5.302296,5.732296,6.312296,5.572296,4.8922963,3.5922961,3.5122962,2.612296,2.392296,2.0522962,1.0422962,0.7122961,1.9122962,1.7722962,2.182296,1.5922961,0.12229614,-0.8477039,0.58229613,-1.0377039,0.5422962,-0.0077038575,-0.99770385,0.95229614,0.11229614,-0.39770386,-0.85770386,-1.3877039,-1.0377039,-0.80770385
2.922296,2.412296,2.362296,4.8522964,4.772296,2.8022962,2.0622962,0.77229613,0.9722961,2.192296,0.34229615,-1.7077038,5.842296,6.262296,1.2422961,-0.66770387,1.5422962,5.052296,6.4522963,8.702296,8.982296,10.272296,9.552296,2.7322962,6.752296,6.5822964,5.6422963,4.6822963,3.892296,2.652296,3.5822961,5.512296,4.672296,4.672296,4.6022964,3.652296,2.922296,1.6922961,0.88229614,0.25229615,0.98229617,1.0322962,1.5922961,1.5922961,2.0322962,2.122296,1.6022961,-0.8977039,-1.7277038,-2.607704,-1.3677039,1.0222962,0.57229614,-0.62770385,-0.9577038,0.43229616,0.24229614,0.11229614,0.26229614
4.1622963,2.7522962,2.7622962,7.4522963,5.3322964,0.86229616,2.5622962,0.86229616,0.18229614,-0.94770384,0.29229614,3.4522963,4.212296,3.692296,2.7122962,2.0922961,2.642296,5.172296,6.8522964,8.382297,7.572296,8.312296,6.042296,2.4622962,1.8622961,7.862296,5.592296,3.9722962,0.51229614,0.38229614,2.922296,3.7022963,3.932296,3.5322962,2.642296,1.9822961,2.152296,0.06229614,-0.29770386,-0.9077039,-1.4977039,-0.49770385,1.2422961,1.7122961,1.3622961,0.73229617,0.17229614,0.25229615,0.48229614,0.19229615,-0.46770385,-1.4177039,-1.3577038,-2.7977037,-3.1677039,-2.887704,-0.68770385,0.39229614,0.82229614
4.312296,5.6022964,6.692296,5.232296,3.8022962,7.472296,7.402296,4.262296,1.4522961,2.602296,3.7022963,1.9022962,5.712296,5.3322964,5.042296,4.0822964,5.032296,7.8322964,7.742296,6.362296,7.7022963,6.062296,0.49229613,0.93229616,5.902296,5.652296,4.3722963,1.0822961,-2.1977038,-2.2677038,2.682296,2.7922962,3.112296,3.362296,2.5522962,2.182296,0.7922962,0.64229614,0.16229615,-1.0877038,-0.81770384,0.36229613,1.8022962,3.392296,2.9822962,3.662296,3.5022962,0.7222961,1.5222962,2.182296,1.9122962,-0.09770386,1.3922962,2.5822961,3.672296,4.8722963,4.732296,4.462296,3.602296
5.032296,5.8722963,3.622296,6.6222963,6.9522963,6.382296,5.252296,3.2622962,1.2422961,1.4522961,2.2722962,1.8622961,3.872296,4.6422963,4.972296,5.522296,5.192296,5.6622963,5.4122963,5.152296,2.9922962,4.512296,0.82229614,1.9422961,5.262296,4.092296,2.7922962,-1.7177038,-3.367704,-2.877704,0.52229613,2.8022962,2.372296,1.7322961,1.1322961,1.0522962,1.1022961,1.7522961,1.0422962,1.5822961,2.112296,0.6022961,2.0922961,5.7022963,4.192296,4.232296,4.062296,3.922296,4.312296,3.5122962,2.7022963,2.8422961,2.442296,2.9622962,4.052296,4.402296,4.5822964,5.1422963,3.9922962
3.372296,4.982296,3.382296,1.9822961,4.1622963,5.9522963,6.2022963,6.092296,5.752296,1.6022961,0.42229614,0.56229615,6.5822964,7.532296,7.112296,5.812296,5.152296,4.282296,4.382296,1.5322962,2.7622962,0.9022961,0.82229614,3.882296,4.112296,3.2422962,-0.50770384,-2.0177038,-2.107704,-1.4077039,-0.93770385,0.15229614,2.422296,1.6422962,0.86229616,0.62229615,1.6022961,1.9222962,2.5722961,3.0322962,3.2222962,3.192296,3.5022962,3.9722962,4.612296,4.772296,4.782296,4.6022964,4.6422963,3.432296,3.5322962,3.0822961,2.882296,2.8222961,5.6622963,6.112296,5.822296,4.802296,4.252296
