json/gfs_20240719_12.json
{"header": { "discipline":0, "disciplineName":"Meteorological products", "gribEdition":2, "gribLength":79870, "center":7, "centerName":"US National Weather Service - NCEP(WMC)", "subcenter":0, "refTime":"2024-07-19T12:00:00.000Z", "significanceOfRT":1, "significanceOfRTName":"Start of forecast", "productStatus":0, "productStatusName":"Operational products", "productType":1, "productTypeName":"Forecast products", "productDefinitionTemplate":0, "productDefinitionTemplateName":"Analysis/forecast at horizontal level/layer at a point in time", "parameterCategory":2, "parameterCategoryName":"Momentum", "parameterNumber":2, "parameterNumberName":"U-component_of_wind", "parameterUnit":"m.s-1", "genProcessType":2, "genProcessTypeName":"Forecast", "forecastTime":0, "surface1Type":103, "surface1TypeName":"Specified height level above ground", "surface1Value":10.0, "surface2Type":255, "surface2TypeName":"Missing", "surface2Value":0.0, "gridDefinitionTemplate":0, "gridDefinitionTemplateName":"Latitude_Longitude", "numberPoints":65160, "shape":6, "shapeName":"Earth spherical with radius of 6,371,229.0 m", "gridUnits":"degrees", "resolution":48, "winds":"true", "scanMode":0, "nx":360, "ny":181, "basicAngle":0, "lo1":0.0, "la1":90.0, "lo2":359.0, "la2":-90.0, "dx":1.0, "dy":1.0 }, "data":
[rows 0 to 25 of 181, columns 177 to 235 of 360]
-7.31114,-7.3011403,-7.29114,-7.27114,-7.2611403,-7.2411404,-7.22114,-7.19114,-7.17114,-7.14114,-7.1111403,-7.08114,-7.04114,-7.0111403,-6.97114,-6.93114,-6.89114,-6.8411403,-6.8011403,-6.75114,-6.70114,-6.64114,-6.5911403,-6.5311403,-6.47114,-6.41114,-6.35114,-6.29114,-6.22114,-6.15114,-6.08114,-6.0111403,-5.93114,-5.8611403,-5.7811403,-5.70114,-5.62114,-5.54114,-5.45114,-5.37114,-5.2811403,-5.19114,-5.10114,-5.0111403,-4.91114,-4.8211403,-4.72114,-4.62114,-4.52114,-4.42114,-4.3211403,-4.21114,-4.1111403,-4.00114,-3.8911402,-3.78114,-3.6711402,-3.56114,-3.4511402
-7.19114,-7.19114,-7.20114,-7.20114,-7.19114,-7.18114,-7.16114,-7.13114,-7.1111403,-7.08114,-7.0511403,-7.02114,-6.9911404,-6.95114,-6.91114,-6.87114,-6.83114,-6.7811403,-6.7411404,-6.68114,-6.63114,-6.56114,-6.50114,-6.44114,-6.37114,-6.31114,-6.2411404,-6.18114,-6.10114,-6.0311403,-5.97114,-5.89114,-5.8211403,-5.75114,-5.68114,-5.60114,-5.5311403,-5.45114,-5.3611403,-5.27114,-5.18114,-5.08114,-4.98114,-4.88114,-4.7811403,-4.68114,-4.58114,-4.47114,-4.3611403,-4.2611403,-4.14114,-4.0311403,-3.9111402,-3.80114,-3.6811402,-3.57114,-3.4511402,-3.34114,-3.2211401
-6.0911403,-6.06114,-6.04114,-6.02114,-5.9911404,-5.97114,-5.94114,-5.90114,-5.87114,-5.8411403,-5.79114,-5.7411404,-5.68114,-5.62114,-5.56114,-5.4911404,-5.42114,-5.3611403,-5.2811403,-5.19114,-5.1111403,-5.0311403,-4.95114,-4.87114,-4.8011403,-4.72114,-4.64114,-4.5711403,-4.48114,-4.39114,-4.3011403,-4.20114,-4.1111403,-4.0311403,-3.9411402,-3.85114,-3.76114,-3.6611402,-3.58114,-3.4811401,-3.3911402,-3.30114,-3.2011402,-3.09114,-2.9911401,-2.8911402,-2.80114,-2.7011402,-2.6111403,-2.52114,-2.4211402,-2.33114,-2.2411401,-2.1611402,-2.06114,-1.9811401,-1.9011401,-1.8111402,-1.7211401
-4.2611403,-4.19114,-4.10114,-4.02114,-3.9211402,-3.84114,-3.75114,-3.6811402,-3.6111403,-3.55114,-3.4811401,-3.3911402,-3.31114,-3.1911402,-3.07114,-2.9411402,-2.81114,-2.6911402,-2.6211402,-2.56114,-2.52114,-2.52114,-2.54114,-2.55114,-2.52114,-2.4811401,-2.4311402,-2.3711402,-2.30114,-2.2311401,-2.1811402,-2.1411402,-2.07114,-2.02114,-2.05114,-2.07114,-2.04114,-2.02114,-2.00114,-1.9711401,-1.9411402,-1.9111401,-1.8811401,-1.8511401,-1.8011402,-1.7311401,-1.6711402,-1.5911402,-1.4911401,-1.4011401,-1.3111402,-1.2211401,-1.1511401,-1.0611402,-0.96114016,-0.86114013,-0.7611401,-0.66114014,-0.5711401
-3.8711402,-3.77114,-3.6811402,-3.59114,-3.4711401,-3.35114,-3.2211401,-3.1111403,-3.00114,-2.8911402,-2.76114,-2.6511402,-2.58114,-2.53114,-2.50114,-2.4711401,-2.4511402,-2.4111402,-2.3611403,-2.28114,-2.1511402,-1.9911401,-1.8211402,-1.6511401,-1.4911401,-1.3811401,-1.3211402,-1.3011402,-1.2811401,-1.2711401,-1.2211401,-1.1211401,-0.97114015,-0.79114014,-0.61114013,-0.43114012,-0.37114012,-0.38114014,-0.45114014,-0.60114014,-0.6911401,-0.73114014,-0.78114015,-0.8011401,-0.8111401,-0.8011401,-0.77114016,-0.73114014,-0.6811401,-0.6211401,-0.5511401,-0.49114013,-0.45114014,-0.41114014,-0.38114014,-0.36114013,-0.33114013,-0.29114014,-0.25114015
-2.9111402,-2.8611403,-2.80114,-2.7311401,-2.6711402,-2.6111403,-2.56114,-2.51114,-2.4611402,-2.4111402,-2.35114,-2.27114,-2.1511402,-2.01114,-1.9011401,-1.7911401,-1.6711402,-1.5411401,-1.4111401,-1.3311402,-1.2711401,-1.2511401,-1.1811402,-1.0311401,-0.8111401,-0.5711401,-0.31114015,-0.021140136,0.24885987,0.29885986,0.15885986,-0.08114014,-0.25114015,-0.24114014,-0.041140135,0.10885987,0.118859865,-0.091140136,-0.33114013,-0.5011401,-0.6211401,-0.70114017,-0.7511401,-0.7411401,-0.6911401,-0.60114014,-0.5511401,-0.5111401,-0.52114016,-0.53114015,-0.54114014,-0.5111401,-0.42114013,-0.32114014,-0.18114014,-0.051140137,0.06885986,0.16885987,0.23885986
-0.90114015,-0.86114013,-0.84114015,-0.8011401,-0.77114016,-0.8211401,-0.9411401,-1.0211401,-1.0711402,-1.1311401,-1.2011402,-1.2011402,-1.1911402,-1.1611401,-1.1411401,-1.1111401,-1.0511402,-0.95114017,-0.8111401,-0.6911401,-0.5511401,-0.43114012,-0.41114014,-0.46114013,-0.32114014,0.038859863,0.44885987,0.76885986,0.95885986,0.9888599,0.89885986,0.77885985,0.7388599,0.77885985,0.95885986,1.2688599,1.5588598,1.5788598,1.4188598,1.2588599,1.1888598,1.1088599,1.0288599,0.9888599,0.9888599,1.0188599,0.9888599,0.84885985,0.6788599,0.51885986,0.41885987,0.36885986,0.28885987,0.17885986,0.078859866,0.038859863,0.10885987,0.22885986,0.39885986
-0.5011401,-0.42114013,-0.34114015,-0.29114014,-0.31114015,-0.41114014,-0.45114014,-0.42114013,-0.35114014,-0.32114014,-0.33114013,-0.32114014,-0.27114013,-0.22114013,-0.25114015,-0.34114015,-0.40114012,-0.35114014,-0.22114013,-0.051140137,0.028859863,0.0088598635,-0.031140137,-0.051140137,-0.041140135,0.018859863,0.17885986,0.63885987,1.4788599,2.0388598,1.5888599,1.0288599,1.0788598,1.2488599,1.3188598,1.4988599,1.7588599,1.8788599,1.9588599,2.16886,2.45886,2.8388598,2.71886,2.48886,2.2588599,2.0588598,1.7988598,1.5288599,1.2688599,0.95885986,0.65885985,0.33885986,0.23885986,0.35885987,0.5688599,0.70885986,0.7388599,0.6788599,0.54885983
0.7388599,0.64885986,0.47885987,0.39885986,0.42885986,0.43885985,0.41885987,0.44885987,0.47885987,0.45885986,0.44885987,0.44885987,0.36885986,0.42885986,0.60885984,0.60885984,0.5588599,0.6888599,0.7488599,0.66885984,0.71885985,0.7388599,0.57885987,0.31885988,0.16885987,0.10885987,0.28885987,0.64885986,0.6988599,0.54885983,0.65885985,0.82885987,0.89885986,0.96885985,1.0388598,1.1488599,1.3388599,1.7388599,1.9888599,2.0488598,1.9388598,1.8888599,1.8088598,1.5188599,1.0988599,0.7488599,0.66885984,0.72885984,0.71885985,0.70885986,0.7588599,0.82885987,0.89885986,0.9288599,0.95885986,1.0588598,1.1988598,1.2888598,1.1988598
0.5588599,0.31885988,0.09885986,-0.011140137,0.048859864,-0.12114014,-0.33114013,-0.27114013,-0.15114014,-0.29114014,-0.34114015,-0.091140136,0.118859865,0.23885986,0.41885987,0.58885986,0.5688599,0.34885988,0.20885986,0.16885987,0.14885986,-0.08114014,-0.29114014,-0.07114014,0.18885987,0.14885986,0.08885986,0.18885987,0.32885987,0.41885987,0.48885986,0.6788599,1.1588598,1.5388598,1.5488598,1.2088599,0.95885986,0.83885986,0.59885985,0.45885986,0.39885986,0.33885986,0.23885986,0.19885987,0.19885987,0.39885986,0.7488599,0.8088599,0.63885987,0.54885983,0.6188599,0.7588599,0.85885984,0.88885987,0.84885985,0.6788599,0.47885987,0.45885986,0.49885985
1.8088598,2.23886,2.65886,2.19886,1.4988599,0.95885986,0.6788599,0.72885984,0.10885987,-0.67114013,-0.40114012,0.24885987,0.31885988,0.078859866,-0.25114015,-0.60114014,-0.77114016,-0.91114014,-1.1211401,-1.0211401,-0.7411401,-0.47114015,-0.23114014,-0.091140136,0.028859863,0.19885987,0.31885988,0.32885987,0.40885985,0.23885986,0.15885986,0.20885986,0.118859865,-0.07114014,-0.101140134,-0.07114014,-0.19114013,-0.16114014,-0.041140135,0.08885986,0.18885987,0.29885986,0.35885987,0.34885988,0.42885986,0.5588599,0.65885985,0.6888599,0.63885987,0.64885986,0.76885986,0.66885984,0.40885985,0.038859863,-0.33114013,-0.52114016,-0.36114013,-0.021140136,0.32885987
0.48885986,1.0188599,1.3488599,1.3788599,1.2388599,1.2988598,0.8188599,-0.16114014,0.20885986,0.28885987,-0.15114014,-0.6911401,-1.2011402,-1.6611401,-1.7911401,-1.7011402,-1.7311401,-1.7211401,-1.6811402,-1.6511401,-1.7611401,-1.8711401,-2.07114,-2.2211401,-2.07114,-1.8411402,-1.4711401,-1.1111401,-1.0611402,-1.2011402,-0.97114015,-0.48114014,-0.44114015,-0.45114014,-0.37114012,-0.23114014,-0.14114013,-0.101140134,0.12885986,0.6288599,0.7388599,0.66885984,1.0688598,1.2288599,1.1188599,1.0988599,1.2288599,1.4388598,1.5488598,1.4388598,1.1888598,0.9488599,0.6888599,0.46885985,0.41885987,0.20885986,-0.051140137,0.09885986,0.59885985
2.0888598,2.23886,2.3888597,2.5188599,2.1388597,0.6988599,0.44885987,0.40885985,0.40885985,-0.0011401367,-0.49114013,-0.91114014,-1.3911401,-1.9711401,-2.50114,-3.2411401,-3.9311402,-4.5111403,-4.23114,-4.3611403,-4.42114,-4.27114,-4.08114,-4.2811403,-4.15114,-3.6711402,-3.2011402,-2.6911402,-2.3611403,-1.9511402,-1.6811402,-1.4411402,-1.1411401,-0.86114013,-0.59114015,-0.38114014,-0.16114014,0.0088598635,0.30885985,0.8188599,1.1888598,1.3588599,1.4188598,1.2488599,1.0788598,1.0888599,1.1388599,1.0688598,1.1188599,1.1188599,0.83885986,0.7488599,1.0488598,0.78885984,0.058859862,0.028859863,0.5088599,0.59885985,0.89885986
3.5088599,3.2788599,3.5288599,2.6188598,1.7088599,1.5688598,1.5588598,1.3588599,0.84885985,0.6288599,0.24885987,-0.041140135,-0.5011401,-0.27114013,-0.70114017,-1.5211401,-1.5811402,-1.8611401,-2.3811402,-2.3711402,-3.05114,-4.20114,-3.75114,-3.4211402,-3.34114,-2.9911401,-2.9111402,-2.78114,-2.4611402,-2.05114,-1.7911401,-1.7711401,-1.3811401,-1.2411401,-1.3311402,-1.3311402,-1.0411401,-0.6911401,-0.59114015,-0.47114015,-0.07114014,0.06885986,-0.16114014,-0.0011401367,0.5088599,0.9488599,0.97885984,0.47885987,0.14885986,0.28885987,0.7388599,1.1488599,1.0488598,0.54885983,0.9488599,1.5688598,1.7588599,1.5688598,1.2888598
4.01886,3.6288598,3.20886,2.92886,2.8888597,2.96886,2.89886,2.47886,2.0388598,1.4488598,1.1388599,1.0888599,0.90885985,0.29885986,-0.36114013,-0.6311401,-1.4211402,-1.3811401,-1.6611401,-2.1211402,-2.1711402,-2.04114,-1.8711401,-1.7811401,-1.9011401,-2.06114,-2.1311402,-2.1611402,-2.08114,-1.7711401,-1.5011401,-1.2611401,-1.3811401,-1.3511401,-1.2911401,-1.0611402,-0.9411401,-0.8111401,-0.78114015,-0.65114015,-0.67114013,-0.71114016,-0.35114014,-0.041140135,0.24885987,0.25885987,-0.101140134,-0.22114013,0.078859866,0.33885986,0.89885986,1.2488599,0.97885984,1.4188598,1.7288599,2.14886,1.8288598,2.1188598,2.5188599
5.83886,4.9888597,4.84886,4.84886,4.84886,4.9488597,4.26886,3.5088599,2.94886,2.64886,2.2988598,2.8888597,2.5788598,1.5088599,0.51885986,0.17885986,-0.30114013,-0.6811401,-0.72114015,-0.6811401,-1.3111402,-1.9611402,-2.54114,-2.75114,-2.09114,-1.5411401,-1.5911402,-1.8011402,-1.5311401,-0.5711401,-0.31114015,-0.37114012,0.048859864,0.30885985,0.16885987,-0.41114014,-0.73114014,-0.65114015,-0.30114013,-0.52114016,-0.45114014,-0.14114013,-0.36114013,-0.32114014,0.0088598635,0.30885985,0.30885985,-0.18114014,-0.44114015,0.46885985,1.1188599,0.88885987,1.3688599,2.0888598,2.3088598,2.66886,2.65886,3.0388598,3.49886
6.36886,6.0088596,5.6788597,5.7388597,5.95886,5.95886,5.52886,6.0088596,5.89886,4.1988597,3.45886,3.45886,2.71886,2.0488598,1.3588599,0.5688599,0.49885985,0.5688599,0.22885986,-0.5111401,-1.0711402,-1.3011402,-1.4611402,-1.5411401,-1.4511402,-1.6511401,-1.1611401,-0.8711401,-0.30114013,0.118859865,0.12885986,1.0688598,1.6388599,1.4488598,1.0588598,-0.031140137,-0.9911401,-1.3211402,-1.6311401,-1.0911402,-0.7411401,-0.9411401,-0.53114015,-0.25114015,-0.27114013,0.16885987,0.24885987,-0.38114014,-0.08114014,0.57885987,0.78885984,1.6988598,1.9488598,1.9588599,2.2788599,3.5588598,4.09886,3.73886,3.91886
6.52886,6.4888597,6.47886,6.56886,6.52886,6.2588596,6.68886,6.89886,6.9088597,6.85886,6.8888597,5.36886,3.5588598,2.95886,2.8488598,2.44886,1.9888599,2.0588598,1.8988599,1.3288598,0.9288599,0.89885986,0.8688599,0.6188599,0.24885987,-0.15114014,-0.25114015,-0.7411401,-0.36114013,0.32885987,0.63885987,1.0288599,2.7588599,3.3488598,3.2588599,2.0088599,1.0988599,0.70885986,-0.13114014,0.21885987,-0.59114015,-0.8811401,-0.54114014,-0.101140134,0.66885984,0.79885983,0.40885985,0.35885987,0.52885985,0.54885983,1.0188599,1.6188599,2.0988598,2.1088598,3.14886,4.02886,3.67886,3.21886,3.3088598
6.56886,6.29886,6.59886,6.99886,7.43886,7.87886,7.93886,8.64886,8.27886,7.56886,7.04886,4.9488597,3.8688598,3.3188598,3.71886,3.6088598,3.5688598,2.5888598,3.0388598,2.98886,3.0688598,3.42886,3.0988598,3.65886,2.46886,1.6288599,0.9888599,1.0388598,1.4188598,1.9388598,2.0088599,2.3688598,2.5888598,2.7588599,3.24886,3.7588599,3.5288599,2.7988598,1.4888599,0.70885986,0.48885986,0.52885985,1.1588598,1.2588599,1.8388599,0.37885988,0.70885986,1.3488599,0.84885985,0.31885988,0.36885986,1.3488599,1.5088599,1.6888598,1.8888599,2.93886,3.8188598,3.14886,2.3288598
7.9288597,7.33886,4.06886,2.39886,1.4588599,-0.0011401367,3.5188599,6.27886,6.27886,5.66886,4.7188597,3.3888597,2.7688599,2.23886,2.73886,3.2888598,3.91886,4.30886,4.8888597,5.76886,6.06886,7.32886,5.84886,4.03886,2.95886,3.1288598,3.5688598,3.89886,4.07886,4.08886,3.0188599,1.7188599,1.2988598,1.8488599,2.7588599,3.0388598,2.8888597,3.7688599,4.2188597,2.23886,0.8188599,-0.52114016,0.16885987,0.9988599,1.6788598,-0.6811401,-0.7511401,-1.0811402,-1.2111402,-1.5311401,-1.2211401,-0.18114014,0.8688599,1.6888598,2.20886,2.6288598,3.15886,3.5988598,3.64886
8.1688595,8.94886,9.10886,9.67886,11.498859,10.14886,8.88886,6.1588597,5.84886,6.8888597,4.36886,3.0788598,1.4388598,1.0988599,1.4688599,2.95886,3.5588598,4.34886,4.49886,6.26886,6.4288597,4.7588596,5.20886,4.86886,3.72886,1.1688598,3.0488598,3.5288599,4.2588596,4.0088596,5.01886,4.7588596,3.8488598,5.1388597,4.7188597,4.55886,3.8788598,5.04886,3.3088598,2.3788598,1.8688599,-0.48114014,-0.53114015,-1.8911401,-0.54114014,0.06885986,-4.5111403,-5.69114,-6.17114,-4.71114,-3.8811402,-2.32114,-1.1711402,-0.53114015,-0.011140137,1.4188598,1.4888599,3.0988598,3.8188598
1.6388599,0.018859863,0.96885985,6.8888597,8.80886,7.28886,7.83886,8.09886,5.64886,4.84886,5.0088596,4.83886,3.91886,3.0288599,2.15886,-0.26114014,-0.65114015,2.8688598,0.65885985,0.59885985,1.5588598,2.14886,3.8788598,3.6188598,4.12886,3.7688599,2.7588599,3.5888598,4.08886,0.72885984,1.2688599,-0.08114014,0.33885986,0.79885983,1.1288599,0.26885986,-0.39114013,0.8188599,1.2488599,0.9888599,0.72885984,-0.43114012,0.27885985,0.59885985,3.0488598,4.68886,5.07886,5.8888597,4.04886,2.66886,2.5188599,2.3288598,1.2388599,-0.31114015,0.5088599,1.1688598,2.3888597,1.8388599,2.0488598
2.0288599,2.97886,1.1988598,1.4888599,-2.4111402,-0.39114013,5.61886,6.5088596,7.64886,2.48886,2.8588598,6.12886,4.86886,1.3388599,1.3888599,1.9988599,3.0688598,1.8188598,0.20885986,-0.35114014,0.41885987,0.85885984,-1.3611401,-0.33114013,-1.2011402,-0.5711401,-0.61114013,-0.77114016,0.51885986,-0.17114013,0.24885987,-0.041140135,-0.22114013,1.0888599,1.2388599,1.2888598,0.9888599,0.39885986,0.6988599,1.5488598,1.0588598,2.41886,3.14886,2.22886,2.3188598,0.28885987,2.14886,2.0288599,2.17886,2.6188598,1.8688599,2.20886,1.7288599,-0.59114015,-1.2511401,-1.3511401,-0.58114016,0.8788599,1.4488598
0.7388599,1.4088598,1.9088598,1.8688599,0.57885987,1.9588599,2.3288598,1.8188598,4.33886,1.7288599,4.54886,5.2188597,0.08885986,-0.59114015,0.7588599,3.41886,5.32886,5.2388597,3.0288599,4.1788597,-1.3911401,-3.2411401,-0.42114013,-1.1811402,-1.1311401,-1.1611401,-1.6111401,-1.0211401,0.27885985,0.9888599,0.7588599,0.5688599,-0.16114014,1.4988599,1.7188599,1.8088598,2.0588598,1.8888599,1.9588599,1.2488599,0.6888599,0.32885987,0.53885984,0.71885985,1.0888599,1.4188598,1.0288599,2.3688598,2.0688598,2.95886,2.7788599,2.42886,1.8588599,-0.42114013,1.9288598,1.0788598,1.0688598,1.5188599,1.5788598
1.7488599,1.3988599,1.4088598,0.5088599,-1.8611401,-3.34114,0.79885983,2.8488598,1.4388598,1.0188599,0.14885986,1.8088598,2.5588598,-0.44114015,1.6888598,3.46886,3.16886,3.0888598,0.18885987,0.5688599,-0.30114013,-0.90114015,-2.56114,1.2388599,0.58885986,0.91885984,-0.051140137,0.42885986,-0.21114014,-0.37114012,0.6988599,0.12885986,1.6588598,1.0788598,0.72885984,0.18885987,1.4688599,1.1488599,1.2388599,0.41885987,0.06885986,0.06885986,-1.0911402,0.76885986,0.5088599,0.43885985,0.8788599,-0.08114014,-0.011140137,0.54885983,-1.0211401,-0.091140136,1.0188599,0.19885987,-0.5511401,-1.3011402,-0.6211401,0.43885985,1.0888599
2.3488598,0.26885986,1.7388599,3.74886,3.96886,-0.54114014,-1.9511402,-4.41114,-0.85114014,1.5688598,2.8188598,2.8888597,5.68886,9.1288595,7.9688597,5.8888597,0.65885985,0.65885985,1.0288599,-0.58114016,0.8788599,1.4088598,1.9288598,2.0288599,1.9188598,1.0088599,0.22885986,-0.7611401,-0.43114012,0.23885986,0.77885985,0.66885984,0.28885987,0.8088599,0.0088598635,-0.45114014,-1.0211401,-0.5511401,-0.6811401,0.9888599,0.47885987,0.83885986,-0.101140134,-0.091140136,0.53885984,0.47885987,-0.38114014,0.5588599,0.64885986,-0.8811401,-0.26114014,1.1588598,-0.5611401,0.18885987,0.46885985,1.0288599,-0.38114014,-1.3711401,-1.3611401
