json/gfs_20240725_00.json
{"header": { "discipline":0, "disciplineName":"Meteorological products", "gribEdition":2, "gribLength":79528, "center":7, "centerName":"US National Weather Service - NCEP(WMC)", "subcenter":0, "refTime":"2024-07-25T00:00:00.000Z", "significanceOfRT":1, "significanceOfRTName":"Start of forecast", "productStatus":0, "productStatusName":"Operational products", "productType":1, "productTypeName":"Forecast products", "productDefinitionTemplate":0, "productDefinitionTemplateName":"Analysis/forecast at horizontal level/layer at a point in time", "parameterCategory":2, "parameterCategoryName":"Momentum", "parameterNumber":3, "parameterNumberName":"V-component_of_wind", "parameterUnit":"m.s-1", "genProcessType":2, "genProcessTypeName":"Forecast", "forecastTime":0, "surface1Type":103, "surface1TypeName":"Specified height level above ground", "surface1Value":10.0, "surface2Type":255, "surface2TypeName":"Missing", "surface2Value":0.0, "gridDefinitionTemplate":0, "gridDefinitionTemplateName":"Latitude_Longitude", "numberPoints":65160, "shape":6, "shapeName":"Earth spherical with radius of 6,371,229.0 m", "gridUnits":"degrees", "resolution":48, "winds":"true", "scanMode":0, "nx":360, "ny":181, "basicAngle":0, "lo1":0.0, "la1":90.0, "lo2":359.0, "la2":-90.0, "dx":1.0, "dy":1.0 }, "data":
[rows 130 to 155 of 181, columns 58 to 115 of 360]
5.7681055,4.7381053,3.6881056,2.3681054,0.33810547,-1.2118945,-1.6918945,-2.1418946,-3.3718946,-4.8518944,-3.7218945,-2.4218946,-1.9618945,-2.4618945,-2.2518945,-2.0418944,-1.9618945,-1.8018945,-1.3318945,-0.28189453,-1.0518945,-1.5518945,-3.1418946,-5.5618944,-7.1818943,-7.7718945,-8.421894,-8.531895,-8.041895,-7.1418943,-6.7718945,-6.5018945,-6.1518946,-4.8318944,-3.4518945,-1.6518946,0.18810546,1.6681055,2.3081055,2.3981054,2.9381056,2.5881054,2.6781054,-0.21189453,-4.6718946,-2.6418946,2.6281054,5.5181055,5.4581056,6.6081057,7.5681057,8.868106,9.878105,9.848105,11.418105,12.378105,11.7681055,10.508105
6.7481055,5.7481055,5.0281053,3.7281055,2.4081054,1.2481055,-1.1018945,-2.9118946,-3.0218945,-3.7918944,-3.1918945,-3.3618946,-2.1518946,-1.8118945,-1.3118945,-0.5718945,-0.39189452,-0.5318945,-0.69189453,-1.7018945,-2.0318944,-2.7818944,-4.0318947,-4.4818945,-7.6818943,-9.021894,-9.081895,-9.451895,-8.921894,-8.421894,-7.6118946,-6.2718945,-4.8018947,-4.7018948,-3.1218946,-1.7918946,-0.12189453,0.8481055,2.1281054,3.4881055,4.3281054,4.3381057,3.0281055,3.3181055,-3.8918946,0.45810547,-0.17189454,2.7081056,5.0481052,6.5581055,7.2881055,8.818106,10.0181055,11.358106,12.738106,12.128105,11.258105,12.908106
8.948106,7.5881057,4.9181056,1.7581055,1.6981055,1.2081054,0.5281055,-0.54189456,-3.3118944,-3.7118945,-2.8918946,-3.2218945,-3.2018945,-3.3518946,-1.3318945,0.22810547,0.18810546,-0.5718945,-0.7118945,-1.5518945,-2.3618946,-3.6218946,-4.8618946,-5.5418944,-6.3318944,-10.251895,-10.381894,-9.911895,-9.831895,-9.721894,-8.171894,-7.8818946,-7.6418943,-5.9518948,-4.5118947,-1.9518945,-0.13189453,1.7381054,3.2381055,3.9681056,4.9881053,0.9081055,0.26810548,-1.6318946,-1.0018945,-0.18189453,0.80810547,2.8981054,4.5081053,6.3781056,7.6981053,8.968105,9.878105,11.628105,13.308105,12.228106,11.808105,10.938106
12.548105,13.318106,7.7081056,2.2181056,1.1581055,0.5981055,-0.42189452,0.01810547,-3.4018946,-3.7418945,-3.4618945,-3.7218945,-2.5718946,-1.9218946,1.7981055,2.1881056,1.0481055,-1.0518945,-1.8918946,-2.1418946,-3.6018946,-5.0418944,-5.0618944,-6.3118944,-6.1518946,-9.931894,-10.871895,-10.751895,-10.671894,-9.7318945,-9.401895,-8.761894,-8.021894,-6.4718947,-4.5118947,-1.7118945,0.9281055,1.3281054,-0.09189453,-0.7718945,-0.42189452,-0.41189453,-1.6418946,-0.7718945,-1.0318946,0.8481055,2.5681055,4.4781055,5.8881054,6.7681055,8.238106,8.978106,9.738106,10.998105,12.288105,11.388105,13.228106,12.218105
12.118106,12.198106,9.7681055,6.6381054,5.2581053,3.9881055,2.1281054,2.8181055,0.51810545,-0.33189452,-2.0818946,-3.9818945,-2.2218945,0.7181055,5.3181057,9.668105,3.1081054,-0.7718945,-1.0718945,-1.3418945,-4.8918943,-5.9218946,-5.0618944,-6.4018946,-6.4618945,-8.301894,-10.7318945,-11.151895,-9.341894,-9.651895,-10.351894,-9.581895,-7.9818945,-6.1618943,-4.0918946,-1.6318946,-5.4518948,-4.6218944,-3.6518946,-3.3118944,-2.8318946,-2.4918945,-2.0918946,-0.62189454,0.7281055,2.6381054,3.6581054,4.7581053,6.5081053,7.6081057,9.008105,8.468105,9.428105,10.968105,11.958105,13.138105,12.158106,10.288105
11.488106,9.318106,8.888105,6.8981056,5.2081056,3.9481056,3.0081055,3.3181055,-0.22189453,-2.0418944,-2.7318945,-4.8118944,-0.7618945,3.1481054,6.6981053,11.478106,5.5581055,-2.7318945,0.46810547,-3.3718946,-4.9618945,-6.3218946,-5.9018946,-7.3818946,-9.461895,-7.4318943,-10.111895,-11.321895,-11.091894,-11.361895,-10.811894,-9.071895,-7.9618945,-5.5718946,-4.9718947,-8.811894,-7.9418945,-6.8118944,-5.3318944,-4.5718946,-3.2818944,-1.8318945,-0.74189454,0.50810546,1.7681055,2.9081054,4.4581056,5.3781056,6.9381056,7.7081056,8.968105,10.528106,11.468105,12.178105,11.668105,12.688106,13.438106,12.638105
12.428105,10.808105,9.188106,6.2481055,4.1481056,3.2181056,1.9881054,0.7981055,-1.4318945,-4.1618943,-4.2418947,-3.3318946,-2.0618944,-0.11189453,3.3481054,6.5381055,9.2681055,10.198106,5.7081056,10.208105,1.6981055,-3.7718945,-4.8518944,-8.401895,-9.791895,-8.581895,-9.131894,-10.661895,-11.771894,-12.831895,-10.621895,-8.711895,-7.3718944,-6.6918945,-10.421894,-10.211895,-9.631894,-7.8918943,-6.0618944,-4.2918944,-3.2118945,-2.0518944,-0.40189454,0.8481055,2.4581056,3.8681054,4.3781056,5.8981056,6.6581054,7.8581057,9.398106,10.498105,11.118106,12.538105,12.0181055,12.2681055,11.138105,12.148106
12.548105,12.718105,12.488106,9.948106,3.9281054,0.74810547,-0.24189453,-1.1618946,-3.6518946,-5.3418946,-4.9618945,-4.4418945,-2.7418945,0.09810547,1.4281055,3.6081054,5.1481056,4.5381055,7.0881057,4.7181053,4.6681056,3.5781054,4.0581055,-4.1618943,-7.9818945,-6.8718944,-6.1618943,-8.751895,-12.091894,-11.791895,-10.341894,-8.9818945,-8.371895,-11.071895,-10.181894,-9.851894,-9.051894,-7.6818943,-6.1518946,-4.7118945,-2.9518945,-1.6418946,0.108105466,1.9981055,3.2081056,4.0681057,4.9481053,6.1281056,6.9981055,7.5481052,9.308105,10.008105,11.058105,11.548105,11.778106,12.378105,11.598105,10.838105
13.938106,13.948106,13.838105,12.578106,11.678105,8.908106,1.0881054,-5.2018948,-5.6118946,-5.6318946,-5.0118947,-5.5018945,-3.3218946,-1.7318945,-0.50189453,0.36810547,2.9081054,4.4281054,6.0581055,6.7781053,4.6381054,4.2881055,3.4181054,0.68810546,-3.2518945,-6.9618945,-8.051894,-7.5518947,-9.171894,-9.861895,-9.431894,-10.031895,-12.261894,-11.531895,-10.821895,-9.221894,-8.091894,-6.6718946,-5.2418947,-3.8218946,-2.2918944,-0.80189455,0.34810546,1.6381055,3.0281055,4.2681055,5.1181054,5.7681055,6.3281054,6.4581056,7.6681056,9.688106,11.0181055,11.558105,11.488106,12.138105,11.738106,10.438106
14.258105,15.728106,15.658106,15.568106,14.128105,10.648106,7.8781056,2.8981054,-6.9118943,-6.2718945,-6.5518947,-5.3918943,-3.5518944,-1.5918945,-1.9018946,-1.8718945,0.25810546,1.5481055,3.7981055,4.7781053,5.6581054,6.2781053,3.2981055,-3.0018945,-6.7118945,-6.8018947,-6.1018944,-6.5818944,-7.9318943,-8.781895,-9.581895,-12.001895,-11.641894,-11.621895,-10.871895,-9.421894,-7.6218944,-6.1318946,-4.3918943,-2.6018946,-1.6418946,-0.09189453,1.2681055,2.5281055,2.7781055,3.9981055,4.5781054,4.9281054,5.2981052,5.1381054,7.5681057,8.788105,10.278106,10.698106,11.038105,11.108106,11.298105,10.468105
14.448106,15.058105,15.868106,15.898106,16.128105,13.578106,8.898106,5.6881056,2.5481055,-4.1718946,-6.6618943,-5.3118944,-2.7418945,0.32810548,-2.2518945,-2.7518945,-2.8818946,-2.4018946,-0.5718945,2.5681055,4.5481052,5.6881056,0.13810547,-4.7318945,-6.4718947,-7.0518947,-6.7518945,-7.6618943,-9.121895,-10.051894,-9.861895,-10.711895,-9.7318945,-9.211895,-8.811894,-8.051894,-6.6618943,-4.5818944,-2.7218945,-0.81189454,0.9681055,1.3181055,2.3881054,3.4881055,4.5581055,3.9381056,3.8681054,4.5181055,5.3681054,5.8081055,6.0581055,7.6781054,9.098105,9.678105,10.488106,11.228106,10.788105,9.868106
14.248105,14.908106,15.188106,15.488106,15.718105,14.718105,12.918105,9.648106,6.8081055,2.5681055,-1.3718945,-4.2818947,-4.8018947,-3.3818946,-2.7518945,-0.9718945,0.6581055,2.9281054,3.5281055,2.5681055,2.5181055,-0.41189453,-4.4818945,-4.2918944,-5.5118947,-7.2318945,-8.421894,-8.821895,-8.901895,-8.851894,-9.4818945,-8.841894,-8.691895,-8.211895,-7.5418944,-5.7718945,-4.6118946,-2.7818944,-1.6318946,-0.5118945,0.41810548,1.6081054,2.5681055,3.4381056,4.2581053,5.5081053,5.0881057,5.5081053,4.8281054,5.9181056,5.5981054,5.7981052,6.3781056,8.128105,9.738106,11.388105,10.968105,9.708105
13.288105,14.048105,14.698106,15.078106,14.828106,14.338105,12.858106,12.238106,10.288105,8.988106,5.8381057,1.9681054,-0.27189454,-1.2118945,-0.74189454,-0.68189454,0.38810548,1.0081055,1.6081054,0.88810545,-2.4718945,-4.0618944,-4.9018946,-5.7818947,-6.8718944,-7.6818943,-7.4418945,-6.8518944,-8.121895,-7.4918947,-6.7418947,-5.7118945,-5.4318943,-5.9618945,-5.3618946,-4.5018945,-2.8918946,-0.7618945,0.43810546,0.62810546,1.3381054,2.4381056,3.0181055,3.5481055,3.7381055,5.1781054,5.4381056,5.8381057,7.0681057,7.3781056,7.2981052,5.6181054,2.9481056,3.8881054,6.4881053,9.688106,10.148106,9.398106
12.438106,12.868106,13.228106,13.618106,13.548105,13.658106,12.838105,12.088105,11.618106,10.598105,8.988106,7.3881054,6.0381055,4.6281056,3.6881056,2.2381055,2.8681054,2.0781054,1.5581055,0.5381055,-0.8218945,-3.1818945,-4.3918943,-3.8118944,-4.1618943,-5.6818943,-6.7818947,-6.7118945,-6.5518947,-6.2518945,-5.8118944,-6.3018947,-5.8118944,-4.9518948,-3.9118946,-3.1818945,-1.3118945,0.06810547,0.30810547,1.0981054,2.2281055,3.0381055,2.3481054,1.6681055,3.5181055,4.5881057,5.9281054,6.7881055,8.968105,9.028106,9.408106,9.5181055,9.058105,3.0981054,1.2781055,6.5381055,8.5181055,8.358106
10.958105,11.368106,11.568106,12.048105,12.258105,11.7681055,11.698106,11.598105,11.078106,10.108106,9.498105,9.328106,9.228106,7.9381056,6.7981052,4.9681053,3.1781054,2.4981055,2.9381056,2.5781054,2.3181055,1.3181055,-0.7018945,-1.8218945,-2.8318946,-3.7318945,-4.4918947,-5.1218944,-5.6418943,-6.1418943,-6.0418944,-5.0318947,-4.0418944,-2.8318946,-2.0818946,-0.67189455,0.19810547,0.44810545,0.74810547,1.5681055,1.7281054,1.7881055,1.7381054,1.6081054,2.1581054,4.1581054,5.9681053,7.5181055,9.028106,9.958105,9.788105,9.098105,5.1281056,7.2781053,0.33810547,3.5281055,5.2681055,6.6181054
9.738106,10.098105,10.228106,10.468105,10.918105,10.978106,10.788105,10.528106,9.718105,9.568106,9.128105,8.788105,8.188106,7.3281054,6.5281053,6.2381053,6.0781054,5.3181057,4.1981053,2.3281054,1.1281055,0.09810547,-0.86189455,-1.6118945,-2.3718946,-2.8618946,-3.7118945,-4.3018947,-3.9518945,-3.4518945,-3.0418944,-2.7318945,-1.9218946,-1.3918946,-1.0418946,-0.12189453,0.22810547,0.19810547,0.11810547,-0.32189453,1.3381054,0.50810546,1.6281055,-0.05189453,2.8681054,3.7581055,5.6081057,7.3481054,8.408106,8.258105,8.958105,9.098105,8.138105,6.0181055,4.5581055,3.7381055,3.9181054,6.2681055
8.548105,9.098105,9.418105,9.778106,9.398106,9.498105,9.458105,9.528106,9.478106,9.428105,9.158106,9.128105,8.108106,6.7781053,5.6581054,5.0081053,4.8081055,4.1681056,3.5681055,2.3581054,1.1281055,0.13810547,-0.56189454,-1.4018946,-2.3118944,-2.6818945,-2.2918944,-1.9418945,-1.5918945,-1.2818946,-1.2018945,-1.2818946,-0.7818945,-1.2018945,-1.2418945,-1.3218945,-0.6418945,-0.16189453,0.17810547,0.5981055,0.07810547,0.76810545,-0.33189452,1.7281054,1.3881055,4.8281054,6.2381053,6.5381055,6.9681053,7.3981056,8.238106,7.9581056,7.0381055,5.9281054,5.0981054,4.1581054,3.3081055,4.5581055
7.9781055,8.178105,8.328106,8.808105,8.798105,8.828106,8.5181055,8.408106,8.898106,8.188106,8.2681055,8.098105,7.6081057,6.9281054,6.6481056,6.2381053,5.9181056,5.3481054,4.7781053,3.2781055,0.6681055,0.09810547,-0.8818945,-1.4318945,-1.8818946,-1.3518945,-1.0618945,-1.0918945,-0.66189456,0.07810547,-1.1918945,-0.92189455,-1.1418946,-0.43189454,-0.48189452,-0.20189454,0.06810547,-0.27189454,-0.85189456,-0.46189454,-3.4018946,-0.8218945,-0.32189453,2.8681054,4.3881054,5.5181055,5.1881056,5.6781054,4.9181056,6.3881054,6.5581055,7.0381055,7.2681055,6.8381057,5.7881055,4.6181054,3.3781054,3.4481056
6.8681054,6.4481053,6.5881057,6.9081054,6.8381057,7.2081056,7.8281054,7.8281054,7.7481055,7.6481056,6.6381054,6.6181054,6.4081054,6.1981053,6.3181057,6.1281056,5.6081057,5.0681057,4.0781054,4.4381056,4.5781054,4.6081057,4.0881057,5.2781053,3.8181055,3.0081055,3.6981056,1.7381054,1.0081055,1.0181055,1.5181055,1.3281054,0.7781055,-0.37189454,-0.87189454,-0.9018945,-0.42189452,-0.6418945,-0.8418945,-4.7018948,-2.0818946,-1.2418945,2.1281054,3.7281055,4.3981056,4.0381055,4.1981053,5.3481054,5.6181054,6.6081057,7.3081055,7.1581054,6.4781055,5.6681056,4.7781053,3.8181055,3.2981055,2.9381056
6.9781055,7.3181057,7.4981055,7.5781054,7.2681055,6.4281054,5.9381056,6.5081053,6.3481054,6.4381056,5.1181054,4.9981055,4.3381057,4.3381057,4.0881057,3.9781055,1.8981055,2.4881055,2.9381056,3.2581055,3.4781055,2.6781054,2.4181054,2.6181054,3.9081054,3.3981054,2.7581055,2.6881056,2.9681056,3.8481054,4.4981055,2.2281055,-0.46189454,-1.2718946,-1.4418945,-1.7618946,-2.4818945,-4.9818945,-4.2018948,-4.0018945,-1.9518945,0.8681055,2.3381054,2.7481055,2.6381054,3.3881054,4.3481054,4.9381056,6.6081057,6.8281054,6.8981056,6.1281056,5.6881056,4.9281054,4.1981053,3.0981054,2.3681054,1.5581055
6.9181056,7.3981056,8.588105,8.448106,8.738106,9.198106,9.338105,9.848105,4.2381053,3.1181054,4.3381057,4.4581056,3.1581054,0.87810546,-0.37189454,2.5481055,2.1981056,1.6181054,1.7181054,2.8581054,4.2881055,3.9681056,2.8381054,3.5181055,4.1681056,4.3481054,4.0981054,2.9281054,4.6681056,4.7681055,4.7681055,4.5381055,-0.24189453,-2.1618946,-0.87189454,-4.9018946,-4.8518944,-4.2218947,-3.9318945,-3.1918945,-0.75189453,0.24810547,0.69810545,1.6981055,2.4681056,3.1281054,5.1181054,6.0081053,6.7581053,7.4081054,7.0381055,6.8581057,5.8681054,5.0481052,3.7081056,2.7081056,0.9281055,-0.5818945
4.4081054,6.3781056,7.9181056,8.368106,6.7381053,8.738106,7.2581053,6.8981056,7.5681057,8.968105,7.7881055,5.1281056,3.8481054,0.8681055,-1.3018945,-0.7718945,0.09810547,0.048105467,0.6081055,0.7781055,2.4981055,3.2281055,3.2681055,2.7381055,2.3281054,3.4181054,4.2181053,4.5281053,4.1581054,3.9781055,4.5981054,4.6081057,2.6081054,-3.0018945,-1.2618946,-2.9018946,-3.7118945,-2.1118946,-1.4518945,-1.1518946,-1.2518945,-0.22189453,0.8681055,0.88810545,2.1281054,3.7181056,4.3481054,4.7781053,7.6381054,7.5581055,7.4581056,6.9681053,4.8081055,3.4581056,2.7981055,1.8081055,-1.5018945,-3.6318946
3.4481056,4.3281054,4.2281055,4.9581056,5.0681057,5.5681057,6.4081054,6.8781056,6.4481053,6.2381053,6.0681057,5.9681053,1.2681055,1.4881054,1.9681054,2.4481056,1.3581054,1.6181054,1.4481055,1.8681054,2.3681054,2.1181054,1.6081054,1.9081055,2.5481055,3.0181055,3.1381054,3.5881054,3.7281055,3.6981056,4.5981054,4.8681054,5.9981055,-3.2918944,-3.3218946,-2.5018945,-2.0718946,-2.4318945,-2.3318946,-1.7518945,-0.34189454,0.20810547,0.6781055,2.0581055,1.8781055,2.4081054,2.9481056,3.3981054,4.2881055,4.7281055,4.6781054,4.8981056,4.9181056,4.3181057,2.7881055,0.35810548,-2.2018945,-2.7618945
1.9881054,2.8581054,3.0981054,3.2981055,3.6581054,3.7681055,4.1881056,4.4781055,4.8681054,4.7681055,4.1581054,4.0681057,3.3481054,3.0081055,2.5981054,1.5581055,1.0881054,0.9081055,1.3481054,2.5081055,2.4081054,2.2181056,1.6981055,0.9281055,0.7281055,1.2681055,1.7981055,2.5081055,3.2681055,3.3681054,3.3981054,3.7381055,3.8481054,-2.0618944,-2.9018946,-3.1518946,-3.1118946,-2.4618945,-2.0718946,-1.5318946,-0.8818945,0.09810547,0.7381055,1.3581054,1.3681054,1.9881054,2.7881055,3.4581056,4.2381053,4.1981053,4.1381054,5.0881057,4.9481053,5.0781054,1.8081055,1.0681055,0.22810547,-0.54189456
1.8081055,1.8981055,2.1781054,2.5581055,3.0581055,3.8781054,3.2381055,3.3581054,3.8081055,3.9881055,4.1381054,4.0581055,3.9781055,3.3481054,2.2381055,1.6781055,1.3681054,0.41810548,-0.29189453,-0.5718945,-0.7618945,-0.8418945,-0.5918945,-0.29189453,0.09810547,0.7181055,1.1481055,1.0081055,1.3081055,1.5881054,2.0681055,1.4681054,-1.3018945,-2.8118944,-3.0218945,-2.6918945,-2.0018945,-1.7418945,-1.6518946,-1.3618945,-0.7118945,0.108105466,1.0681055,1.6981055,2.2081056,1.6381055,2.6981056,3.0881054,3.6381054,4.6881056,4.8581057,5.1281056,5.1581054,4.6081057,4.2281055,4.3281054,4.2581053,3.1681054
0.80810547,1.6681055,1.7481055,1.8681054,1.5381055,1.4581054,1.9281055,2.1781054,2.6081054,2.6681054,2.2681055,2.1481054,2.0881054,1.4481055,0.8681055,0.47810546,0.26810548,0.008105469,-0.5718945,-0.9018945,-0.93189454,-0.93189454,-1.0118946,-0.91189456,-0.85189456,-0.43189454,-0.7118945,-0.021894531,0.55810547,0.81810546,0.43810546,-2.5018945,-2.7218945,-2.8518946,-2.4918945,-1.9818945,-1.5518945,-1.0918945,0.24810547,0.6781055,-0.49189454,-0.66189456,-0.31189454,1.1381055,1.4781054,1.3781055,2.8081055,3.0681055,3.2581055,3.1481054,2.3581054,4.1781054,4.2081056,3.9881055,4.7181053,5.8481054,6.7981052,5.5481052
