json/gfs_20240722_18.json
{"header": { "discipline":0, "disciplineName":"Meteorological products", "gribEdition":2, "gribLength":79667, "center":7, "centerName":"US National Weather Service - NCEP(WMC)", "subcenter":0, "refTime":"2024-07-22T18:00:00.000Z", "significanceOfRT":1, "significanceOfRTName":"Start of forecast", "productStatus":0, "productStatusName":"Operational products", "productType":1, "productTypeName":"Forecast products", "productDefinitionTemplate":0, "productDefinitionTemplateName":"Analysis/forecast at horizontal level/layer at a point in time", "parameterCategory":2, "parameterCategoryName":"Momentum", "parameterNumber":2, "parameterNumberName":"U-component_of_wind", "parameterUnit":"m.s-1", "genProcessType":2, "genProcessTypeName":"Forecast", "forecastTime":0, "surface1Type":103, "surface1TypeName":"Specified height level above ground", "surface1Value":10.0, "surface2Type":255, "surface2TypeName":"Missing", "surface2Value":0.0, "gridDefinitionTemplate":0, "gridDefinitionTemplateName":"Latitude_Longitude", "numberPoints":65160, "shape":6, "shapeName":"Earth spherical with radius of 6,371,229.0 m", "gridUnits":"degrees", "resolution":48, "winds":"true", "scanMode":0, "nx":360, "ny":181, "basicAngle":0, "lo1":0.0, "la1":90.0, "lo2":359.0, "la2":-90.0, "dx":1.0, "dy":1.0 }, "data":
[rows 130 to 155 of 181, columns 58 to 115 of 360]
-2.389524,-2.7695239,-0.61952394,7.260476,4.610476,4.6204762,2.160476,1.9004761,-0.12952393,-0.08952393,0.020476075,-0.06952392,-0.24952392,-0.059523925,2.520476,3.2004762,3.560476,2.350476,4.240476,5.170476,5.0604763,6.270476,6.1204762,5.880476,6.770476,6.8504763,7.8304763,7.8704762,8.270476,8.100476,8.840476,7.940476,7.740476,7.380476,7.640476,8.160476,8.280476,7.8304763,7.890476,7.570476,7.840476,8.180476,7.610476,7.570476,7.3704762,7.460476,7.290476,7.040476,7.670476,8.660476,8.230476,8.890476,8.350476,10.140476,10.760476,11.020476,11.480476,10.750476
-1.5095239,-4.3995237,-6.059524,-0.099523924,-1.659524,-0.47952393,-5.039524,-2.839524,1.5004761,1.210476,1.6204761,2.130476,2.360476,2.330476,3.080476,4.3304763,4.880476,3.9804761,4.760476,5.540476,5.880476,6.920476,7.8704762,8.160476,8.180476,8.660476,9.420476,9.620476,9.670476,9.680476,8.950476,8.740476,9.070477,9.090476,9.450476,9.460476,9.460476,9.8604765,9.3604765,10.000476,9.870476,9.260476,9.390476,9.530476,9.770476,9.370476,8.620476,9.450476,10.030476,9.800476,9.470476,9.980476,10.740476,11.740476,11.140476,11.800476,12.480476,12.690476
-0.9095239,-3.169524,-4.749524,-4.559524,-6.049524,-8.369524,-7.339524,-6.489524,-2.649524,1.5004761,2.610476,2.650476,4.650476,4.240476,4.610476,5.5804763,6.390476,6.670476,5.540476,6.360476,7.260476,7.3504763,7.630476,8.650476,8.840476,9.630476,9.250476,9.420476,10.050476,9.330476,9.350476,9.500476,9.840476,9.650476,10.400476,10.490476,10.730476,10.6104765,11.010476,11.020476,10.500476,10.220476,10.020476,10.530476,10.730476,10.900476,9.970476,10.470476,10.590476,10.540476,10.040476,11.800476,12.320477,12.000476,12.650476,11.700476,13.020476,12.850476
-0.099523924,-2.2795238,-3.339524,-3.329524,-4.309524,-5.839524,-6.8795238,-7.059524,-5.949524,-4.929524,-1.919524,1.8904761,4.970476,5.700476,6.640476,6.6004763,7.400476,7.260476,6.920476,7.3704762,7.960476,8.790476,9.010476,9.280476,9.920476,9.350476,9.880476,10.270476,10.070477,10.150476,10.140476,10.550476,10.010476,10.490476,9.810476,11.380476,12.330476,12.190476,12.370476,12.100476,11.960476,11.900476,11.950476,11.930476,12.170476,12.3604765,11.240476,10.980476,11.470476,11.550476,11.960476,13.280476,12.490476,12.970476,13.000476,13.770476,14.630476,13.990476
2.370476,2.7304761,0.09047607,-1.1095239,-2.0495238,-3.709524,-5.509524,-4.8795238,-4.529524,-4.359524,-3.329524,-1.179524,1.1304761,2.4504762,6.690476,8.970476,8.930476,8.3604765,8.540476,9.070477,9.170476,8.810476,9.380476,10.060476,10.140476,10.230476,10.6104765,10.6104765,10.460476,9.940476,10.270476,10.700476,12.270476,11.810476,11.170476,12.010476,13.310476,12.400476,12.1104765,13.350476,13.220476,12.940476,13.040476,13.270476,13.100476,12.660476,12.240476,12.530476,13.050476,11.300476,12.630476,13.090476,13.480476,13.330476,13.310476,15.050476,15.310476,15.500476
4.940476,3.660476,2.9804761,2.2404761,1.710476,-0.20952393,-1.7095239,-2.5195239,-2.639524,-1.9395239,-0.55952394,0.37047607,1.450476,2.570476,3.0004761,4.650476,2.860476,10.240476,9.890476,10.6104765,10.510476,10.000476,10.030476,10.160476,10.730476,10.990476,11.850476,11.440476,11.620476,11.460476,11.050476,11.820477,12.300476,12.3604765,11.530476,11.980476,12.640476,12.630476,11.840476,11.980476,12.650476,14.040476,13.970476,13.420476,13.430476,13.510476,13.680476,13.490476,12.240476,11.970476,13.580476,13.280476,14.460476,13.820477,14.220476,14.700476,14.740476,14.640476
3.880476,2.800476,4.3304763,3.170476,2.910476,-0.5295239,1.5204761,1.980476,2.170476,2.170476,1.2604761,2.2004762,3.790476,4.410476,4.530476,4.3704762,5.950476,7.650476,2.080476,11.420476,10.820477,10.1104765,10.040476,11.130476,11.480476,12.740476,13.260476,12.850476,12.910476,12.940476,12.970476,11.750476,11.760476,11.790476,12.190476,12.730476,13.520476,14.1104765,12.720476,12.970476,12.400476,12.850476,13.540476,12.910476,12.430476,13.040476,12.050476,12.270476,10.500476,12.830476,13.290476,13.290476,12.530476,13.760476,13.960476,15.170476,14.250476,14.830476
3.560476,2.790476,2.860476,3.070476,2.090476,1.4004761,1.8104761,1.840476,3.870476,4.3504763,4.960476,5.150476,4.770476,6.530476,6.710476,5.980476,6.260476,5.950476,4.490476,3.840476,3.9704762,2.2104762,9.500476,10.980476,11.370476,12.030476,12.410476,12.470476,12.310476,12.550476,13.460476,13.750476,13.410476,13.640476,13.160476,12.6104765,12.970476,13.820477,13.1104765,13.010476,12.540476,12.600476,12.930476,12.800476,12.600476,10.930476,10.180476,11.020476,11.040476,11.480476,10.540476,12.370476,13.490476,14.350476,15.500476,16.140476,16.990477,17.020475
4.450476,4.630476,4.220476,4.030476,2.650476,2.910476,3.390476,3.510476,4.340476,5.660476,7.210476,7.470476,7.150476,6.980476,8.120476,8.090476,6.250476,5.670476,5.0604763,5.440476,5.170476,4.530476,5.410476,5.200476,5.000476,7.320476,9.380476,11.120476,11.490476,12.230476,12.890476,13.440476,14.130476,14.700476,14.710476,12.080476,12.590476,12.520476,12.490476,11.910476,12.270476,13.260476,10.920476,10.380476,9.400476,8.720476,9.540476,8.6104765,9.910476,10.340476,10.640476,12.450476,13.220476,15.770476,17.470476,18.820477,19.730476,19.180475
6.070476,5.660476,5.920476,6.030476,5.750476,4.930476,5.260476,5.790476,6.900476,6.950476,6.770476,10.510476,9.190476,8.070477,7.540476,8.850476,6.740476,6.860476,5.480476,6.380476,5.5604763,4.6204762,4.980476,5.950476,5.880476,6.900476,8.000476,8.300476,9.650476,10.920476,11.960476,12.850476,13.440476,13.570477,12.020476,11.500476,13.270476,11.810476,12.430476,11.990476,9.710476,9.950476,11.380476,9.340476,7.730476,8.530476,7.700476,8.350476,9.680476,9.530476,10.600476,11.330476,14.980476,9.680476,10.250476,14.310476,15.460476,18.310476
6.170476,6.150476,6.090476,6.280476,6.520476,6.530476,6.690476,7.3504763,7.8104763,7.8304763,7.930476,8.930476,9.310476,9.620476,8.120476,8.410476,7.410476,4.360476,4.1204762,7.740476,6.480476,5.1204762,4.720476,5.270476,5.720476,5.840476,6.960476,8.260476,9.3604765,9.920476,10.520476,11.020476,11.6104765,10.870476,9.840476,12.810476,12.830476,11.010476,10.220476,10.080476,9.150476,8.680476,6.170476,6.470476,6.990476,7.780476,8.040476,8.970476,8.550476,9.380476,9.590476,10.560476,9.450476,6.880476,9.160476,11.550476,11.040476,10.710476
5.740476,6.140476,6.130476,6.250476,6.680476,7.190476,7.670476,8.380476,8.950476,9.020476,9.500476,9.920476,10.370476,11.500476,10.120476,9.820477,8.000476,5.430476,4.250476,5.160476,3.670476,5.910476,6.490476,5.5804763,5.3504763,5.590476,6.800476,7.650476,7.510476,8.590476,9.930476,10.300476,8.700476,9.870476,9.960476,10.570477,9.970476,9.880476,5.980476,7.170476,6.3704762,3.4404762,5.980476,3.260476,7.1004763,7.3104763,7.130476,7.6204762,8.880476,9.720476,8.340476,8.540476,5.970476,6.240476,7.510476,5.800476,5.980476,7.740476
5.640476,5.290476,5.420476,5.780476,6.250476,6.750476,7.6004763,8.900476,10.450476,11.480476,11.940476,11.710476,10.790476,11.770476,9.740476,9.350476,6.380476,3.7404761,3.4304762,5.670476,5.220476,4.240476,4.0604763,4.200476,5.090476,7.040476,8.130476,8.740476,8.590476,8.380476,8.820477,8.830476,8.330476,8.830476,9.910476,8.900476,7.800476,6.5604763,3.100476,3.770476,4.860476,5.3504763,4.0604763,5.590476,6.5604763,6.950476,7.910476,9.190476,9.1104765,9.180476,8.530476,8.960476,5.300476,4.770476,5.000476,1.450476,5.8104763,3.260476
5.700476,5.190476,4.740476,4.960476,5.6004763,6.240476,8.060476,9.000476,10.630476,13.070477,13.320477,11.770476,10.120476,11.060476,10.240476,6.930476,4.200476,3.7304761,3.400476,2.590476,3.610476,4.280476,4.960476,5.900476,7.140476,8.3604765,9.150476,10.040476,9.980476,9.940476,9.690476,10.1104765,9.320477,9.180476,8.950476,6.550476,1.3704761,2.7204762,4.110476,3.9904761,3.110476,4.400476,4.480476,5.520476,6.820476,7.950476,7.890476,8.290476,9.120476,9.440476,9.030476,8.350476,4.820476,4.980476,4.070476,1.6404761,-0.35952392,-2.109524
4.150476,3.2304761,4.250476,4.400476,4.780476,6.050476,7.540476,8.260476,10.300476,8.8604765,8.130476,9.390476,8.250476,9.680476,6.890476,4.5604763,1.360476,1.4904761,2.2004762,3.540476,4.340476,4.760476,5.790476,8.020476,9.470476,11.020476,10.780476,11.400476,11.400476,10.130476,9.470476,9.320477,7.470476,8.190476,1.0304761,0.44047606,2.2004762,2.9304762,3.4504762,2.9504762,3.280476,4.520476,5.730476,6.040476,5.910476,6.220476,7.130476,8.050476,7.770476,7.490476,6.720476,7.900476,6.470476,5.3504763,4.440476,3.100476,0.8604761,-1.169524
0.9804761,2.160476,2.170476,3.2104762,4.240476,6.0804763,7.410476,8.470476,9.040476,7.750476,7.710476,8.680476,7.930476,4.610476,0.56047606,0.94047606,1.0604761,1.6704761,2.390476,3.150476,4.390476,5.0604763,7.290476,9.920476,11.310476,11.920476,11.840476,11.920476,10.880476,8.750476,7.540476,6.790476,1.580476,-2.2695239,0.7104761,0.7704761,2.130476,2.7504761,2.050476,2.640476,4.800476,5.490476,5.420476,5.510476,5.320476,5.710476,5.990476,6.780476,6.160476,5.290476,7.0804763,7.070476,7.030476,6.8104763,6.540476,5.930476,3.7504761,1.7604761
-0.3695239,-0.8395239,0.9904761,3.2004762,4.5804763,6.760476,7.230476,8.950476,7.900476,8.270476,7.700476,6.340476,0.5904761,1.580476,0.5204761,0.5904761,0.70047605,0.6704761,2.110476,3.330476,4.540476,5.030476,4.980476,5.140476,6.700476,7.110476,7.470476,7.280476,6.960476,1.610476,-3.979524,-2.5695238,-0.23952393,0.7304761,-0.42952392,0.94047606,2.410476,2.120476,3.330476,5.230476,4.820476,5.410476,5.5804763,5.8504763,5.700476,6.340476,6.930476,6.150476,5.800476,5.150476,5.680476,6.020476,6.950476,7.650476,7.670476,6.710476,5.250476,5.3504763
-1.029524,1.1904761,2.7004762,4.450476,6.250476,7.180476,8.340476,9.260476,8.660476,8.050476,7.0604763,2.4604762,1.8704761,1.2704761,0.7804761,0.89047605,1.4304761,2.420476,3.370476,4.260476,5.000476,4.750476,3.9604762,1.4204761,-1.1095239,-3.239524,-3.919524,-4.009524,-3.359524,-1.789524,-0.12952393,-0.6495239,-0.06952392,-0.9595239,1.1704761,1.4104761,2.540476,3.7104762,4.480476,4.160476,5.130476,5.680476,6.480476,6.670476,6.320476,7.270476,7.540476,7.320476,6.6004763,5.960476,6.510476,8.140476,7.550476,7.780476,8.020476,7.670476,7.450476,7.360476
3.370476,4.550476,6.1004763,6.8104763,7.700476,7.980476,8.340476,7.990476,8.040476,4.140476,1.830476,1.830476,1.3904761,1.0204761,1.3904761,2.130476,2.7304761,4.090476,4.270476,4.190476,3.2104762,3.170476,1.6504761,0.040476073,-0.55952394,-1.0095239,-0.6395239,-0.5195239,-0.27952394,0.30047607,0.9704761,-0.73952395,-0.039523926,-0.43952394,1.7604761,3.4404762,3.770476,4.260476,3.9604762,5.050476,5.430476,7.000476,7.090476,6.750476,6.990476,7.790476,8.130476,7.780476,7.880476,6.840476,8.150476,8.120476,8.320477,8.580476,8.580476,8.770476,9.950476,9.340476
4.790476,5.860476,5.640476,5.130476,6.230476,6.840476,7.0804763,6.290476,3.9704762,3.340476,2.360476,1.7604761,1.840476,2.030476,3.120476,3.560476,2.9304762,3.140476,2.790476,3.9504762,3.420476,2.810476,0.31047606,0.33047608,0.31047606,-0.5095239,-1.1095239,-0.8295239,-0.099523924,0.5304761,0.9604761,-0.3395239,0.94047606,2.1904762,3.570476,2.9804761,3.590476,3.830476,4.720476,6.130476,5.680476,6.680476,7.570476,7.630476,7.780476,7.750476,8.000476,8.410476,7.360476,7.670476,7.540476,8.010476,7.3304763,7.640476,8.320477,7.460476,7.460476,7.970476
-1.049524,-1.2495239,-0.8395239,-1.539524,-0.18952392,-0.06952392,-0.80952394,-1.4695239,-1.799524,-1.1295239,0.46047607,1.570476,2.520476,2.920476,3.350476,3.7304761,3.9304762,3.370476,2.7204762,3.050476,2.7204762,1.8704761,0.080476075,-0.9695239,-0.7095239,-0.12952393,-1.3395239,-1.049524,1.0404761,2.350476,0.32047608,0.48047608,0.9704761,2.330476,3.090476,1.840476,4.530476,5.550476,4.660476,5.8504763,6.5804763,6.760476,6.770476,6.780476,7.530476,7.380476,7.480476,7.450476,6.820476,6.410476,6.510476,6.680476,6.700476,6.180476,5.540476,5.200476,2.660476,1.0404761
-0.37952393,0.11047608,1.1504761,0.63047606,1.340476,1.840476,1.0104761,0.46047607,0.9004761,2.010476,1.4304761,2.2404761,2.7004762,2.640476,2.7304761,3.0004761,3.7404761,3.420476,2.600476,2.340476,3.160476,1.0104761,-0.099523924,0.51047605,-0.43952394,0.88047606,0.9804761,1.0004761,1.0404761,1.4904761,1.9404761,1.970476,1.5604761,1.450476,1.840476,3.770476,4.430476,3.2504761,3.870476,5.170476,6.240476,5.0804763,6.110476,6.020476,6.8104763,7.200476,6.490476,6.790476,6.320476,6.020476,5.380476,4.660476,3.520476,4.0604763,2.580476,1.6604761,1.1904761,2.060476
0.5204761,0.7904761,1.0304761,1.8104761,1.4004761,1.4104761,1.9404761,2.110476,1.8804761,1.820476,1.9004761,2.6904762,2.800476,2.420476,3.340476,3.810476,3.2104762,2.4504762,2.2304761,1.1704761,-0.28952393,-1.269524,-1.4795239,-0.42952392,0.63047606,1.7904761,1.8004761,1.1604761,1.610476,2.330476,2.880476,2.7504761,3.100476,3.170476,3.360476,3.560476,3.9404762,4.5804763,4.780476,5.380476,5.6204762,5.790476,5.490476,5.5604763,5.840476,6.200476,5.550476,5.200476,5.000476,4.440476,4.150476,3.4904761,2.2104762,2.080476,1.1604761,0.82047606,0.45047608,0.5304761
-4.1295238,-3.659524,-2.739524,-1.889524,-1.0895239,0.7904761,3.040476,4.090476,4.400476,3.830476,3.4604762,3.870476,4.030476,3.360476,3.260476,3.370476,2.570476,1.2404761,-2.329524,-3.0395238,-3.719524,-4.179524,-3.489524,-1.429524,0.4104761,0.28047606,1.9304761,2.330476,1.1804761,1.5204761,2.310476,2.9604762,2.870476,2.590476,3.100476,4.220476,4.270476,4.670476,5.440476,5.640476,5.490476,5.260476,5.010476,5.3304763,5.360476,5.530476,4.520476,3.520476,3.510476,2.610476,1.360476,1.3104761,-0.059523925,0.27047607,-0.56952393,-0.5395239,-0.8495239,-1.1895239
-4.619524,-3.929524,-3.2895238,-2.5495238,-1.909524,-1.419524,-0.54952395,0.14047608,0.39047608,0.7304761,3.7204762,5.6004763,3.7504761,3.7204762,2.350476,-2.839524,-5.9395237,-6.099524,-6.539524,-6.679524,-5.889524,-4.6295238,-3.139524,-1.399524,0.28047606,1.340476,2.020476,1.1604761,1.6704761,1.9204761,2.060476,2.020476,2.830476,3.340476,4.070476,3.9404762,4.670476,5.280476,5.610476,5.140476,5.320476,4.840476,4.6004763,4.410476,4.660476,3.390476,1.950476,2.7204762,2.590476,1.330476,0.5504761,-1.7295239,-1.2595239,-0.3695239,-0.55952394,-5.6495237,-5.1695237,-5.259524
-4.819524,-4.109524,-3.679524,-2.929524,-2.629524,-1.9795239,-1.7295239,-2.089524,-3.0095239,-4.739524,-5.639524,-6.3995237,-7.289524,-7.749524,-7.829524,-7.849524,-8.029524,-7.559524,-6.509524,-5.639524,-4.239524,-3.0095239,-1.7295239,0.40047607,1.4904761,1.1804761,0.9004761,1.6304761,2.170476,2.370476,2.860476,2.870476,3.4804761,3.9304762,4.110476,4.760476,5.280476,5.090476,4.390476,4.500476,3.800476,2.590476,1.6204761,0.16047607,-1.2295239,-0.80952394,0.13047607,-0.55952394,-0.62952393,-0.5295239,-0.46952394,-1.6295239,-3.2795238,-7.109524,-8.339524,-7.489524,-7.479524,-7.289524
