json/gfs_20240721_18.json
{"header": { "discipline":0, "disciplineName":"Meteorological products", "gribEdition":2, "gribLength":80003, "center":7, "centerName":"US National Weather Service - NCEP(WMC)", "subcenter":0, "refTime":"2024-07-21T18:00:00.000Z", "significanceOfRT":1, "significanceOfRTName":"Start of forecast", "productStatus":0, "productStatusName":"Operational products", "productType":1, "productTypeName":"Forecast products", "productDefinitionTemplate":0, "productDefinitionTemplateName":"Analysis/forecast at horizontal level/layer at a point in time", "parameterCategory":2, "parameterCategoryName":"Momentum", "parameterNumber":3, "parameterNumberName":"V-component_of_wind", "parameterUnit":"m.s-1", "genProcessType":2, "genProcessTypeName":"Forecast", "forecastTime":0, "surface1Type":103, "surface1TypeName":"Specified height level above ground", "surface1Value":10.0, "surface2Type":255, "surface2TypeName":"Missing", "surface2Value":0.0, "gridDefinitionTemplate":0, "gridDefinitionTemplateName":"Latitude_Longitude", "numberPoints":65160, "shape":6, "shapeName":"Earth spherical with radius of 6,371,229.0 m", "gridUnits":"degrees", "resolution":48, "winds":"true", "scanMode":0, "nx":360, "ny":181, "basicAngle":0, "lo1":0.0, "la1":90.0, "lo2":359.0, "la2":-90.0, "dx":1.0, "dy":1.0 }, "data":
[rows 130 to 155 of 181, columns 0 to 58 of 360]
-14.739837,-12.589836,-11.989837,-10.979836,-9.279837,-8.089836,-6.5998363,-5.1998363,-3.0398364,-2.2998364,-1.7798364,-1.2198365,0.23016357,1.4601636,1.7201636,2.0201635,2.7501636,2.9401636,2.8501635,2.1401637,0.6701636,-0.75983644,-0.16983643,-0.14983642,-3.7598364,-2.4698365,-6.6498365,-6.3698363,-4.2498364,-1.1098365,1.0601636,1.7601635,1.5701636,2.6601636,3.2201636,3.1501637,3.6001635,3.7501636,3.9301636,3.8401635,-4.509836,0.69016355,4.8001637,-0.9798364,-0.4398364,-0.34983644,2.1101637,3.8301635,4.740164,4.1901636,4.3701634,3.6301637,4.280164,4.760164,6.0601635,4.3801637,-0.45983642,-0.75983644,-8.889836
-13.929836,-12.109837,-10.429836,-8.549836,-7.0998363,-6.1298366,-5.489836,-4.3498363,-2.9898365,-2.4698365,-1.0598364,0.7701636,1.7301636,2.7201636,3.3201635,2.9601636,3.7801635,4.6501637,4.3101635,3.6801636,1.5501636,-0.63983643,-0.13983643,0.82016355,-3.5098364,-4.5298367,-8.029837,-5.8798366,-3.7198365,-2.7698364,-1.9898365,-0.69983643,1.1001636,2.7001636,2.7701635,2.6601636,3.9401636,2.8001635,1.5701636,1.1401635,3.0701635,4.7701635,3.4501636,3.0101635,-1.8598365,-2.2798364,-0.56983644,1.0801636,2.3601637,4.4101634,4.4201636,2.2601635,4.6501637,4.990164,5.2001634,5.7901635,6.7201633,0.62016356,-2.1098363
-11.669836,-10.799836,-9.879836,-8.749836,-7.0698366,-6.1598363,-5.1398363,-4.0498366,-3.2498364,-1.7598364,-0.16983643,1.6301636,2.0101635,4.0801635,5.1601634,6.3901634,7.4501634,7.7301636,8.490164,9.260163,8.3101635,2.0301635,2.6801636,-1.5198364,-2.1998365,-3.8698363,0.5201636,-5.5898366,-4.8998365,-4.0398364,-3.1698365,-2.0198364,0.25016358,2.0601635,2.2801635,1.8201636,3.2601635,2.5001636,1.2301636,2.5001636,1.1301636,1.8401636,2.7401636,3.1701636,3.1901636,0.2801636,-3.2198365,-2.0698364,-0.24983643,-0.039836425,3.0301635,4.0901637,4.010164,4.1601634,4.5601635,5.3601637,5.1901636,4.2101636,-0.98983645
-11.739837,-10.569837,-9.639836,-8.489837,-7.4398365,-6.1898365,-4.8598366,-3.7098365,-2.9498365,-1.0098364,0.47016358,1.4801636,2.4301636,4.2001634,3.8801637,5.4301634,5.9501634,6.760164,7.3401637,6.8201637,7.280164,6.5701637,7.2701635,-0.33983642,-5.4998364,-5.2898364,-7.8798366,-6.5498366,-4.5298367,-4.5998363,-3.3998365,-2.5898364,-1.7298365,-0.94983643,0.30016357,0.0101635745,-0.14983642,0.7801636,0.3101636,0.7001636,0.19016357,0.09016357,0.23016357,0.09016357,2.4201636,3.0601635,2.0901635,-6.0398364,-4.8998365,-3.9698365,-1.9698365,0.8301636,3.0201635,3.1201637,2.5801635,3.6201637,3.8401635,3.1901636,0.99016356
-12.069837,-11.219836,-9.869837,-8.139836,-6.7798367,-6.2698364,-4.9098363,-3.7398365,-2.4098365,-1.0898365,-0.31983644,1.7401636,2.7501636,3.5701635,3.7901635,4.8401637,6.9301634,8.370164,8.010163,8.100163,8.070164,6.2001634,6.0401635,-0.81983644,-5.7498364,-3.8098364,-5.3398366,-4.6298366,-4.2498364,-4.5398364,-4.7998366,-2.2098365,-1.2998364,-0.48983642,-0.8998364,-0.9798364,-1.8998364,-1.0798364,0.2801636,-1.0498364,-0.089836426,-0.15983643,0.060163572,-2.3898363,-0.7098364,1.2001636,1.3801636,-1.2898364,-5.9098363,-6.4498363,-4.9498363,-2.7098365,-0.7898364,1.2601635,1.7901635,2.0301635,2.9801636,2.0101635,2.0901635
-12.149837,-10.989837,-9.999836,-9.109837,-8.089836,-6.489836,-4.8398366,-3.9098365,-1.7798364,-0.88983643,0.75016356,1.9201636,2.7301636,3.5801635,4.1601634,5.5901637,8.300163,9.270164,8.850163,7.2301636,7.1901636,5.0701637,1.1801636,1.3401636,-1.5398364,-2.4198365,-4.3398366,-3.0998363,-4.4798365,-6.1798363,-6.739836,-3.8898363,-2.5098364,-2.6398363,-2.2498364,-2.3798363,-1.0798364,-1.1498364,-1.2298365,-2.0298364,-0.38983643,-0.059836425,-2.0498364,-3.6198363,-2.8298364,-0.009836426,0.080163576,0.22016357,-1.2698364,-6.6398363,-7.1698365,-5.6398363,-3.8398364,-2.2098365,0.32016358,0.25016358,0.7701636,1.6901636,0.07016358
-11.869837,-11.229836,-9.999836,-9.089836,-7.719836,-6.0898366,-5.3298364,-3.6798365,-2.2098365,-0.39983642,1.1001636,1.6401635,3.2501636,4.4001637,4.9401636,6.4201636,7.4501634,8.500164,8.920163,8.840163,8.220163,4.1701636,2.7101636,0.87016356,1.0401635,-1.3898364,-1.6798364,-2.6098363,-3.8898363,-5.6398363,-6.259836,-5.4298363,-3.6898365,-2.2398365,-3.0998363,-3.4298365,-2.0898364,-2.4598365,-2.5298364,-2.4298365,-2.0598364,-0.81983644,-1.7898364,-1.4198364,-4.469836,-2.1398363,0.2801636,0.030163575,1.1401635,1.7501636,-9.169836,-7.759836,-5.6998363,-3.9198365,-2.3298364,-1.2898364,-1.2598364,-2.0598364,-1.7898364
-12.299836,-11.559836,-10.589836,-9.289837,-7.7098365,-6.6198363,-5.1098366,-3.2998364,-2.1398363,0.060163572,1.0301635,3.0701635,4.3701634,4.9101634,5.6401634,6.3301635,6.8101635,7.0501637,7.4201636,7.3201637,7.7901635,7.3201637,4.7301636,4.1201634,6.6801634,-0.48983642,-1.8698364,-1.1998364,-2.2098365,-4.219836,-5.8398366,-5.5898366,-3.6098363,-3.7698364,-4.1898365,-4.5498366,-4.009836,-3.8798363,-3.0698364,-3.5798364,-3.2698364,-2.7998364,-1.4298364,-1.5798364,-4.3598366,-3.2298365,-1.3098364,0.82016355,-0.19983643,5.1101637,-5.2098365,-9.289837,-7.5498366,-4.6498365,-2.6098363,-2.1798365,-2.9698365,-3.7298365,-3.5398364
-13.459836,-11.919836,-10.949837,-8.9398365,-7.7698364,-6.0598364,-4.9798365,-3.8498363,-1.5698364,0.19016357,2.0301635,2.9701636,3.6301637,4.760164,6.0901637,6.760164,7.1001635,6.8101635,6.9701633,7.2701635,6.9501634,6.5201635,5.7201633,5.3801637,3.9701636,3.5001636,2.3901637,0.74016356,-2.2498364,-1.0498364,-2.3898363,-1.8098364,-3.7998364,-4.2098365,-4.6198363,-4.4398365,-5.0798364,-5.0598364,-3.8998365,-4.5298367,-4.6598363,-5.1098366,-3.4198365,-2.6298363,-3.0898364,-3.0798364,-3.1198363,-1.9698365,-0.31983644,2.3701637,0.6701636,-11.289837,-8.499836,-5.2798367,-3.0698364,-3.0298364,-4.5198364,-5.1098366,-6.0398364
-12.799836,-11.619837,-10.119837,-9.069837,-7.8998365,-6.3998365,-6.6598363,-2.8098364,-1.5598364,0.30016357,1.5801636,3.0901635,4.1201634,5.4801636,6.7901635,6.6601634,6.9601636,7.0601635,7.0801635,6.6301637,7.0801635,6.7901635,6.9601636,6.1701636,5.3901634,4.8001637,3.8201635,2.5801635,1.0101635,-0.8498364,-1.2498364,-2.1898365,-2.9098365,-3.4698365,-4.3898363,-3.1998365,-4.3898363,-5.0198364,-3.4998364,-2.8998365,-5.6698365,-5.2798367,-5.6198363,-4.1498365,-3.3598363,-4.5198364,-3.3798363,-2.0698364,-0.94983643,1.6101636,-9.759836,-10.949837,-7.3198366,-5.5398364,-2.8898363,-4.719836,-5.6898365,-6.5498366,-5.8998365
-12.629836,-11.629836,-10.009836,-8.729836,-7.2798367,-6.3898363,-4.3898363,-3.8998365,-1.4798365,0.42016357,2.6501637,2.8701637,4.8601637,5.7501636,6.6501637,6.260164,6.260164,6.8201637,7.3501635,7.3801637,7.6101637,7.7701635,7.4201636,6.6401634,5.9201636,5.1901636,3.6201637,1.6801636,0.0101635745,-0.5798364,-0.059836425,-0.22983642,-1.6598364,-3.1598365,-3.5798364,-3.3898363,-4.1198363,-5.8898363,-3.6498365,-4.2698364,-5.5498366,-5.1998363,-6.1598363,-4.9998364,-4.469836,-3.8998365,-1.9998364,-1.9698365,-1.2798364,-0.8498364,-8.839836,-8.119837,-6.1398363,-5.8398366,-4.2498364,-8.009836,-7.4398365,-7.6098366,-6.2698364
-11.459836,-10.869837,-9.919836,-8.899837,-8.059836,-6.8198366,-5.1098366,-3.5798364,-0.4398364,1.4901636,2.6801636,4.2001634,5.0001636,5.4301634,6.2701635,7.0001636,7.280164,7.5001636,7.4601636,7.9401636,8.150164,8.240164,7.3201637,6.780164,5.6701636,5.8401637,5.510164,4.3801637,3.8701637,-0.4698364,-0.9598364,-2.1098363,-2.1298363,-2.6198363,-5.5498366,-2.3398364,-2.6098363,-6.5598364,-5.009836,-5.1598363,-4.4098363,-5.0198364,-5.4298363,-5.6598363,-5.1698365,-3.8298364,-2.5198364,-2.3898363,-3.6798365,1.1001636,-9.919836,-6.7298365,-3.6498365,-5.0898366,-11.009836,-9.009836,-8.829837,-7.4998364,-5.8098364
-11.179836,-10.499836,-9.539837,-9.069837,-7.509836,-6.5498366,-4.7098365,-1.4598365,0.9001636,2.3301635,3.7901635,4.760164,5.760164,6.4701633,6.8501635,7.6001635,7.7301636,8.360164,7.8601637,8.200164,8.320164,7.4701633,6.9301634,6.3601637,6.030164,4.5801635,4.9501634,4.1301637,3.2101636,2.5501635,1.7901635,1.3801636,1.9501636,-6.8698363,-3.8698363,-4.1398363,-4.3898363,-4.8898363,-5.9398365,-5.5998363,-5.4098363,-6.3498363,-5.3498363,-5.7098365,-5.3498363,-4.8298364,-3.7898364,-3.8498363,-5.8698363,-5.0798364,-10.169836,-6.9998364,-6.9498363,-8.739837,-8.539837,-8.839836,-7.6998363,-6.8898363,-5.9998364
-10.919836,-10.419836,-9.859837,-8.309836,-7.2498364,-5.7798367,-2.4198365,0.42016357,1.8201636,3.7001636,4.4201636,5.5201635,7.0701637,7.2101636,7.4401636,7.9201636,8.010163,8.590163,7.9801636,8.720163,8.160164,7.3001637,7.3701634,6.9801636,6.5701637,5.1601634,3.5301635,2.7101636,2.3401635,1.5501636,0.7301636,-0.5798364,-1.5398364,-1.5598364,-2.9798365,-3.6398363,-4.489836,-5.3198366,-4.989836,-6.0398364,-6.2898364,-6.1898365,-5.9198365,-5.7698364,-5.5498366,-5.2098365,-5.0898366,-6.5498366,-7.9398365,-7.9198365,-10.1898365,-8.899837,-7.3298364,-10.559836,-9.769836,-8.819837,-7.5698366,-7.3598366,-6.0198364
-10.819837,-9.979836,-8.829837,-7.8898363,-6.3798366,-3.4098365,-0.8298364,0.94016355,2.6901636,4.0201635,5.0401635,6.3601637,6.8801637,6.5701637,7.2901635,8.180163,9.050163,9.510163,8.660164,8.530164,8.680163,8.550163,8.070164,6.7901635,5.6401634,4.2901635,3.6601636,2.5501635,1.7601635,0.8301636,-0.049836427,-1.1998364,-2.2898364,-2.8998365,-3.9898365,-4.9398365,-5.7098365,-6.1698365,-6.6798363,-6.7498364,-7.1298366,-7.1398363,-6.8098364,-6.3398366,-5.719836,-0.9798364,-3.7798364,-11.859837,-10.279837,-11.6898365,-12.029837,-10.299836,-9.179836,-10.379836,-10.019836,-9.449837,-8.119837,-7.3798366,-6.4998364
-10.259836,-9.059836,-7.8898363,-6.1398363,-4.2798367,-2.0598364,0.33016357,2.1501637,3.9601636,5.6601634,6.5801635,6.8601637,7.3201637,7.5501637,8.260163,8.730164,9.5601635,9.540164,9.770164,10.130163,10.050163,8.930163,7.990164,7.1801634,6.7501636,5.6601634,4.6601634,2.8001635,1.0001636,-1.0698364,-2.3098364,-3.1198363,-3.8698363,-4.8098364,-5.469836,-6.2098365,-6.8398366,-7.1598363,-7.8898363,-7.8598366,-7.9098363,-7.8498363,-7.5398364,-8.219836,-8.039837,-7.3098364,-6.2498364,-5.3998365,-5.7798367,-11.719836,-12.329837,-10.419836,-9.209836,-8.529837,-7.5998363,-7.0798364,-8.129836,-7.9798365,-6.8798366
-8.609837,-8.019836,-6.9598365,-5.1598363,-2.7498364,-0.7098364,2.2401636,4.0001636,5.2301636,6.4001637,7.1801634,7.1901636,8.760163,9.670163,10.100163,10.750164,10.930163,11.680163,11.290164,11.210163,11.170163,10.870164,9.760163,8.120164,7.6701636,6.8801637,4.6301637,1.4001635,0.74016356,-1.4098364,-1.8498365,-3.4298365,-5.009836,-6.2298365,-7.3398366,-8.279837,-8.529837,-8.749836,-9.269836,-8.889836,-8.089836,-8.329837,-8.449837,-9.169836,-9.829837,-8.579837,-8.889836,-8.149837,-7.5298367,-7.1998363,-8.149837,-7.2998366,-7.4798365,-7.6298366,-6.6698365,-8.039837,-8.869837,-7.9598365,-7.6298366
-7.6698365,-6.9398365,-5.3198366,-3.3698363,-0.98983645,1.7601635,2.9101636,4.0201635,5.8201637,6.7101636,7.8401637,8.700164,9.400164,10.420163,11.300163,12.500164,12.200164,12.200164,12.760163,12.480164,11.950164,11.360164,13.050163,12.570164,6.9201636,9.480164,10.040164,9.660164,6.8301635,3.8201635,1.5001636,-1.9898365,-4.4598365,-9.119837,-9.069837,-9.379836,-9.799836,-10.609837,-11.039837,-10.239837,-9.489837,-9.099836,-9.289837,-10.569837,-10.179836,-9.929836,-9.429836,-8.309836,-8.789837,-7.3998365,-7.0398364,-7.3898363,-6.0398364,-8.019836,-8.739837,-8.009836,-7.8098364,-8.009836,-7.0298367
-4.9598365,-3.7098365,-3.1698365,-1.4598365,0.3101636,1.1001636,3.3701637,2.6901636,5.1101637,5.4801636,6.9601636,8.680163,9.400164,10.740164,11.210163,12.780164,13.140163,13.670163,13.420163,11.630163,12.540164,10.030164,10.860164,11.740164,11.210163,10.980164,11.460163,11.660164,9.880163,8.880163,6.3901634,4.3801637,-0.009836426,-7.2898364,-9.109837,-9.129836,-9.949837,-12.279837,-11.259836,-10.839836,-10.599836,-10.239837,-10.199837,-10.369837,-9.919836,-9.219836,-8.669836,-7.9298363,-7.3598366,-7.6798363,-7.5498366,-7.0698366,-9.119837,-9.409837,-8.139836,-8.199837,-8.489837,-7.4298363,-6.0798364
-4.1398363,-2.4498365,-1.4098364,-0.47983643,0.80016357,1.6701636,3.9201636,2.3501635,3.8101635,5.280164,6.8001637,6.740164,6.280164,9.100163,9.730164,11.890163,11.660164,12.140163,9.420163,11.000164,11.730164,10.970163,11.590163,12.120164,12.650164,12.240164,12.470163,13.500164,11.580164,10.380163,8.5601635,5.9801636,5.030164,3.0801635,-3.1598365,-6.4798365,-7.759836,-8.629836,-9.979836,-10.039837,-10.169836,-10.109837,-10.039837,-9.929836,-8.569837,-8.219836,-6.4398365,-9.219836,-8.619837,-8.559836,-8.579837,-7.9798365,-7.5598364,-7.239836,-7.219836,-7.3898363,-6.5798364,-5.6298366,-4.969836
-3.2898364,-2.3098364,-0.69983643,2.6701636,2.4101636,2.0301635,4.3401637,3.8301635,4.6201634,5.760164,5.1901636,6.3401637,9.080164,9.400164,9.450164,9.250164,10.240164,5.4801636,6.1901636,8.010163,10.410164,10.800163,10.830164,11.100163,11.390163,11.910164,11.610164,11.920163,11.830164,10.620164,10.790164,7.6301637,5.3101635,3.1801636,0.11016358,-2.2798364,-5.1198363,-6.1698365,-7.5898366,-8.289837,-8.539837,-9.1898365,-9.1898365,-8.959836,-7.2798367,-9.419836,-9.099836,-7.9798365,-7.4298363,-7.4198365,-7.4398365,-7.4398365,-7.1998363,-7.3298364,-6.8998365,-6.4398365,-5.7798367,-4.9798365,-4.4498363
-1.1498364,0.21016358,1.5701636,2.0701635,3.8701637,3.9401636,4.4001637,5.8501635,4.990164,5.6001635,6.3401637,7.7101636,7.8201637,8.930163,8.140163,8.120164,5.4401636,4.3301635,6.3601637,6.3101635,6.7501636,7.2501636,7.8901634,8.210163,8.380163,8.870164,9.280164,10.130163,9.620164,8.820164,8.3101635,8.020164,5.5601635,3.8601637,2.1901636,0.61016357,-0.7198364,-2.1498365,-3.9098365,-5.1498365,-5.7898364,-6.3998365,-7.0498366,-7.3598366,-7.3798366,-7.6998363,-7.3798366,-6.9598365,-7.0398364,-6.7298365,-6.1998363,-6.5398364,-6.6198363,-6.5198364,-5.0798364,-4.8098364,-3.8998365,-3.8898363,-3.4598365
0.7001636,1.2001636,2.0601635,2.0401635,2.2101636,3.2401636,3.9601636,4.5601635,4.8901634,5.4801636,7.0901637,7.3301635,7.4601636,7.280164,7.0501637,6.0001636,3.8601637,4.3901634,4.0901637,5.1801634,5.6501637,5.8801637,6.1901636,6.6401634,7.010164,7.1901636,7.1001635,6.6301637,6.4301634,5.7301636,4.6701636,4.4501634,4.0001636,3.3101635,2.5901635,1.8401636,1.0701636,-0.21983643,-0.18983643,-1.0398364,-1.4598365,-2.2798364,-2.8798363,-3.0098364,-3.3798363,-3.3998365,-3.0898364,-3.2298365,-4.009836,-4.6298366,-4.6698365,-4.9798365,-5.3498363,-4.9098363,-5.6298366,-3.6098363,-3.2798364,-2.7798364,-1.0698364
1.1301636,1.8901635,2.2901635,3.1901636,3.5601635,3.7401636,4.010164,4.2201633,4.2701635,4.5701637,5.3101635,5.7001634,6.3501635,7.490164,6.9101634,6.9401636,5.780164,4.3001637,4.9601636,7.3201637,6.1601634,7.280164,7.0901637,8.440164,8.910164,8.890163,8.730164,8.0601635,8.400164,6.990164,1.5301635,-1.7898364,-1.2198365,-0.38983643,-0.07983643,-0.25983644,-0.5398364,-0.8998364,-1.0398364,-1.5898365,-1.7998364,-2.5398364,-3.0798364,-3.5898364,-2.3498363,-3.4798365,-2.3698363,-1.5798364,-0.38983643,-0.24983643,-0.6598364,-1.1298364,-1.0298364,-0.55983645,0.20016357,0.9801636,0.9701636,0.6701636,0.42016357
1.8601636,2.7801635,4.1301637,4.9201636,4.9401636,4.3501635,3.8501635,3.6101637,3.7301636,4.1601634,4.1701636,4.010164,4.8301635,5.1601634,5.1001635,5.030164,4.6201634,4.7901635,5.7701635,5.8001637,6.6801634,6.9501634,9.460163,9.960163,9.850163,10.120164,9.740164,10.420163,9.250164,8.350163,7.6801634,6.8901634,6.6201634,5.3901634,4.5401635,4.2101636,3.9201636,3.6101637,3.2201636,2.6801636,2.2501636,1.5501636,1.0601636,0.42016357,0.17016357,0.16016358,0.10016357,0.16016358,0.81016356,0.47016358,0.99016356,1.1901636,1.5201635,1.4301636,1.6601635,1.9101635,1.9301636,2.0301635,1.4601636
3.4301636,4.260164,4.6001635,4.6101637,3.7701635,3.7301636,3.7301636,4.0901637,5.260164,5.3301635,5.0201635,4.6401634,4.4301634,4.0901637,4.0201635,4.1001635,4.2301636,4.5201635,4.7701635,5.4101634,5.8601637,6.3001637,6.5901637,7.7301636,7.9401636,8.020164,7.1301637,7.1301637,7.280164,6.8501635,6.9801636,7.5201635,7.0901637,6.1701636,5.3601637,5.4401636,5.2501636,5.0701637,4.3501635,3.9301636,3.4701636,3.1201637,2.9101636,2.6101637,2.2401636,1.9501636,1.9101635,1.6801636,1.4501636,0.99016356,0.6601636,0.6601636,0.7301636,0.41016358,0.7101636,1.6901636,2.1101637,1.7901635,1.2701635
