json/gfs_20240719_06.json
{"header": { "discipline":0, "disciplineName":"Meteorological products", "gribEdition":2, "gribLength":79339, "center":7, "centerName":"US National Weather Service - NCEP(WMC)", "subcenter":0, "refTime":"2024-07-19T06:00:00.000Z", "significanceOfRT":1, "significanceOfRTName":"Start of forecast", "productStatus":0, "productStatusName":"Operational products", "productType":1, "productTypeName":"Forecast products", "productDefinitionTemplate":0, "productDefinitionTemplateName":"Analysis/forecast at horizontal level/layer at a point in time", "parameterCategory":2, "parameterCategoryName":"Momentum", "parameterNumber":2, "parameterNumberName":"U-component_of_wind", "parameterUnit":"m.s-1", "genProcessType":2, "genProcessTypeName":"Forecast", "forecastTime":0, "surface1Type":103, "surface1TypeName":"Specified height level above ground", "surface1Value":10.0, "surface2Type":255, "surface2TypeName":"Missing", "surface2Value":0.0, "gridDefinitionTemplate":0, "gridDefinitionTemplateName":"Latitude_Longitude", "numberPoints":65160, "shape":6, "shapeName":"Earth spherical with radius of 6,371,229.0 m", "gridUnits":"degrees", "resolution":48, "winds":"true", "scanMode":0, "nx":360, "ny":181, "basicAngle":0, "lo1":0.0, "la1":90.0, "lo2":359.0, "la2":-90.0, "dx":1.0, "dy":1.0 }, "data":
[rows 52 to 77 of 181, columns 174 to 231 of 360]
0.76288086,4.512881,2.092881,0.83288085,-0.25711915,-0.86711913,-0.42711914,-0.18711914,-1.0471191,-0.37711915,-1.7771192,-1.7571192,-2.5171192,-3.0071192,-3.7871192,-3.657119,-3.877119,-3.7671192,-2.607119,-0.98711914,-1.9671191,-2.7371192,-2.897119,-2.3071191,-1.7971191,-1.5471191,-1.2071191,-1.0371192,-1.1571192,-1.2771192,-0.91711915,-0.38711914,0.58288085,0.012880859,2.5228808,2.5328808,2.4428809,1.8828808,1.7128808,1.0128808,1.5028808,1.0628809,0.88288087,0.0028808594,-1.2571192,-0.5071191,-1.2871192,-2.617119,-2.7771192,-2.407119,-2.7871192,-0.67711914,2.1928809,2.8128808,3.142881,3.7628808,3.7128808,3.852881
2.8028808,3.342881,0.5628809,-0.35711914,-1.2471192,-1.2271191,-1.2071191,-1.0271192,-2.0471191,-1.1871191,-2.7071192,-2.9371192,-4.127119,-4.547119,-3.2771192,-5.417119,-4.5971193,-4.417119,-4.947119,-3.117119,-3.0471191,-4.1571193,-3.2471192,-2.5671191,-2.387119,-2.337119,-1.9171191,-2.0471191,-1.5771191,-1.5571191,-0.36711913,0.012880859,0.27288085,0.23288086,0.36288086,-0.19711915,-0.47711915,-0.84711915,-1.2271191,-0.24711914,-0.35711914,-1.1071191,-1.0671191,-0.54711914,0.54288083,-0.64711916,-1.4171191,0.8128809,-0.03711914,0.84288085,1.5728809,3.5128808,1.9528809,2.662881,2.842881,3.2528808,3.352881,3.4528809
3.9428809,3.2828808,1.2128808,-0.48711914,-1.4471191,-2.357119,-2.2671192,-1.2971191,-0.8771191,-2.407119,-3.0071192,-3.2271192,-4.757119,-4.767119,-4.8871193,-4.267119,-4.417119,-5.047119,-6.217119,-5.127119,-4.737119,-5.6171193,-5.007119,-4.017119,-3.7171192,-4.047119,-3.4271193,-2.6871192,-1.8871192,-1.9171191,-2.7471192,-2.887119,-2.097119,-1.8771192,-2.357119,-2.2571192,-1.9571191,-1.8071191,-3.4371192,-2.2571192,-1.8871192,-2.0371192,-1.7671192,-1.2371192,-1.0571191,-1.0571191,-1.4871192,-1.4071192,-1.4671191,-1.2571192,2.2928808,2.592881,1.8328809,2.4428809,2.4328809,2.592881,2.7328808,2.4428809
2.2728808,2.5128808,0.57288086,-1.2071191,-2.3171191,-2.117119,-0.70711917,-2.4471192,-2.9371192,-3.2271192,-2.117119,-3.5371192,-4.047119,-5.317119,-5.167119,-5.6371193,-6.067119,-6.1571193,-6.317119,-6.067119,-5.6771193,-6.4271193,-5.5971193,-5.467119,-4.8671193,-4.797119,-4.857119,-4.6771193,-4.207119,-4.6771193,-4.107119,-4.167119,-3.377119,-3.0171192,-3.9771192,-4.857119,-4.167119,-4.5571194,-5.017119,-4.4071193,-4.197119,-4.167119,-3.627119,-3.617119,-2.857119,-2.4571192,-1.8871192,-1.4171191,-0.29711914,3.0228808,1.5728809,2.342881,1.6328808,1.9628808,1.5928808,1.7028809,1.2628808,1.4928808
1.8328809,2.0428808,1.1928809,0.012880859,-1.8671192,-2.847119,-2.2071192,-2.627119,-4.187119,-3.637119,-3.577119,-4.3471193,-4.437119,-4.487119,-5.6171193,-6.227119,-5.727119,-6.817119,-7.357119,-7.397119,-6.957119,-6.497119,-5.8471193,-6.3071194,-6.127119,-6.527119,-6.1771193,-5.717119,-5.8271194,-5.127119,-5.697119,-5.037119,-3.837119,-3.7271192,-4.457119,-4.587119,-4.437119,-5.3071194,-5.647119,-5.257119,-4.9071193,-4.967119,-4.5571194,-3.4771192,-2.637119,-1.8271191,-1.0871191,-1.0671191,1.7928809,1.8328809,0.8028809,0.78288084,1.2928809,0.38288087,0.35288087,0.46288085,0.14288086,0.19288085
1.7228808,1.6528809,0.8128809,-0.19711915,-1.5071192,-3.1871192,-3.4671192,-3.4771192,-4.777119,-3.837119,-4.667119,-4.487119,-4.857119,-4.607119,-5.667119,-6.0771194,-6.317119,-6.647119,-6.957119,-7.227119,-7.487119,-7.377119,-7.187119,-7.257119,-7.087119,-6.6771193,-6.6171193,-6.717119,-7.377119,-7.277119,-7.267119,-7.217119,-6.1171193,-5.5771194,-5.517119,-5.247119,-6.897119,-7.247119,-5.707119,-4.107119,-4.787119,-4.967119,-4.977119,-4.267119,-1.7371192,0.37288085,2.7928808,1.8728808,1.0628809,0.79288083,0.28288087,0.5028809,-0.77711916,-1.3771192,-0.79711914,-0.98711914,-1.4271191,-1.3671192
1.3328809,1.3728808,1.1228808,-0.23711914,-1.5671191,-2.9971192,-4.587119,-4.0771194,-4.237119,-4.477119,-4.627119,-4.737119,-4.6771193,-4.517119,-5.217119,-6.0571194,-6.717119,-6.1571193,-7.437119,-7.277119,-7.627119,-7.5571194,-7.587119,-7.3471193,-6.897119,-5.957119,-6.8471193,-5.877119,-6.337119,-6.6371193,-6.957119,-8.037119,-6.397119,-5.837119,-5.377119,-4.967119,-3.367119,-2.0271192,-3.2071192,-4.207119,-4.857119,-4.8271194,-1.7871192,0.15288086,-0.22711915,-0.27711913,0.60288084,0.18288086,-0.10711914,-0.18711914,-0.7571191,-0.7571191,-1.7971191,-2.107119,-2.647119,-1.8371191,-1.8671192,-1.7971191
0.6128809,0.5528809,0.53288084,-1.1271192,-1.6071191,-3.117119,-5.037119,-4.6371193,-3.9271193,-5.797119,-5.8871193,-5.817119,-5.397119,-5.467119,-4.997119,-5.947119,-6.667119,-6.397119,-7.377119,-7.1571193,-8.337119,-7.5571194,-7.027119,-6.507119,-6.537119,-5.977119,-5.377119,-4.937119,-5.937119,-4.747119,-3.607119,-3.2571192,-4.017119,-3.577119,-2.2971191,0.5028809,-0.8771191,-0.71711916,-1.7371192,-2.827119,-1.1871191,1.0128808,1.4928808,0.49288085,-0.24711914,-0.6271191,-0.5071191,-0.19711915,-1.2971191,-1.8171191,-1.8671192,-2.857119,-3.127119,-3.127119,-3.4771192,-3.147119,-2.647119,-2.407119
-0.017119141,-0.91711915,-1.0871191,-2.097119,-2.337119,-3.387119,-5.3471193,-4.937119,-5.3071194,-5.767119,-6.837119,-7.047119,-6.487119,-6.8871193,-6.477119,-6.3071194,-6.517119,-6.467119,-6.937119,-6.997119,-6.9271193,-6.727119,-6.507119,-5.8071194,-5.697119,-5.667119,-5.4271193,-3.877119,-3.9371192,-4.397119,-4.587119,-3.9671192,-3.327119,-2.2871192,-2.4471192,-2.3071191,-2.097119,-0.84711915,0.08288086,1.0328809,2.7728808,2.9428809,1.0128808,0.5528809,0.14288086,-0.59711915,-0.97711915,-1.8171191,-2.5271192,-3.0371192,-4.147119,-3.337119,-3.597119,-4.1371193,-4.087119,-3.647119,-3.407119,-2.9971192
-1.1071191,-2.2071192,-2.8071191,-2.637119,-3.4271193,-3.657119,-5.3271194,-5.0771194,-5.3471193,-4.487119,-4.8871193,-6.8271194,-7.717119,-7.917119,-8.097119,-6.537119,-6.627119,-6.017119,-6.317119,-6.147119,-6.417119,-5.997119,-5.4271193,-4.647119,-4.087119,-3.7771192,-3.9871192,-4.1571193,-3.2071192,-3.0071192,-2.9571192,-3.0471191,-2.367119,-2.657119,-2.357119,-2.9371192,-3.837119,0.6828809,0.8728809,1.8528808,1.3428808,0.95288086,-0.04711914,-0.49711913,-1.4471191,-1.9771191,-4.1371193,-3.4571192,-3.2871192,-4.447119,-4.8671193,-4.247119,-4.397119,-4.527119,-4.897119,-4.1171193,-4.4271193,-3.907119
-2.7471192,-3.387119,-3.107119,-3.857119,-3.377119,-4.087119,-4.687119,-5.1371193,-4.977119,-4.247119,-4.447119,-4.947119,-5.627119,-7.497119,-8.457119,-7.207119,-6.8271194,-6.687119,-6.067119,-6.0571194,-5.667119,-5.337119,-5.067119,-3.4771192,-2.627119,-3.157119,-2.9571192,-3.2171192,-2.7671192,-3.107119,-2.667119,-2.2271192,-3.127119,-0.79711914,1.1228808,0.5628809,-0.18711914,-0.45711914,-0.78711915,-0.43711913,-0.36711913,-1.5371192,-2.0371192,-2.157119,-3.4471192,-2.9771192,-3.9771192,-4.277119,-4.607119,-5.837119,-5.037119,-4.8671193,-4.837119,-4.9071193,-5.3071194,-5.017119,-4.737119,-4.1771193
-3.897119,-4.757119,-4.497119,-4.667119,-4.757119,-4.977119,-5.947119,-6.497119,-6.227119,-4.687119,-4.667119,-3.7271192,-6.127119,-6.6571193,-6.5771194,-7.877119,-8.037119,-7.5971193,-6.4271193,-6.047119,-5.8271194,-5.227119,-5.207119,-4.5971193,-3.907119,-3.4571192,-2.9471192,-4.067119,-2.4571192,-2.857119,-2.7971191,-0.71711916,-0.29711914,-0.16711915,-1.0571191,-1.2971191,-1.4071192,-1.5571191,-2.2571192,-2.2971191,-2.1971192,-2.2871192,-2.5371192,-3.0471191,-2.9771192,-3.4671192,-5.317119,-4.817119,-4.8471193,-5.477119,-5.5571194,-5.697119,-5.697119,-5.707119,-5.3071194,-5.107119,-4.727119,-4.3871193
-5.587119,-5.437119,-5.4071193,-5.8871193,-6.047119,-5.4271193,-6.697119,-6.697119,-5.507119,-5.4071193,-3.5071192,-4.8871193,-4.8671193,-6.857119,-6.767119,-5.5971193,-5.527119,-5.9071193,-6.787119,-6.787119,-6.227119,-6.1171193,-6.4271193,-6.267119,-5.487119,-4.487119,-4.237119,-1.8271191,-2.5571191,-2.357119,-3.0171192,-1.2271191,-2.2471192,-2.337119,-3.0271192,-1.9571191,-1.7471192,-2.877119,-3.367119,-3.167119,-5.8671193,-4.277119,-5.007119,-5.047119,-4.0571194,-4.027119,-4.517119,-5.477119,-5.187119,-5.687119,-5.6771193,-6.127119,-5.8871193,-6.0771194,-5.287119,-5.1571193,-5.3671193,-5.187119
-5.9271193,-6.127119,-5.857119,-5.997119,-6.377119,-7.297119,-7.1171193,-6.587119,-6.187119,-5.6171193,-5.897119,-4.647119,-4.537119,-6.3271194,-5.917119,-5.797119,-5.6771193,-6.107119,-6.5571194,-6.067119,-5.6571193,-4.6371193,-5.237119,-5.357119,-4.767119,-3.9871192,-3.2171192,-3.587119,-4.1171193,-4.237119,-3.6971192,-4.237119,-3.7871192,-4.227119,-4.497119,-4.267119,-5.247119,-5.227119,-4.437119,-5.5571194,-6.017119,-5.997119,-5.747119,-5.257119,-5.8271194,-5.3071194,-6.0971193,-6.447119,-5.717119,-5.5571194,-5.817119,-6.107119,-6.287119,-6.247119,-5.8671193,-5.4071193,-5.777119,-5.3271194
-7.247119,-7.0571194,-6.447119,-6.547119,-6.607119,-8.047119,-8.097119,-7.227119,-6.587119,-6.517119,-6.317119,-5.517119,-4.967119,-7.8271194,-6.957119,-6.257119,-6.787119,-5.767119,-6.607119,-5.567119,-5.6571193,-4.3071194,-4.217119,-4.477119,-5.527119,-5.1771193,-5.337119,-4.717119,-4.957119,-4.977119,-5.207119,-4.897119,-4.697119,-4.737119,-5.217119,-3.4471192,-5.937119,-5.397119,-4.487119,-5.0971193,-4.897119,-4.537119,-4.8871193,-5.797119,-6.8271194,-6.467119,-6.3471193,-6.047119,-6.0571194,-5.8871193,-6.087119,-6.107119,-6.1371193,-6.247119,-5.5971193,-5.627119,-5.627119,-5.877119
-7.357119,-7.447119,-7.297119,-5.717119,-5.777119,-6.757119,-7.287119,-7.477119,-7.227119,-6.5971193,-5.6571193,-6.007119,-5.6571193,-5.8471193,-7.147119,-6.987119,-4.8671193,-6.317119,-6.5971193,-6.017119,-5.437119,-5.697119,-5.187119,-4.9271193,-6.167119,-5.8071194,-5.767119,-5.797119,-6.437119,-5.707119,-5.747119,-5.627119,-5.1371193,-5.197119,-5.377119,-4.627119,-4.5771194,-4.227119,-4.757119,-5.287119,-5.717119,-5.3271194,-5.837119,-5.747119,-6.737119,-5.9271193,-6.017119,-6.357119,-6.317119,-6.0771194,-6.247119,-6.547119,-5.957119,-5.3471193,-5.287119,-6.187119,-6.497119,-7.037119
-7.297119,-7.027119,-6.267119,-5.967119,-5.957119,-5.967119,-6.857119,-7.437119,-7.5971193,-7.4271193,-6.967119,-5.8271194,-6.6371193,-6.487119,-6.227119,-6.627119,-6.257119,-6.777119,-6.877119,-6.607119,-6.3671193,-6.697119,-6.537119,-6.317119,-5.627119,-6.397119,1.8828808,-5.687119,-6.4071193,-6.8671193,-6.397119,-6.167119,-5.947119,-6.1771193,-6.227119,-4.877119,-4.5771194,-4.6571193,-5.357119,-5.3471193,-5.497119,-5.8471193,-5.4071193,-6.037119,-6.487119,-6.547119,-6.6771193,-6.5571194,-6.447119,-6.567119,-6.6771193,-6.5771194,-5.9071193,-4.447119,-5.877119,-6.377119,-7.5771194,-6.857119
-6.997119,-7.667119,-7.107119,-6.8071194,-6.697119,-6.987119,-7.537119,-7.687119,-7.777119,-7.8071194,-7.3271194,-7.3071194,-6.647119,-6.8871193,-6.197119,-6.397119,-6.9271193,-6.377119,-6.587119,-6.007119,-6.6571193,-7.147119,-7.937119,-6.007119,-5.937119,-4.837119,-6.537119,-4.9071193,-7.397119,-4.8471193,-7.0571194,-7.0771194,-7.277119,-7.1371193,-6.457119,-5.447119,-5.3271194,-5.8671193,-5.737119,-6.357119,-6.197119,-5.547119,-6.1571193,-6.6771193,-6.567119,-7.127119,-6.5771194,-6.8271194,-6.457119,-6.837119,-6.937119,-6.457119,-5.3871193,-5.3071194,-5.687119,-6.687119,-7.247119,-7.547119
-6.9071193,-7.0971193,-7.5971193,-6.777119,-7.087119,-7.977119,-8.267119,-7.9271193,-8.387119,-7.5571194,-7.0771194,-7.3071194,-6.527119,-6.957119,-7.317119,-6.8271194,-7.457119,-6.817119,-7.187119,-5.467119,-5.567119,-6.3471193,-6.757119,-5.507119,-5.717119,-6.357119,-4.687119,-3.7171192,-2.387119,-7.027119,1.0628809,-2.107119,-5.987119,-5.997119,-6.147119,-6.217119,-5.857119,-6.017119,-6.747119,-6.777119,-6.207119,-6.207119,-6.147119,-6.3271194,-6.8671193,-6.477119,-6.5771194,-6.8471193,-6.567119,-6.737119,-6.3671193,-5.047119,-5.797119,-5.207119,-6.3471193,-6.897119,-7.4071193,-7.757119
-7.017119,-7.187119,-6.8671193,-7.4071193,-6.747119,-7.297119,-7.8671193,-8.307119,-8.1871195,-7.587119,-7.5571194,-8.10712,-6.817119,-6.607119,-6.047119,-7.147119,-6.467119,-6.217119,-5.977119,-5.4071193,-6.6371193,-6.277119,-5.5771194,-5.377119,-5.187119,-5.087119,-5.067119,-3.397119,-3.5471191,-0.89711916,-1.9271191,-6.627119,-5.587119,-6.3871193,-6.3271194,-7.1571193,-7.437119,-6.587119,-6.8071194,-6.767119,-6.497119,-7.917119,-6.9271193,-7.297119,-5.817119,-6.797119,-6.467119,-6.5571194,-6.4271193,-6.417119,-6.227119,-6.377119,-5.697119,-5.037119,-5.167119,-5.087119,-6.377119,-9.527119
-6.487119,-6.537119,-7.1571193,-7.007119,-6.747119,-8.027119,-7.3871193,-8.407119,-7.837119,-7.727119,-7.5571194,-7.6571193,-6.817119,-5.777119,-7.247119,-7.4271193,-6.437119,-5.967119,-7.197119,-6.287119,-6.707119,-5.437119,-5.027119,-4.947119,-5.8071194,-5.6571193,-6.107119,-6.757119,-5.4071193,-4.447119,-6.147119,-5.947119,-6.277119,-5.897119,-5.9271193,-7.287119,-7.477119,-7.127119,-7.027119,-6.717119,-7.5571194,-7.667119,-7.6371193,-7.537119,-6.337119,-7.037119,-7.047119,-6.287119,-6.187119,-6.127119,-6.3671193,-4.877119,-5.687119,-5.0571194,-4.107119,-2.6971192,-2.9271193,-2.5671191
-5.9271193,-6.687119,-7.8471193,-7.567119,-7.5571194,-8.10712,-7.787119,-7.3071194,-7.487119,-8.157119,-6.757119,-7.3471193,-6.397119,-5.257119,-6.627119,-6.8671193,-7.067119,-6.527119,-7.3471193,-6.717119,-6.957119,-5.447119,-4.6571193,-5.1771193,-5.9071193,-5.627119,-5.9071193,-6.1371193,-6.497119,-6.317119,-6.037119,-6.507119,-6.777119,-5.647119,-5.627119,-7.317119,-7.977119,-8.277119,-6.8671193,-6.547119,-6.3271194,-7.8071194,-7.517119,-7.477119,-6.287119,-7.687119,-6.567119,-6.007119,-6.067119,-6.567119,-5.5571194,-5.0571194,-6.087119,-4.5571194,-3.5371192,-1.5171192,1.0628809,3.5428808
-5.837119,-6.6571193,-8.1871195,-8.227119,-8.797119,-7.707119,-8.56712,-7.487119,-7.8871193,-7.957119,-6.997119,-6.787119,-6.787119,-5.477119,-6.087119,-5.357119,-5.747119,-6.027119,-6.217119,-5.947119,-5.747119,-4.977119,-5.857119,-5.587119,-5.1171193,-5.537119,-5.587119,-6.1771193,-7.067119,-7.0971193,-6.457119,-6.567119,-6.547119,-5.3671193,-5.837119,-7.337119,-8.847119,-7.3871193,-7.6571193,-7.4271193,-6.5971193,-8.377119,-8.257119,-7.167119,-6.357119,-6.397119,-6.377119,-5.957119,-6.477119,-5.957119,-6.6171193,-4.967119,-6.6571193,-4.457119,-3.4671192,-1.1671191,0.79288083,3.1928809
-5.8871193,-5.667119,-5.747119,-7.727119,-8.367119,-8.06712,-8.477119,-8.527119,-7.477119,-7.8871193,-7.777119,-7.837119,-7.377119,-7.127119,-6.817119,-6.287119,-5.967119,-6.697119,-6.377119,-5.917119,-5.317119,-5.127119,-5.967119,-5.767119,-5.8671193,-6.087119,-6.527119,-7.257119,-6.8271194,-6.8871193,-6.777119,-6.8471193,-6.237119,-4.507119,-5.037119,-8.457119,-8.697119,-7.917119,-7.287119,-7.647119,-7.417119,-7.767119,-7.547119,-6.0971193,-6.787119,-5.917119,-6.297119,-5.1771193,-6.987119,-6.017119,-4.717119,-4.567119,-6.297119,-4.6571193,-3.607119,-2.0371192,0.20288086,-0.067119144
-5.507119,-6.297119,-6.247119,-7.5771194,-8.487119,-8.637119,-8.997119,-8.777119,-8.137119,-7.967119,-8.1471195,-8.307119,-7.067119,-7.127119,-6.547119,-6.1771193,-5.517119,-5.3471193,-5.6371193,-5.857119,-4.737119,-6.1571193,-6.5971193,-6.987119,-6.007119,-6.217119,-6.8071194,-6.787119,-7.207119,-7.107119,-6.397119,-6.167119,-5.227119,-3.367119,-2.667119,-5.607119,-7.897119,-7.777119,-7.437119,-7.287119,-8.06712,-6.4271193,-6.857119,-7.3471193,-6.797119,-6.037119,-5.8071194,-6.287119,-6.247119,-5.987119,-5.6371193,-5.5571194,-4.757119,-6.067119,-3.5071192,-2.2071192,-1.2771192,-0.6371191
-6.1571193,-6.107119,-5.897119,-7.517119,-8.007119,-8.337119,-8.007119,-8.537119,-7.8871193,-7.627119,-7.667119,-8.487119,-7.667119,-7.767119,-6.957119,-6.8071194,-5.667119,-5.857119,-5.787119,-6.417119,-6.857119,-7.1371193,-7.1171193,-7.217119,-6.897119,-6.5571194,-6.687119,-6.957119,-6.757119,-6.6371193,-5.8671193,-5.8071194,-5.147119,-3.7571192,-1.4271191,-0.84711915,-2.117119,-5.8871193,-7.687119,-7.1771193,-6.6371193,-5.937119,-7.047119,-6.917119,-7.207119,-6.6371193,-6.217119,-6.987119,-6.047119,-6.017119,-5.547119,-4.397119,-2.9671192,-4.8871193,-4.517119,-1.5271192,-1.5471191,-1.9071192
