json/gfs_20240719_18.json
{"header": { "discipline":0, "disciplineName":"Meteorological products", "gribEdition":2, "gribLength":79795, "center":7, "centerName":"US National Weather Service - NCEP(WMC)", "subcenter":0, "refTime":"2024-07-19T18:00:00.000Z", "significanceOfRT":1, "significanceOfRTName":"Start of forecast", "productStatus":0, "productStatusName":"Operational products", "productType":1, "productTypeName":"Forecast products", "productDefinitionTemplate":0, "productDefinitionTemplateName":"Analysis/forecast at horizontal level/layer at a point in time", "parameterCategory":2, "parameterCategoryName":"Momentum", "parameterNumber":3, "parameterNumberName":"V-component_of_wind", "parameterUnit":"m.s-1", "genProcessType":2, "genProcessTypeName":"Forecast", "forecastTime":0, "surface1Type":103, "surface1TypeName":"Specified height level above ground", "surface1Value":10.0, "surface2Type":255, "surface2TypeName":"Missing", "surface2Value":0.0, "gridDefinitionTemplate":0, "gridDefinitionTemplateName":"Latitude_Longitude", "numberPoints":65160, "shape":6, "shapeName":"Earth spherical with radius of 6,371,229.0 m", "gridUnits":"degrees", "resolution":48, "winds":"true", "scanMode":0, "nx":360, "ny":181, "basicAngle":0, "lo1":0.0, "la1":90.0, "lo2":359.0, "la2":-90.0, "dx":1.0, "dy":1.0 }, "data":
[rows 78 to 103 of 181, columns 59 to 117 of 360]
10.653616,9.183616,8.363616,7.8236156,7.693616,7.273616,6.463616,5.8936157,4.653616,4.483616,4.5336156,3.8836157,3.6036158,2.6536157,2.0736158,0.88361573,-0.26638427,0.9536157,2.0136156,0.093615726,-0.4063843,-0.5863843,-0.23638427,4.3936157,6.443616,6.6836157,8.913616,8.483616,10.363616,10.433616,11.323616,10.853616,10.223616,9.083615,7.753616,8.143616,7.4136157,6.313616,6.5736156,5.463616,0.2836157,1.3136157,4.1036158,4.3036156,0.9836157,1.2536157,2.8936157,1.6836157,0.5236157,0.18361573,0.15361573,1.8336158,5.2236156,5.9936156,4.2436156,2.9836156,6.713616,7.253616,7.3636155
8.983616,8.873615,8.303616,7.8236156,7.1336155,6.503616,5.213616,4.4736156,4.583616,4.023616,3.1536157,2.9536157,2.5336158,1.5536157,0.81361574,1.0636157,0.3136157,-1.0263842,1.9136157,1.9436157,0.6436157,2.2036157,3.3836157,6.3936157,6.2436156,6.253616,8.463615,9.313616,9.603616,9.973616,10.433616,9.503615,9.233616,8.423615,7.713616,7.733616,7.0536156,5.8536158,5.273616,4.3736157,0.49361572,1.8836157,1.9436157,5.3236156,1.8636158,0.18361573,2.0736158,1.5736157,-0.32638428,-0.69638425,1.9036157,4.253616,5.3536158,4.8636155,5.693616,4.903616,6.1336155,7.2036157,7.403616
8.973616,8.743616,7.8836155,7.313616,5.9536157,5.7436156,4.713616,4.313616,3.7036157,3.6636157,2.6336157,1.4036157,0.9136157,0.7036157,1.0936158,0.17361572,-1.1363842,-2.0763843,-1.8563843,0.55361575,1.3836157,2.9936156,7.3536158,7.983616,7.8636155,5.923616,8.343616,9.763616,10.523616,9.673615,10.053616,9.933616,8.983616,8.283616,7.8536158,7.4536157,6.003616,5.463616,3.6536157,4.0936155,0.6036157,3.2336156,3.0636158,3.9436157,3.0836158,5.3636155,4.5736156,-0.026384277,-0.8263843,-1.0763843,0.27361572,1.8136157,4.2436156,5.273616,5.253616,4.8836155,5.153616,6.3236156,6.003616
8.073616,7.4736156,6.7236156,5.9736156,5.1136155,4.653616,4.8836155,4.3836155,3.0236158,1.9436157,1.0536157,0.6536157,1.2936157,0.093615726,-0.3163843,-0.7763843,-1.4263843,-1.7163843,-0.62638426,2.5936158,5.0136156,4.1336155,5.6436157,6.543616,5.4936156,6.443616,9.153616,9.693616,8.963615,8.933616,9.053616,8.313616,8.933616,7.6436157,7.653616,7.3636155,6.443616,5.503616,4.583616,2.9236157,1.1236157,0.5236157,4.3736157,2.1936157,4.1136155,3.2836158,0.88361573,2.1836157,1.8436158,-0.036384277,1.0536157,1.5436157,3.5836158,3.7836158,3.9736156,5.1336155,5.6336155,4.2236156,5.3436155
6.8636155,6.063616,4.9536157,4.253616,4.5136156,4.543616,4.1036158,2.5236158,2.1236157,1.7636157,0.62361574,0.6036157,0.7736157,-0.3163843,-1.2963843,-2.0063844,-1.5063843,-1.8263843,-2.6863842,1.8236157,3.7536156,4.463616,3.4236157,2.6736157,0.49361572,7.8836155,9.263616,9.183616,8.493616,8.373615,8.373615,8.233616,7.6436157,7.6136155,7.1236157,7.1136155,7.503616,5.3236156,4.043616,-0.23638427,0.21361572,-0.21638428,2.2236156,1.5736157,3.6936157,2.9436157,2.9436157,3.2736158,2.8636158,1.7236158,1.7136158,1.7236158,3.5136156,3.6636157,4.043616,4.173616,4.2036157,4.793616,2.2536156
5.813616,5.153616,4.8736157,4.2636156,3.8236158,3.0436158,2.3636158,1.8636158,1.9036157,1.6236157,1.0636157,-0.19638428,-0.21638428,-0.56638426,-0.38638428,-0.25638428,-1.1463842,-1.3563843,-1.4963843,-0.4663843,1.3036157,1.6136158,1.0436157,4.4336157,5.483616,8.473616,9.183616,8.363616,8.083615,8.033616,7.6036158,7.7036157,7.3036156,7.0536156,7.8836155,7.5536156,8.573616,6.0536156,1.2736157,2.4136157,2.2336156,0.2836157,2.4136157,1.6936157,4.4736156,5.6836157,4.2636156,3.1036158,2.5636158,3.6136158,2.0936158,1.3036157,2.2936158,2.7236156,3.1236157,3.2336156,3.0136156,4.3736157,0.5836157
5.6436157,5.1236157,4.9936156,3.6336157,3.5136156,2.6036158,1.5536157,1.2536157,1.4436157,0.88361573,-0.17638427,0.69361573,0.12361572,-0.17638427,-0.6463843,-0.39638427,-0.56638426,-0.16638428,-0.086384274,0.42361572,0.11361572,-0.6063843,0.29361573,4.6436157,6.403616,7.4136157,8.443616,8.013616,7.583616,7.4936156,6.6836157,7.153616,8.253615,7.8236156,7.6836157,8.123615,8.813616,2.5536158,1.7236158,3.0536158,4.8436155,3.6036158,0.15361573,0.6736157,3.3436158,7.583616,6.8636155,5.1036158,3.1036158,3.5436158,2.3736157,2.1436157,1.2936157,1.8836157,2.3736157,1.6436157,1.9036157,3.4336157,0.39361572
4.8936157,4.5536156,4.003616,3.1436157,2.4236157,1.9836158,1.2036157,1.0036157,0.8436157,0.38361573,0.9736157,0.23361573,-0.28638428,0.41361573,-0.4363843,-0.67638427,-0.7763843,-0.67638427,-0.6463843,-0.69638425,-0.22638428,-0.10638428,-0.04638428,1.4036157,3.4936156,6.233616,5.8536158,6.2836156,6.293616,6.2836156,6.6136155,7.0136156,6.833616,7.4136157,6.4136157,6.8036156,7.2236156,1.3936157,1.3336158,3.0436158,3.9436157,5.233616,-0.12638427,0.8336157,1.0736157,7.173616,7.5136156,6.9536157,5.5736156,4.293616,2.5636158,1.2436157,-0.45638427,0.6436157,0.5436157,-0.6463843,1.7136158,-0.056384277,0.44361573
4.2836156,3.9836156,3.1036158,2.5536158,2.5936158,1.4836158,0.41361573,0.75361574,1.0336157,0.9636157,1.2836157,1.0236157,1.3536158,1.0436157,0.08361572,-0.17638427,-0.9563843,-1.1663842,-0.93638426,-0.7863843,-0.61638427,-0.21638428,0.5936157,1.0936158,2.9136157,4.9936156,5.1836157,5.3836155,4.9336157,5.0336156,5.7836156,5.8036156,6.443616,5.4736156,5.963616,6.273616,4.1436157,1.1136158,0.23361573,0.55361575,4.173616,2.9936156,0.04361572,0.49361572,0.2836157,5.943616,6.6036158,6.903616,6.0536156,4.7236156,4.293616,1.0636157,1.3836157,0.75361574,-2.1163843,0.5236157,0.18361573,-0.23638427,-0.45638427
4.3236156,4.0536156,2.8636158,3.2436156,3.0736158,1.9136157,1.6336157,1.8036157,1.6336157,0.57361573,1.4736158,0.5836157,1.1136158,0.45361573,0.61361575,-0.4063843,-0.99638426,-0.8363843,-1.1163843,-0.56638426,-0.8563843,0.08361572,0.61361575,2.2736158,2.4636157,3.2436156,3.9136157,4.273616,3.8836157,3.7936158,4.3836155,4.793616,4.9936156,5.153616,4.903616,4.1136155,3.7536156,2.4836156,0.23361573,-0.5163843,1.1536157,3.6136158,2.4336157,-0.45638427,-0.35638428,5.523616,6.4136157,6.5136156,5.8936157,5.0136156,3.6536157,3.0136156,-0.61638427,-0.74638426,0.13361572,-0.4663843,0.47361574,0.023615723,-0.116384275
5.193616,5.043616,4.833616,3.5836158,2.1236157,2.0636158,1.9036157,1.3236157,0.57361573,-0.55638427,-0.33638427,-0.22638428,-0.16638428,0.16361572,0.29361573,0.6636157,-0.036384277,-0.5163843,-0.15638427,0.3736157,-0.016384277,0.10361572,1.0436157,1.5436157,1.5736157,2.5936158,3.4136157,3.1436157,2.7836158,3.0836158,4.0136156,4.503616,4.563616,3.8336158,3.9236157,3.6236157,3.0936158,2.3836157,1.6236157,0.69361573,-0.6463843,0.93361574,1.0036157,2.4436157,0.36361572,2.0036156,7.003616,6.5736156,6.1036158,6.043616,5.3436155,0.11361572,-2.4263842,0.46361572,0.22361572,0.093615726,-0.21638428,0.29361573,1.1036158
6.503616,5.3236156,5.2036157,4.0736156,3.4036157,2.6136158,1.5236157,0.9636157,-0.16638428,-0.56638426,0.42361572,0.013615723,-0.06638428,0.55361575,0.063615724,-0.076384276,-0.4063843,0.11361572,0.33361572,-0.086384274,-0.6663843,-0.74638426,0.0036157228,1.0436157,1.6036158,1.8536158,1.7736157,2.4336157,2.4436157,2.4136157,3.3136158,3.0436158,3.3636158,3.2536156,2.4436157,3.6036158,3.3436158,2.8636158,2.7236156,2.0236158,-0.48638427,0.6436157,0.9236157,1.1036158,2.5836158,2.5036156,5.6236157,6.4536157,6.4936156,6.443616,1.8036157,0.10361572,-0.5863843,-0.8463843,-0.56638426,-0.30638427,0.013615723,0.053615723,1.0836158
6.583616,5.733616,5.273616,4.7836156,3.1336157,2.4036157,1.4436157,0.62361574,-0.5763843,-0.6063843,-0.23638427,-0.6563843,-0.14638428,0.21361572,0.21361572,0.3136157,0.35361573,0.17361572,-0.32638428,-0.5463843,-0.88638425,-0.13638428,0.23361573,-0.09638428,0.35361573,1.0736157,1.0336157,1.6036158,1.9836158,1.6936157,1.6736157,2.2036157,2.6636157,2.3436158,2.8736157,2.6836157,2.4036157,2.9836156,2.7036157,1.3436158,2.2136157,-0.5363843,0.55361575,1.0936158,0.9036157,4.3236156,6.0936155,6.3636155,6.8036156,7.2836156,6.253616,0.23361573,0.13361572,0.9236157,-0.32638428,-0.026384277,-0.16638428,-0.13638428,0.07361572
6.3936157,6.1336155,5.793616,5.0936155,3.6436157,2.8936157,1.9436157,0.8336157,-0.06638428,-0.62638426,-0.04638428,0.4036157,0.22361572,0.2836157,-0.22638428,0.33361572,0.24361572,-0.13638428,0.32361573,-0.39638427,-0.7163843,-0.47638428,-0.7063843,0.04361572,-0.20638427,0.24361572,0.61361575,0.08361572,0.50361574,0.74361575,1.9436157,1.8436158,1.1136158,2.1836157,2.0436158,3.8236158,3.0036156,3.4936156,3.9336157,4.0736156,2.8536158,0.14361572,1.3436158,1.1436157,1.2536157,3.0636158,5.4936156,6.6636157,7.6136155,7.4936156,7.6036158,0.8336157,0.75361574,0.20361573,0.30361572,0.6736157,-0.076384276,2.1236157,1.2136158
6.9336157,5.4736156,5.4736156,5.2236156,3.5836158,2.6436157,2.6936157,1.6936157,0.063615724,-0.7863843,1.7236158,1.0536157,-0.036384277,1.0636157,0.33361572,0.80361575,0.07361572,0.68361574,0.5436157,0.56361574,0.08361572,-0.4663843,-0.49638426,-0.6063843,-0.93638426,-0.30638427,-0.27638426,0.7836157,0.3136157,0.8436157,0.7836157,1.0436157,1.7936157,2.1436157,1.9636158,1.9236157,2.6036158,2.9236157,3.5836158,4.0936155,4.253616,5.3536158,-0.80638427,0.23361573,1.4536157,1.1936157,5.0936155,1.0336157,4.8636155,5.773616,5.8236156,3.6936157,0.25361574,-0.15638427,0.8336157,1.0936158,0.93361574,0.18361573,8.393616
6.3636155,5.2036157,5.7036157,5.5136156,5.5936155,4.3936157,4.253616,3.6236157,1.3736157,1.4036157,0.18361573,0.33361572,0.093615726,1.5736157,1.0436157,1.0036157,0.23361573,0.29361573,0.07361572,-0.086384274,-0.48638427,0.2836157,0.27361572,1.2536157,0.44361573,0.47361574,1.0036157,0.48361573,-0.036384277,0.47361574,1.0036157,2.2836158,3.0236158,3.2636156,3.5936158,3.1036158,3.3936157,3.1036158,4.3636155,4.963616,6.1236157,5.753616,4.253616,-1.3763843,1.2936157,1.2936157,0.9536157,2.1036158,3.1736157,1.4936157,4.8236156,4.5736156,1.6836157,0.47361574,1.2836157,0.4336157,1.3836157,0.7236157,7.1636157
6.8036156,6.1436157,7.003616,6.313616,6.023616,5.023616,4.333616,3.5336158,2.4636157,2.3136158,3.4536157,1.0436157,1.5836158,2.0836158,1.6536157,1.5736157,0.56361574,1.4036157,0.8436157,-0.16638428,0.6736157,1.5636157,1.3636158,1.6536157,1.4136157,1.4536157,1.7036157,2.0836158,1.6636157,1.9236157,2.2836158,2.5436158,2.9036157,3.2636156,3.3236158,4.0536156,3.5136156,3.8836157,4.333616,4.8536158,5.773616,7.043616,5.9736156,5.233616,-0.80638427,1.0336157,1.6836157,0.8336157,1.3636158,1.7436157,2.3036158,2.0536158,2.8236158,3.8236158,3.9536157,4.9736156,1.2436157,5.6336155,6.833616
8.443616,7.693616,7.793616,7.9736156,6.8036156,5.8236156,5.083616,4.503616,3.4936156,3.5436158,2.6736157,2.6536157,3.1336157,2.5436158,2.5836158,1.9136157,2.2736158,1.0536157,1.9736158,2.1936157,2.3136158,1.8936157,2.6736157,2.1436157,1.9136157,1.0836158,1.1336157,0.9836157,1.0236157,1.4736158,1.4536157,2.1736157,2.7236156,3.5136156,3.8036158,3.8036158,4.1636157,3.4536157,4.043616,5.273616,5.6136155,6.5136156,7.003616,7.293616,6.2836156,-1.4463843,0.88361573,0.27361572,2.1436157,2.3536158,2.6936157,1.6736157,2.1436157,2.8136158,2.5536158,2.4936156,3.2836158,5.3636155,5.963616
7.463616,7.583616,7.193616,6.9336157,6.463616,6.3436155,5.833616,5.463616,5.483616,4.4136157,4.293616,4.0536156,4.043616,4.043616,3.5536158,3.0136156,2.6236157,2.9036157,3.0536158,3.1836157,3.0036156,2.1636157,2.0436158,2.1336157,1.4536157,1.6536157,1.3036157,1.2536157,0.88361573,1.4536157,2.4936156,2.2636156,2.3736157,2.6536157,3.6736157,4.423616,4.1636157,3.4336157,3.9536157,3.9936156,4.3436155,5.0336156,5.7036157,6.3936157,5.193616,4.483616,-0.32638428,1.1536157,2.8036158,5.653616,3.9036157,3.2236156,1.5236157,2.0736158,2.6236157,3.0436158,2.0636158,3.3136158,4.4736156
8.053616,7.4536157,7.0336156,6.833616,7.003616,6.943616,6.833616,5.9336157,4.753616,4.3036156,4.6136155,4.8636155,5.1136155,4.5736156,4.313616,3.9136157,3.6036158,4.3936157,3.6736157,3.6736157,3.6336157,3.4936156,2.6136158,2.4236157,2.5636158,1.9536157,2.2536156,1.1936157,0.9836157,1.4036157,1.5936158,1.8636158,1.7036157,1.8436158,2.6636157,3.2936158,2.3736157,2.4636157,2.2836158,2.8736157,2.8536158,4.4736156,4.8736157,5.8536158,5.6636157,5.6236157,6.813616,3.5736158,-0.06638428,2.2736158,2.7636156,2.2836158,2.0236158,1.6536157,0.41361573,3.7536156,2.3936157,1.5736157,3.5636158
7.673616,6.6136155,6.6436157,6.3736157,6.753616,6.6436157,6.9336157,6.5136156,5.8536158,4.9336157,4.6036158,5.1036158,5.173616,5.3936157,4.8936157,5.153616,4.7836156,4.2436156,4.3536158,4.463616,4.3636155,3.9036157,3.3236158,2.6936157,2.6136158,2.8336158,2.4836156,1.3236157,0.94361573,1.3836157,1.7936157,2.0036156,1.7336158,1.0236157,0.07361572,1.3136157,2.5736158,3.4536157,2.4536157,2.2736158,2.4836156,2.8036158,4.4336157,4.173616,4.2836156,4.083616,3.6836157,3.1136158,2.8036158,1.3936157,3.1436157,3.0436158,0.45361573,1.9336157,0.23361573,0.9536157,0.9236157,0.7036157,6.8036156
7.7836156,8.123615,7.0136156,6.4136157,6.3036156,6.6436157,6.543616,6.1236157,5.503616,5.563616,4.713616,4.9936156,5.7036157,5.713616,5.733616,5.4336157,4.5336156,4.773616,4.3036156,4.4136157,4.2236156,3.9536157,3.7036157,3.7036157,3.5036156,2.4836156,2.3536158,1.5236157,0.6536157,0.7136157,1.5536157,1.5936158,1.5936158,1.5436157,0.80361575,0.7736157,1.2436157,1.8436158,2.8936157,1.3236157,3.0936158,2.9736156,2.7336156,2.7436156,2.9736156,1.7336158,1.4236157,1.9336157,1.5036157,2.0336158,3.1936157,3.3436158,2.5436158,2.4936156,3.3836157,1.4836158,2.0536158,4.483616,-0.026384277
6.3836155,5.8736157,6.903616,7.2036157,6.8636155,5.193616,5.463616,5.1136155,5.4736156,5.083616,5.023616,4.7436156,4.983616,5.4336157,5.5936155,5.483616,5.0936155,4.793616,4.423616,4.6136155,4.3636155,4.4536157,3.9336157,3.9836156,3.7436156,3.4536157,2.8436158,2.6536157,1.7436157,0.57361573,0.5136157,1.4036157,2.0436158,2.4836156,1.6336157,-0.15638427,1.1236157,1.4836158,1.4436157,1.9336157,2.8436158,3.2236156,2.6936157,2.7636156,2.2036157,0.82361573,0.0036157228,0.07361572,0.82361573,2.2736158,2.7036157,2.8936157,2.8636158,2.0136156,3.1236157,3.1436157,1.7936157,1.8836157,2.1436157
5.943616,6.1436157,5.963616,5.753616,6.3436155,5.3936157,5.753616,5.293616,4.233616,4.7636156,4.773616,4.6436157,4.0936155,4.653616,5.0136156,4.9536157,4.9936156,4.943616,4.733616,5.083616,5.3936157,4.8436155,4.523616,4.3636155,4.503616,4.5536156,3.8936157,3.4636157,2.3236158,1.3236157,1.6736157,1.8736157,2.5736158,2.2836158,1.8536158,0.24361572,-0.7363843,0.15361573,1.3236157,1.3736157,1.4536157,2.0536158,2.6536157,3.0636158,2.9036157,0.38361573,0.44361573,0.2836157,0.9736157,1.3736157,1.6536157,2.6836157,1.9736158,1.1936157,2.2536156,1.9036157,2.0636158,2.2536156,1.7336158
5.2836156,4.3236156,4.3836155,4.563616,4.1636157,4.0136156,4.273616,4.963616,5.213616,4.6636157,3.9036157,4.653616,4.0936155,4.293616,4.4536157,4.6136155,4.9536157,4.5736156,5.153616,5.313616,5.1036158,5.773616,5.293616,4.923616,5.083616,5.213616,5.193616,5.2236156,4.063616,2.2036157,1.4036157,2.1336157,2.5636158,3.3236158,2.4136157,1.6736157,-0.5763843,-1.3263843,-0.5363843,0.49361572,1.1836157,1.6136158,2.3036158,2.3336158,2.4636157,2.9636157,1.5036157,1.9136157,1.3636158,1.4636158,1.6436157,1.5036157,3.3436158,2.5136156,1.2136158,-0.20638427,0.87361574,1.5636157,1.4936157
6.273616,5.2836156,3.6836157,3.8136158,3.6536157,3.3636158,2.8736157,2.7436156,4.483616,4.1236157,4.2436156,3.9836156,3.5936158,4.0536156,3.8736157,4.153616,4.4936156,4.8536158,4.653616,5.7636156,5.273616,5.3236156,5.3236156,5.3836155,5.8036156,5.3436155,5.8736157,6.0136156,5.1036158,3.7936158,2.2036157,2.2636156,2.5536158,2.9836156,3.6036158,3.2736158,2.8936157,1.8336158,-1.1363842,0.32361573,0.6636157,1.3236157,1.1136158,2.6036158,2.3136158,1.9836158,1.9236157,2.0036156,1.3636158,0.8336157,0.88361573,0.80361575,2.1136158,2.5836158,2.8436158,3.9936156,0.93361574,0.82361573,-0.6563843
