json/gfs_20240719_06.json
{"header": { "discipline":0, "disciplineName":"Meteorological products", "gribEdition":2, "gribLength":79339, "center":7, "centerName":"US National Weather Service - NCEP(WMC)", "subcenter":0, "refTime":"2024-07-19T06:00:00.000Z", "significanceOfRT":1, "significanceOfRTName":"Start of forecast", "productStatus":0, "productStatusName":"Operational products", "productType":1, "productTypeName":"Forecast products", "productDefinitionTemplate":0, "productDefinitionTemplateName":"Analysis/forecast at horizontal level/layer at a point in time", "parameterCategory":2, "parameterCategoryName":"Momentum", "parameterNumber":2, "parameterNumberName":"U-component_of_wind", "parameterUnit":"m.s-1", "genProcessType":2, "genProcessTypeName":"Forecast", "forecastTime":0, "surface1Type":103, "surface1TypeName":"Specified height level above ground", "surface1Value":10.0, "surface2Type":255, "surface2TypeName":"Missing", "surface2Value":0.0, "gridDefinitionTemplate":0, "gridDefinitionTemplateName":"Latitude_Longitude", "numberPoints":65160, "shape":6, "shapeName":"Earth spherical with radius of 6,371,229.0 m", "gridUnits":"degrees", "resolution":48, "winds":"true", "scanMode":0, "nx":360, "ny":181, "basicAngle":0, "lo1":0.0, "la1":90.0, "lo2":359.0, "la2":-90.0, "dx":1.0, "dy":1.0 }, "data":
[rows 26 to 51 of 181, columns 232 to 289 of 360]
0.89288086,-2.5271192,0.33288085,1.0628809,-0.98711914,-0.5071191,0.96288085,0.71288085,1.1528809,-0.067119144,0.88288087,1.0228809,2.0528808,2.882881,4.762881,4.392881,4.982881,2.602881,1.2628808,0.70288086,0.45288086,0.49288085,-2.7071192,-2.7871192,-1.6871191,-2.0471191,-2.397119,-1.5971191,-3.1971192,-3.9471192,-4.1571193,-3.1971192,-3.2771192,-2.907119,-2.7471192,-2.9771192,-1.4671191,-2.337119,-3.107119,-4.527119,-4.8071194,-2.5171192,-1.8771192,-3.5671191,-3.9271193,-3.7871192,-3.3171191,-0.19711915,-0.97711915,-1.0971191,-5.607119,-6.6371193,-4.917119,-2.867119,-6.537119,-7.107119,-8.767119,-10.157119
0.5028809,0.71288085,-2.157119,-0.77711916,0.29288086,-1.1371192,-1.3571191,-0.65711915,-0.36711913,-1.3571191,-1.4371191,-0.20711914,2.0028808,0.66288084,3.7028809,3.5628808,4.232881,2.2728808,-1.4371191,-0.37711915,1.2228808,0.18288086,-1.4071192,-1.1171192,-3.7671192,-2.0171192,-2.897119,-3.7271192,-2.6771193,-1.3671192,-1.1171192,-1.4771191,-0.47711915,-0.77711916,0.6828809,1.9528809,1.6228808,-1.6371192,-1.4571191,-3.157119,-1.9271191,-2.617119,-2.127119,-5.877119,-5.1771193,-6.107119,-3.8171191,-4.957119,-4.6371193,-3.877119,-5.267119,-5.257119,-7.517119,-8.4371195,-8.9371195,-5.0571194,-2.337119,-7.0571194
0.30288085,1.8428808,-0.76711917,-2.167119,-0.12711914,-0.017119141,-0.0071191406,-1.6271192,-3.4971192,-1.3871192,-1.3871192,0.5028809,0.7428809,2.402881,6.022881,2.862881,4.242881,2.9428809,0.42288086,-0.22711915,-0.0071191406,0.46288085,-2.587119,-3.4271193,-2.9271193,-3.157119,-4.6371193,-3.127119,-2.5671191,-1.4471191,-1.5271192,-1.1071191,-1.0371192,-1.2171191,-0.54711914,1.2728809,1.8028809,1.5428809,-1.5071192,0.30288085,-1.8871192,-1.6571192,-3.4971192,-3.7771192,-2.6871192,-6.1371193,-6.027119,-6.707119,-5.3071194,-5.8871193,-6.507119,-6.007119,-1.3571191,-2.357119,-1.7771192,-2.597119,-4.747119,-6.497119
0.44288087,0.71288085,0.09288086,-0.48711914,0.66288084,-2.137119,-0.78711915,0.65288085,2.0128808,2.642881,2.172881,2.3228807,5.3428807,3.4428809,3.2828808,2.0028808,0.95288086,1.3828808,-1.1171192,-1.2571192,0.28288087,-1.8771192,0.33288085,-1.1971191,-4.207119,-4.787119,-5.317119,-5.6371193,-5.537119,-4.017119,-2.8071191,-2.2171192,-1.5071192,-1.2571192,-1.4871192,-0.29711914,0.35288087,0.89288086,-0.32711914,0.64288086,-0.98711914,-1.3571191,-0.83711916,-1.3471191,-1.1171192,-2.4271193,-3.2271192,-4.6371193,-3.6871192,-2.2571192,-0.28711915,-1.7071191,-4.787119,-5.8671193,-8.027119,-6.447119,-5.397119,-1.0071192
-0.95711917,0.032880858,-0.98711914,1.3028809,1.0528809,0.5028809,1.0128808,1.4028809,0.24288087,-0.77711916,-0.017119141,1.0928808,1.5528809,1.2528808,1.2328808,2.0228808,2.402881,-0.26711914,-0.08711914,-0.5071191,0.0028808594,1.3628808,0.53288084,1.7428808,1.1628809,-3.0671191,-5.4071193,-6.537119,-5.627119,-7.217119,-5.8471193,-3.9671192,-2.917119,-1.5271192,-1.6171192,-0.5771191,0.13288087,1.0528809,1.2828809,1.9328809,1.7528808,1.4628808,1.4128809,1.3928809,0.51288086,0.8028809,1.6328808,0.30288085,1.4228809,2.422881,-5.1771193,-0.96711916,0.8628809,0.59288085,-0.76711917,-3.827119,-3.7771192,-4.747119
0.90288085,-0.90711915,-0.34711915,0.10288086,0.12288086,1.1928809,-0.73711914,-0.22711915,0.21288086,-1.1371192,-1.0771191,-1.7671192,-1.7171191,2.4628808,2.412881,1.4828808,0.94288087,0.38288087,-1.2271191,-1.1571192,-0.71711916,1.0428809,2.0528808,1.7828809,0.9228809,2.342881,1.2428808,-4.8471193,-6.6571193,-5.4271193,-6.3271194,-5.5571194,-5.3871193,-3.7971191,-3.407119,-1.7971191,-0.46711913,1.0328809,1.8728808,2.2528808,2.342881,2.2228808,3.3128808,3.852881,3.422881,3.3028808,2.0728807,3.2428808,3.3028808,2.2728808,3.8228807,1.1028808,2.0128808,1.3528808,0.38288087,-1.5171192,0.28288087,-1.6671191
0.76288086,0.8628809,-1.1471192,-0.13711914,1.8728808,0.05288086,1.1228808,1.8428808,-0.9971191,0.78288084,0.90288085,-0.79711914,0.34288085,0.9928809,1.2928809,0.39288086,2.612881,1.4228809,0.97288084,0.63288087,-1.6371192,-0.89711916,0.09288086,0.10288086,1.5028808,0.54288083,1.7428808,1.8528808,-2.667119,-3.377119,-4.207119,-4.257119,-4.997119,-4.797119,-5.197119,-3.9271193,-3.127119,-1.4871192,-0.03711914,1.2028809,2.2728808,3.2128808,3.5528808,4.4228806,5.262881,5.622881,6.292881,6.4228806,6.872881,5.792881,4.002881,2.402881,2.4828808,2.402881,1.6128808,1.3628808,2.412881,2.332881
0.18288086,0.51288086,1.1228808,-0.83711916,-0.04711914,2.132881,0.5028809,1.1228808,-0.52711916,0.85288084,1.6228808,0.20288086,1.3628808,0.36288086,-0.43711913,1.6028808,2.382881,0.012880859,1.0728809,-0.37711915,-0.21711914,0.21288086,-0.40711915,-0.6271191,0.65288085,1.3728808,-0.8771191,2.602881,1.3728808,-1.2071191,1.2928809,1.3528808,-1.2771192,-3.4771192,-4.0971193,-4.4271193,-4.147119,-4.3671193,-2.4471192,0.032880858,0.94288087,2.5628808,2.5028808,3.8228807,4.282881,4.772881,4.852881,5.1128807,4.732881,4.622881,4.262881,2.7228808,2.7728808,3.132881,2.922881,3.1828809,3.2528808,1.3628808
1.0128808,1.3128809,-0.13711914,0.43288085,-0.09711914,0.112880856,1.0728809,-1.1171192,-0.23711914,-0.40711915,-0.9971191,-0.45711914,1.4728808,1.8028809,1.6528809,1.5428809,-1.2171191,1.5628809,1.1228808,1.7828809,0.82288086,-0.73711914,0.35288087,-0.12711914,-0.29711914,-0.19711915,-0.21711914,-0.55711913,0.8028809,-0.09711914,1.4228809,-0.15711914,2.152881,1.7428808,1.3628808,-1.8571191,-3.827119,-2.877119,-2.107119,-2.147119,-1.1871191,-0.58711916,1.0028808,1.3628808,2.2228808,2.5428808,2.4428809,2.352881,1.8728808,1.2428808,0.9928809,0.27288085,1.7728809,3.642881,4.472881,4.1128807,2.5228808,-0.48711914
0.0028808594,0.22288086,0.88288087,0.37288085,-0.13711914,0.39288086,-0.98711914,0.08288086,-0.18711914,-1.3171191,-1.7271191,-1.0871191,-0.44711915,0.09288086,-0.30711913,0.83288085,-1.4271191,-0.92711914,-0.36711913,-0.03711914,0.5028809,-0.07711914,1.3028809,1.4628808,2.122881,2.2328808,3.112881,1.9628808,1.9828808,0.18288086,-0.91711915,1.1828809,0.91288084,1.2728809,0.79288083,2.082881,2.0328808,-2.9371192,-2.0671191,-1.6471192,-2.2771192,-1.2971191,-1.4071192,-1.3671192,-1.3371191,-1.0471191,-0.55711913,-0.59711915,-1.1171192,-0.97711915,1.6328808,2.882881,3.9628808,3.8128808,4.912881,6.142881,3.3228807,3.832881
0.10288086,0.79288083,1.2228808,1.9228809,0.18288086,-0.22711915,-0.67711914,-1.3271191,-1.0871191,0.47288087,0.10288086,-0.29711914,0.33288085,0.64288086,-0.19711915,0.32288086,0.69288087,1.9828808,1.2928809,0.90288085,2.4928808,0.36288086,0.7428809,1.1228808,2.4528809,2.4328809,0.95288086,-0.8871191,2.0228808,2.582881,-0.95711917,1.0428809,2.5528808,-1.6671191,1.1328808,0.52288085,2.892881,2.8028808,1.5128808,2.092881,1.4728808,-0.45711914,-0.38711914,0.51288086,0.20288086,0.49288085,0.70288086,2.3128808,2.7428808,2.2728808,4.512881,4.722881,2.842881,2.0228808,1.4828808,4.8428807,6.3228807,4.452881
1.2828809,2.0128808,0.66288084,1.4628808,-0.37711915,0.04288086,-2.5271192,-1.8171191,1.7228808,-1.2471192,-0.91711915,1.3928809,0.43288085,-0.27711913,0.8728809,2.7728808,3.122881,3.0728807,-0.49711913,-0.29711914,0.13288087,1.7728809,1.2528808,-0.95711917,2.4728808,1.4428809,1.9828808,-0.08711914,1.4628808,0.6128809,-4.697119,-1.9871192,0.91288084,1.8828808,2.4828808,3.0528808,2.342881,2.672881,2.422881,3.602881,2.5728807,2.2528808,2.4828808,2.9528809,2.382881,1.9628808,1.9428809,3.8028808,5.702881,4.182881,1.4028809,2.9828808,1.4928808,4.262881,4.032881,2.5628808,2.7828808,3.9528809
-1.0271192,1.7528808,1.2428808,2.142881,2.3128808,2.0428808,-1.8771192,-1.4871192,-2.0571191,-0.80711913,-2.417119,0.54288083,1.6028808,1.4128809,2.4428809,1.5728809,-1.2771192,-0.39711913,1.7228808,0.25288087,3.082881,2.4528809,3.9628808,1.0428809,0.6228809,1.9128809,1.8128809,2.2928808,1.4328809,0.66288084,3.2328808,3.7728808,0.91288084,1.6728809,2.7928808,2.8128808,3.4928808,2.4728808,3.162881,2.5228808,3.5628808,3.7928808,3.3028808,3.7528808,2.7428808,5.542881,2.4628808,0.41288087,3.7028809,6.642881,1.9828808,3.0128808,1.9128809,1.7528808,2.632881,1.9328809,3.8028808,1.6428809
-0.89711916,-0.59711915,0.60288084,1.1528809,0.91288084,1.5328809,1.2028809,-0.76711917,-1.0471191,-1.7771192,-1.7271191,-0.03711914,-1.4371191,2.0428808,2.092881,2.7528808,1.0128808,0.52288085,1.5128808,2.122881,-0.5071191,1.4228809,3.7428808,-0.027119141,-1.1671191,0.27288085,-0.27711913,2.0128808,2.0628808,3.352881,2.7228808,3.0028808,1.3728808,1.6028808,2.0128808,2.2028809,2.4728808,3.4828808,3.602881,3.4428809,3.2328808,3.7128808,3.872881,3.642881,2.832881,4.622881,3.0728807,2.5528808,2.5428808,1.7328808,1.5928808,1.6128808,1.6328808,2.2728808,2.872881,2.122881,3.2928808,1.4328809
-7.3671193,0.30288085,0.73288083,1.5828809,-0.20711914,-0.51711917,1.2128808,2.2728808,0.78288084,-2.5071192,-0.53711915,0.14288086,1.5728809,-0.10711914,1.8728808,0.47288087,1.8628808,-2.4471192,-1.5371192,-0.29711914,0.8628809,-1.5971191,-0.77711916,-0.23711914,-2.0371192,-1.5871191,0.9328809,0.23288086,1.1528809,2.8028808,2.0328808,1.6828809,0.84288085,0.9228809,1.5428809,1.8928809,2.2428808,2.4328809,2.622881,2.7628808,1.6928809,2.7028809,3.4428809,3.392881,3.2528808,2.7728808,1.9428809,2.2128808,1.9328809,1.6828809,1.7228808,1.6828809,1.6128808,1.7228808,2.152881,1.8628808,1.6728809,1.6428809
-3.5071192,-5.607119,-4.937119,-0.10711914,2.102881,-6.377119,-0.70711917,0.82288086,1.7328808,-0.10711914,-0.45711914,-0.6371191,-0.6271191,-2.167119,0.27288085,-0.38711914,-0.17711914,-2.837119,-3.327119,-4.6171193,-1.3371191,-3.5371192,-1.1271192,-1.9571191,-0.84711915,-1.7871192,-1.7471192,-1.7971191,-0.61711913,0.33288085,3.4328809,1.0028808,0.8628809,2.2928808,1.2428808,1.7928809,1.7128808,2.2328808,2.362881,3.132881,-0.28711915,1.4428809,1.2928809,3.112881,3.152881,2.9928808,2.7228808,1.9528809,2.082881,1.8228809,1.9328809,1.3228809,2.2028809,1.8728808,1.9228809,2.9828808,1.5628809,0.83288085
-0.61711913,-0.15711914,-2.5671191,-1.5471191,0.12288086,0.29288086,-0.36711913,2.0328808,2.9528809,-0.90711915,0.26288086,0.12288086,-0.35711914,-0.22711915,-2.2671192,-0.8271191,-0.04711914,-0.8271191,-2.2271192,-1.4071192,-3.0571191,4.752881,-1.3371191,-3.0571191,-2.337119,-3.7271192,-1.8771192,1.3728808,-0.67711914,-0.59711915,1.0228809,0.04288086,0.48288086,0.9328809,1.1828809,1.2128808,1.8228809,1.4428809,1.9528809,3.902881,6.912881,6.1128807,-0.52711916,1.2628808,2.152881,2.6928809,2.5228808,1.8728808,1.8228809,1.7428808,1.8128809,1.3828808,1.9028809,1.7128808,1.7528808,1.8928809,1.6628809,1.9128809
-1.1371192,0.47288087,1.3528808,-0.0071191406,0.17288086,1.8928809,-1.4671191,3.102881,3.8128808,-1.4671191,-0.6371191,-1.1771191,-0.92711914,0.69288087,-1.2571192,-1.3071191,0.5628809,-0.9471191,1.1528809,3.6828809,1.4828808,-2.0571191,-1.6571192,-3.417119,-2.847119,-2.4971192,-1.2771192,-1.3371191,0.28288087,-0.12711914,-0.27711913,-1.5171192,-1.1671191,0.83288085,1.2828809,1.5528809,2.4328809,4.3428807,4.642881,0.83288085,3.2928808,2.602881,3.0128808,2.352881,1.0328809,1.6528809,2.0528808,2.332881,1.5628809,1.0528809,1.1728809,1.6728809,1.4928808,1.1428809,2.0728807,1.8528808,1.0728809,2.7828808
-0.92711914,-0.39711913,0.71288085,1.5828809,-0.0071191406,1.8228809,-0.47711915,0.27288085,3.592881,2.9928808,-0.78711915,1.5928808,0.23288086,0.0028808594,-1.2971191,1.3128809,2.172881,-2.1771193,1.4328809,1.0928808,0.45288086,1.4228809,-2.5671191,-3.907119,-2.4771192,-1.9071192,-2.5271192,-2.367119,-2.8171191,-1.3071191,0.20288086,-0.64711916,-1.4771191,0.39288086,0.6128809,1.2228808,0.51288086,0.88288087,1.8428808,1.6228808,1.6628809,0.8628809,1.8828808,2.5628808,1.8128809,3.922881,3.4528809,2.2628808,1.0828809,1.6928809,1.5028808,1.1928809,0.7428809,1.0028808,2.3228807,2.842881,1.1728809,2.6928809
1.1328808,-0.36711913,-0.057119142,1.1128808,-1.0671191,1.4728808,0.8128809,2.3028808,0.10288086,-0.5071191,3.352881,0.25288087,-2.2871192,1.2128808,1.6828809,1.6328808,0.58288085,0.16288085,-1.1071191,1.4428809,-2.357119,1.7828809,1.2628808,-4.6571193,-3.7971191,-3.2871192,-4.487119,-4.607119,-3.637119,-1.8771192,-2.2271192,0.32288086,0.42288086,-0.36711913,0.69288087,0.18288086,0.65288085,0.47288087,2.2628808,1.9928808,2.8228807,3.392881,1.0628809,0.63288087,1.3428808,4.6328807,5.052881,5.052881,4.5928807,1.4428809,1.4528809,1.6028808,2.122881,2.422881,2.592881,-0.13711914,0.72288084,1.4428809
2.0428808,-0.12711914,-0.067119144,0.63288087,-0.5671191,-0.03711914,-0.7471191,1.0028808,1.3828808,1.2928809,1.9928808,1.8228809,-2.077119,-0.16711915,2.132881,2.7028809,1.5228809,0.6128809,-0.85711914,2.662881,0.64288086,0.27288085,-1.6871191,0.09288086,-2.0071192,0.36288086,-1.1671191,-3.1771193,-3.0571191,-2.837119,-2.4471192,-1.3671192,-0.67711914,0.10288086,-0.18711914,0.6728809,1.4828808,0.60288084,1.2028809,1.4228809,2.352881,1.7228808,-0.95711917,0.42288086,-0.11711914,0.6828809,2.4528809,0.43288085,2.122881,1.7528808,2.2228808,2.1828809,-0.067119144,0.18288086,1.0828809,0.04288086,0.14288086,1.3528808
4.0928807,1.4828808,0.23288086,-0.58711916,-0.71711916,-0.78711915,2.832881,0.23288086,3.0328808,0.73288083,0.76288086,-2.0271192,0.5628809,-1.5971191,2.352881,3.8228807,-1.8471191,-1.3571191,-0.95711917,3.392881,1.2828809,-1.1471192,-3.0471191,-0.71711916,1.7228808,-0.017119141,-0.027119141,-0.04711914,-0.40711915,0.08288086,-0.78711915,-1.7071191,-2.8071191,-1.4871192,-1.4571191,-0.60711914,0.02288086,0.8728809,0.9928809,1.0628809,1.8528808,0.17288086,-0.37711915,0.39288086,2.2928808,0.46288085,-1.0271192,-0.23711914,0.83288085,0.19288085,2.332881,2.9728808,1.0528809,1.8928809,1.8028809,0.94288087,1.0228809,2.2328808
5.3828807,3.2328808,0.5528809,1.3928809,-1.3171191,-0.03711914,2.6928809,2.7228808,1.8728808,2.112881,2.7328808,-3.5671191,-3.2271192,1.8728808,1.4428809,-0.60711914,0.13288087,-0.84711915,3.6828809,1.6928809,-0.23711914,0.47288087,-2.0371192,0.44288087,-1.6071191,-2.2971191,-1.5571191,-0.32711914,-1.1871191,-1.3971192,-0.9971191,-0.80711913,-1.9771191,-1.6871191,-1.4171191,-2.347119,-1.3171191,-1.0871191,-1.2471192,0.21288086,0.46288085,-0.91711915,0.02288086,-0.04711914,-0.017119141,-2.4571192,-1.3371191,-0.7571191,-0.03711914,-0.20711914,0.032880858,1.0028808,0.85288084,0.09288086,0.6228809,2.172881,1.0928808,1.1128808
4.762881,4.022881,0.88288087,0.20288086,-1.2271191,0.60288084,-1.3071191,0.25288087,3.2028809,4.282881,0.43288085,-0.48711914,1.6928809,0.32288086,-0.49711913,-2.2971191,-4.537119,0.51288086,3.122881,1.1128808,2.0628808,-0.5071191,1.6528809,1.8928809,3.2328808,1.8828808,1.5528809,-1.6471192,-1.5971191,-2.357119,-1.9771191,-0.48711914,-1.0371192,-2.1971192,-2.597119,-1.8971192,-2.0271192,-1.2771192,-1.6371192,-1.5971191,-1.6171192,-1.6171192,-1.4871192,-1.5671191,-2.657119,-2.387119,-0.90711915,0.24288087,-0.057119142,-0.44711915,0.65288085,0.91288084,-0.16711915,0.52288085,1.4028809,1.0528809,2.592881,3.5628808
4.6128807,3.9428809,1.8128809,1.7128808,-2.857119,0.52288085,-2.2971191,-0.20711914,1.6928809,5.202881,-0.98711914,-0.76711917,1.5828809,-1.5671191,0.32288086,1.0628809,1.1728809,0.8028809,0.48288086,0.20288086,-2.107119,1.5428809,-1.1871191,2.132881,1.8528808,2.7228808,1.2928809,1.2228808,-1.3071191,-2.5271192,-2.657119,-1.9871192,-0.23711914,-1.3371191,-2.4271193,-3.1771193,-2.5271192,-3.0471191,-2.637119,-2.7571192,-2.1771193,-2.167119,-1.0971191,-2.097119,-2.897119,-1.9571191,-0.9971191,-1.1871191,-0.39711913,0.0028808594,0.57288086,0.29288086,-0.64711916,-0.6371191,-0.72711915,-2.4271193,3.7428808,2.5628808
4.462881,4.242881,2.852881,4.392881,4.522881,0.8128809,2.5428808,-2.5371192,2.352881,1.7328808,-1.0571191,-1.7571192,1.5928808,-2.827119,-1.8371191,3.8028808,1.1028808,-0.33711913,-1.2271191,0.8628809,-1.4971192,-1.4271191,1.5028808,3.5028808,2.092881,-0.24711914,-0.31711915,-0.22711915,-1.4771191,-1.7571192,-1.9271191,-2.7871192,-0.76711917,-0.7571191,-1.6771191,-2.827119,-3.2571192,-2.2571192,-2.9671192,-2.4471192,-1.9771191,-1.7371192,-0.5771191,-0.72711915,-2.5371192,-0.55711913,-1.2271191,-1.7371192,-0.97711915,0.78288084,0.89288086,0.58288085,-0.92711914,-1.3671192,0.79288083,0.5028809,0.24288087,1.0128808
