json/gfs_20240725_18.json
{"header": { "discipline":0, "disciplineName":"Meteorological products", "gribEdition":2, "gribLength":79331, "center":7, "centerName":"US National Weather Service - NCEP(WMC)", "subcenter":0, "refTime":"2024-07-25T18:00:00.000Z", "significanceOfRT":1, "significanceOfRTName":"Start of forecast", "productStatus":0, "productStatusName":"Operational products", "productType":1, "productTypeName":"Forecast products", "productDefinitionTemplate":0, "productDefinitionTemplateName":"Analysis/forecast at horizontal level/layer at a point in time", "parameterCategory":2, "parameterCategoryName":"Momentum", "parameterNumber":2, "parameterNumberName":"U-component_of_wind", "parameterUnit":"m.s-1", "genProcessType":2, "genProcessTypeName":"Forecast", "forecastTime":0, "surface1Type":103, "surface1TypeName":"Specified height level above ground", "surface1Value":10.0, "surface2Type":255, "surface2TypeName":"Missing", "surface2Value":0.0, "gridDefinitionTemplate":0, "gridDefinitionTemplateName":"Latitude_Longitude", "numberPoints":65160, "shape":6, "shapeName":"Earth spherical with radius of 6,371,229.0 m", "gridUnits":"degrees", "resolution":48, "winds":"true", "scanMode":0, "nx":360, "ny":181, "basicAngle":0, "lo1":0.0, "la1":90.0, "lo2":359.0, "la2":-90.0, "dx":1.0, "dy":1.0 }, "data":
[rows 52 to 77 of 181, columns 174 to 231 of 360]
4.691587,4.631587,4.851587,4.551587,5.111587,5.141587,5.6615868,3.8215868,4.101587,2.921587,2.771587,2.6115868,3.201587,3.5415869,1.701587,1.0115869,0.3815869,0.031586915,0.24158691,-0.6384131,-0.5684131,-1.4584131,-2.6584132,-2.1584132,-2.738413,-3.508413,-3.9284132,-3.6984131,-3.578413,-3.848413,-4.218413,-4.5284133,-4.708413,-4.718413,-4.448413,-4.848413,-4.5284133,-4.5284133,-5.0884132,-4.7984133,-5.0884132,-5.378413,-4.988413,-4.918413,-4.438413,-4.398413,-3.088413,-2.6384132,-2.578413,-1.9784131,-1.8284131,-2.4484131,-2.468413,-1.8184131,-2.098413,-1.918413,-1.3684131,-1.1984131
4.9115868,4.731587,5.811587,4.711587,4.9915867,5.001587,4.611587,5.7015867,3.931587,3.8015869,2.3315868,2.221587,3.461587,1.1815869,0.041586913,-0.6084131,-0.40841308,-1.0084131,-1.2684131,-2.048413,-2.6684132,-2.968413,-3.518413,-3.608413,-4.118413,-4.5684133,-4.858413,-4.768413,-5.178413,-6.078413,-6.158413,-5.638413,-6.128413,-6.448413,-6.228413,-6.238413,-6.158413,-5.958413,-6.108413,-5.998413,-6.248413,-6.0884132,-6.108413,-5.808413,-6.0884132,-5.698413,-5.308413,-4.658413,-4.208413,-4.308413,-4.468413,-3.478413,-3.218413,-3.258413,-3.298413,-3.038413,-2.758413,-2.1784132
6.271587,5.691587,5.081587,4.821587,4.711587,5.211587,4.881587,5.391587,2.681587,3.3615868,2.671587,3.1215868,0.12158691,0.28158692,-1.3784131,-1.428413,-2.058413,-1.8884131,-2.998413,-3.8884132,-4.188413,-3.748413,-4.928413,-4.688413,-5.518413,-6.288413,-6.378413,-5.738413,-6.888413,-6.558413,-7.0684133,-6.708413,-7.438413,-8.018414,-7.728413,-7.7784133,-7.428413,-7.0284133,-7.148413,-6.718413,-6.948413,-6.668413,-6.628413,-6.408413,-6.368413,-6.5484133,-5.928413,-5.118413,-5.558413,-4.878413,-4.718413,-3.758413,-4.018413,-4.208413,-4.098413,-4.118413,-3.6284132,-2.9184132
5.711587,6.2415867,6.581587,6.281587,5.891587,5.251587,2.901587,6.781587,0.4215869,4.301587,4.401587,0.5315869,-0.5084131,-1.4884131,-2.468413,-2.258413,-2.808413,-2.9284132,-4.368413,-4.638413,-5.358413,-5.5084133,-5.8384132,-5.988413,-6.488413,-7.178413,-7.078413,-6.698413,-6.748413,-8.088413,-8.858413,-8.038413,-8.108413,-8.758413,-8.688413,-8.518414,-7.878413,-8.088413,-7.888413,-7.578413,-7.058413,-7.118413,-7.198413,-6.828413,-6.678413,-6.158413,-6.2984133,-5.898413,-5.428413,-5.308413,-5.178413,-5.378413,-4.888413,-4.688413,-4.888413,-4.468413,-4.0684133,-3.548413
4.271587,4.851587,5.6615868,5.301587,3.981587,3.6215868,3.761587,2.531587,0.5915869,-0.008413086,2.031587,-1.0884131,-1.2384131,-3.088413,-3.578413,-4.108413,-4.0684133,-5.2584133,-5.7584133,-5.698413,-5.8184133,-6.238413,-6.388413,-6.308413,-7.518413,-7.898413,-7.968413,-7.038413,-8.038413,-7.288413,-8.978413,-8.328413,-9.098413,-9.0584135,-9.378413,-8.998413,-8.688413,-8.888413,-8.448413,-8.3084135,-8.108413,-7.718413,-7.558413,-7.608413,-7.398413,-7.2784133,-6.8184133,-6.248413,-6.078413,-6.578413,-6.238413,-6.098413,-5.868413,-5.428413,-4.968413,-4.358413,-3.718413,-3.1884131
2.771587,3.131587,3.911587,2.5615869,2.8715868,2.651587,2.131587,0.5915869,1.9815869,-0.7384131,-1.918413,-2.058413,-2.308413,-3.338413,-4.448413,-4.578413,-5.578413,-6.698413,-6.898413,-7.358413,-7.208413,-6.938413,-6.918413,-6.618413,-8.318413,-8.598413,-8.408413,-8.028413,-8.668413,-9.468413,-9.108413,-9.318413,-9.068413,-9.478413,-9.908413,-10.508413,-9.698413,-8.708413,-8.5584135,-8.678413,-8.378413,-8.318413,-8.238413,-9.0584135,-8.378413,-8.048413,-7.0484133,-7.108413,-7.198413,-7.2584133,-6.708413,-6.308413,-5.898413,-5.248413,-4.7584133,-3.498413,-3.498413,-3.228413
0.09158692,0.4415869,0.6115869,0.8615869,0.5915869,0.3215869,-0.31841308,-1.298413,-1.2384131,-2.3784132,-2.118413,-2.9184132,-3.778413,-3.8784132,-4.648413,-5.018413,-6.748413,-7.418413,-7.808413,-8.388413,-8.338413,-7.288413,-7.288413,-7.328413,-8.528413,-8.928413,-8.498413,-8.918413,-8.858413,-9.148413,-9.228413,-9.428413,-9.468413,-10.0584135,-9.758413,-9.328413,-10.028413,-9.898413,-8.878413,-9.078413,-9.108413,-8.778413,-8.848413,-9.138413,-9.098413,-8.658413,-7.928413,-7.098413,-6.848413,-6.538413,-6.478413,-5.668413,-5.188413,-4.978413,-4.598413,-4.138413,-3.268413,-2.4584131
-2.8984132,-2.6484132,-2.238413,-2.6884131,-1.8984131,-2.538413,-2.608413,-2.738413,-3.088413,-1.7084131,-2.358413,-4.038413,-4.898413,-4.908413,-5.378413,-6.018413,-7.728413,-7.7584133,-8.638413,-8.798413,-8.848413,-8.908413,-8.798413,-7.518413,-9.288413,-9.838413,-8.998413,-9.698413,-9.528413,-9.448413,-9.788413,-8.228413,-8.478413,-9.428413,-10.518414,-10.418413,-10.158413,-10.418413,-8.898413,-9.108413,-8.638413,-8.788413,-8.678413,-7.958413,-7.598413,-7.428413,-7.518413,-7.078413,-6.2784133,-6.388413,-6.0484133,-5.3184133,-4.898413,-4.328413,-4.018413,-3.278413,-1.3684131,-0.8484131
-4.0284133,-4.3184133,-4.328413,-3.9484131,-4.2984133,-4.228413,-3.6784132,-3.838413,-2.498413,-2.728413,-3.4084132,-5.208413,-5.628413,-5.538413,-5.698413,-6.718413,-7.5884132,-7.668413,-6.8384132,-7.788413,-8.708413,-9.568413,-9.538413,-8.738413,-9.988413,-10.368413,-8.778413,-8.498413,-7.868413,-8.628413,-9.988413,-9.118413,-8.818413,-8.978413,-9.188413,-9.168413,-10.338413,-10.418413,-10.708413,-10.008413,-9.388413,-9.088413,-7.7584133,-7.668413,-7.748413,-7.968413,-7.2584133,-7.078413,-6.938413,-5.978413,-5.0284133,-5.208413,-4.0884132,-3.6584132,-2.578413,-1.3784131,-0.8684131,-0.40841308
-4.898413,-4.738413,-5.0884132,-5.768413,-5.328413,-5.558413,-4.868413,-4.058413,-4.178413,-4.658413,-5.128413,-6.208413,-6.2784133,-5.998413,-6.648413,-6.5684133,-7.0484133,-7.7584133,-6.698413,-8.108413,-8.568413,-9.0584135,-9.438413,-8.528413,-7.078413,-6.708413,-7.978413,-9.458413,-8.638413,-8.748413,-8.818413,-9.298413,-10.018414,-9.388413,-9.168413,-9.968413,-9.598413,-8.888413,-9.028413,-9.878413,-9.878413,-8.598413,-8.428413,-8.408413,-7.948413,-7.808413,-7.558413,-7.078413,-5.808413,-4.618413,-3.6484132,-3.3784132,-2.998413,-2.4084132,-0.7184131,-1.178413,0.0015869141,0.8815869
-5.478413,-5.668413,-5.988413,-5.878413,-6.158413,-5.768413,-5.348413,-6.0684133,-5.848413,-6.7784133,-6.8384132,-6.918413,-7.038413,-6.878413,-6.998413,-5.908413,-6.7584133,-7.558413,-7.2784133,-6.058413,-7.988413,-8.498413,-8.778413,-8.568413,-8.048413,-7.8184133,-6.398413,-9.038413,-9.018414,-8.908413,-9.818413,-9.648413,-8.908413,-9.928413,-9.898413,-10.3084135,-10.148413,-10.908413,-10.798413,-9.958413,-9.408413,-9.038413,-8.428413,-8.028413,-9.398413,-7.888413,-7.2584133,-7.478413,-6.458413,-5.038413,-3.9184132,-3.4484131,-2.588413,-2.528413,-1.9584131,-0.9184131,-0.40841308,-1.4784131
-6.728413,-6.5684133,-6.988413,-6.2984133,-5.7984133,-6.608413,-6.958413,-7.518413,-7.928413,-7.098413,-7.428413,-7.448413,-7.228413,-7.628413,-6.998413,-6.168413,-6.868413,-7.3184133,-7.078413,-6.2984133,-7.118413,-8.218413,-8.328413,-8.878413,-8.588413,-8.528413,-7.698413,-8.148413,-8.618413,-9.258413,-9.278413,-9.458413,-9.888413,-9.668413,-9.748413,-10.268414,-9.688413,-9.838413,-9.578413,-9.268414,-9.408413,-8.698413,-9.798413,-8.0584135,-8.328413,-7.3184133,-7.058413,-6.738413,-6.558413,-5.448413,-4.408413,-4.108413,-2.868413,-3.228413,-2.6784132,-1.8684131,-1.6384131,-2.118413
-7.248413,-7.288413,-6.718413,-6.5684133,-6.598413,-7.428413,-8.3084135,-8.528413,-8.038413,-7.678413,-8.038413,-8.0584135,-8.328413,-6.948413,-7.7584133,-6.998413,-7.0084133,-7.618413,-7.348413,-7.098413,-6.868413,-8.028413,-8.238413,-8.648413,-9.338413,-9.658413,-8.758413,-8.978413,-9.138413,-8.848413,-8.538413,-8.528413,-8.988413,-9.128413,-9.368413,-8.958413,-8.448413,-8.798413,-8.818413,-7.968413,-8.738413,-8.268414,-7.918413,-8.118413,-7.078413,-7.228413,-7.148413,-6.0684133,-5.878413,-5.5884132,-5.148413,-4.5684133,-3.598413,-3.538413,-4.268413,-4.078413,-2.988413,-2.3784132
-8.118413,-7.368413,-7.348413,-6.828413,-7.188413,-7.618413,-8.598413,-8.398413,-8.578413,-8.678413,-8.228413,-8.568413,-8.688413,-8.368413,-8.148413,-7.928413,-8.448413,-8.218413,-7.728413,-8.028413,-7.708413,-8.028413,-8.428413,-8.688413,-9.398413,-9.828413,-10.248413,-9.978413,-9.568413,-8.648413,-8.618413,-8.478413,-9.138413,-9.418413,-8.648413,-7.628413,-8.968413,-7.5684133,-8.318413,-7.8184133,-8.348413,-7.458413,-7.848413,-6.3384132,-6.468413,-6.768413,-6.648413,-5.878413,-5.888413,-5.368413,-5.268413,-4.478413,-5.0484133,-4.628413,-5.138413,-4.0884132,-3.548413,-3.1384132
-8.518414,-7.7784133,-7.248413,-8.328413,-8.128413,-7.7984133,-8.858413,-8.8084135,-9.238413,-9.208413,-8.918413,-9.438413,-9.368413,-9.118413,-8.848413,-8.568413,-8.918413,-9.248413,-8.428413,-8.068413,-8.148413,-8.278413,-8.888413,-8.888413,-9.968413,-9.948413,-10.5584135,-10.228413,-9.768414,-9.268414,-8.5584135,-8.008413,-6.698413,-6.438413,-8.698413,-8.138413,-7.538413,-7.518413,-7.478413,-8.138413,-7.748413,-7.198413,-7.378413,-6.878413,-6.408413,-5.828413,-5.488413,-5.988413,-4.978413,-5.618413,-6.288413,-6.458413,-5.058413,-5.108413,-5.7784133,-4.988413,-4.8384132,-4.858413
-8.668413,-8.278413,-7.658413,-7.978413,-7.518413,-8.208413,-8.668413,-9.158413,-9.118413,-9.358413,-9.578413,-9.758413,-9.858413,-9.508413,-9.268414,-8.708413,-8.988413,-9.438413,-8.878413,-8.388413,-8.688413,-9.388413,-9.238413,-8.618413,-9.138413,-10.158413,-10.458413,-9.778413,-10.828413,-9.738413,-9.908413,-8.688413,-7.918413,-7.618413,-7.3384132,-7.248413,-7.2784133,-7.418413,-7.308413,-6.828413,-6.638413,-8.018414,-7.828413,-6.5684133,-6.2984133,-5.0284133,-5.368413,-4.768413,-4.898413,-4.938413,-5.0284133,-6.448413,-5.5284133,-5.108413,-4.688413,-4.898413,-5.518413,-5.598413
-8.908413,-8.458413,-8.318413,-7.7784133,-7.608413,-8.688413,-8.648413,-8.968413,-8.788413,-9.458413,-9.548413,-9.328413,-9.298413,-9.218413,-9.148413,-8.838413,-8.5584135,-9.098413,-8.458413,-8.248413,-7.658413,-8.148413,-9.338413,-6.828413,-5.878413,-7.978413,-1.3884131,-8.228413,-9.288413,-9.258413,-8.638413,-9.038413,-7.488413,-7.808413,-7.688413,-7.5484133,-7.168413,-7.2784133,-7.348413,-6.518413,-6.698413,-7.388413,-6.218413,-6.938413,-7.0884132,-5.608413,-5.488413,-5.558413,-4.618413,-5.468413,-5.478413,-4.978413,-6.628413,-5.5284133,-4.3384132,-5.938413,-4.938413,-5.938413
-9.238413,-8.588413,-8.708413,-8.518414,-8.578413,-8.678413,-8.728413,-9.038413,-8.858413,-8.998413,-9.238413,-8.868413,-9.168413,-8.918413,-8.928413,-8.658413,-8.818413,-8.678413,-8.278413,-7.608413,-7.3384132,-7.358413,-6.478413,-6.708413,-7.228413,-8.158413,-8.718413,-8.338413,-6.5684133,-7.0284133,-7.938413,-8.688413,-8.948413,-8.658413,-7.878413,-7.398413,-8.178413,-7.198413,-6.848413,-5.438413,-6.768413,-7.138413,-7.098413,-7.418413,-5.728413,-6.988413,-5.5284133,-6.0084133,-5.5884132,-5.198413,-6.538413,-6.168413,-6.0284133,-6.078413,-5.178413,-5.478413,-5.488413,-5.718413
-8.778413,-8.748413,-8.528413,-9.038413,-8.968413,-8.748413,-9.118413,-8.588413,-8.698413,-8.848413,-9.028413,-8.748413,-9.038413,-9.348413,-9.188413,-8.958413,-9.208413,-8.998413,-8.368413,-8.368413,-8.468413,-7.268413,-6.888413,-7.288413,-7.118413,-6.5084133,-6.098413,-5.428413,-1.8984131,-11.708413,-3.488413,-4.428413,-7.718413,-9.128413,-8.538413,-7.968413,-8.408413,-8.608413,-7.7984133,-7.348413,-7.698413,-7.038413,-7.598413,-6.488413,-6.7584133,-6.7584133,-6.5684133,-6.948413,-5.878413,-5.738413,-6.738413,-5.438413,-6.828413,-5.618413,-6.678413,-6.138413,-6.238413,-5.928413
-9.288413,-9.098413,-8.758413,-8.528413,-8.918413,-8.378413,-8.648413,-8.508413,-8.108413,-9.368413,-8.678413,-8.708413,-8.958413,-9.008413,-9.218413,-9.338413,-9.828413,-9.348413,-8.938413,-9.148413,-8.318413,-7.288413,-6.7984133,-7.8184133,-7.968413,-7.7984133,-7.668413,-7.518413,-3.1884131,4.151587,-6.248413,-8.628413,-8.168413,-8.608413,-9.228413,-8.608413,-8.248413,-8.688413,-8.658413,-7.8184133,-7.958413,-7.0284133,-6.328413,-7.438413,-7.208413,-6.448413,-7.608413,-5.978413,-7.018413,-5.538413,-6.718413,-4.638413,-6.198413,-6.7784133,-5.348413,-6.408413,-6.858413,-6.128413
-8.738413,-8.968413,-8.888413,-8.998413,-8.408413,-8.618413,-8.318413,-8.268414,-8.898413,-8.618413,-8.8084135,-8.758413,-8.128413,-8.768414,-8.498413,-8.618413,-8.218413,-9.078413,-9.078413,-9.378413,-8.668413,-8.038413,-8.428413,-8.418413,-9.248413,-9.8084135,-9.198413,-9.998413,-10.718413,-10.458413,-9.948413,-9.388413,-8.878413,-8.988413,-9.288413,-9.098413,-9.008413,-8.128413,-8.858413,-8.838413,-7.908413,-7.388413,-6.558413,-7.138413,-7.218413,-6.108413,-7.958413,-6.688413,-7.178413,-6.2984133,-5.628413,-6.078413,-6.648413,-5.198413,-5.988413,-6.158413,-8.158413,-7.218413
-9.198413,-8.958413,-9.748413,-9.328413,-8.878413,-8.838413,-8.488413,-8.488413,-8.418413,-8.838413,-8.918413,-8.838413,-8.298413,-7.908413,-7.898413,-8.018414,-7.878413,-8.5584135,-9.318413,-9.618413,-9.188413,-8.768414,-8.838413,-9.408413,-8.878413,-9.638413,-9.788413,-9.638413,-9.108413,-10.378413,-9.758413,-9.278413,-8.628413,-9.038413,-9.268414,-9.578413,-9.998413,-8.418413,-9.008413,-8.958413,-8.048413,-7.7784133,-6.748413,-7.238413,-7.388413,-6.708413,-6.108413,-6.8184133,-6.888413,-6.288413,-5.608413,-6.0684133,-5.638413,-5.2584133,-7.0284133,-5.908413,-8.548413,-8.298413
-9.008413,-10.098413,-9.638413,-9.538413,-9.208413,-9.068413,-8.938413,-8.668413,-8.578413,-8.898413,-8.678413,-8.588413,-8.128413,-7.408413,-7.268413,-7.138413,-7.5084133,-8.268414,-10.188413,-9.978413,-10.208413,-9.758413,-8.998413,-10.158413,-8.938413,-9.648413,-10.128413,-9.368413,-10.908413,-9.208413,-9.208413,-9.3084135,-9.688413,-9.238413,-9.738413,-9.758413,-9.658413,-9.988413,-9.618413,-8.688413,-8.098413,-6.968413,-7.7784133,-6.748413,-7.108413,-7.488413,-7.128413,-6.738413,-7.868413,-6.468413,-5.518413,-6.5684133,-6.638413,-5.658413,-6.228413,-7.118413,-7.858413,-8.328413
-9.348413,-9.918413,-10.328413,-9.258413,-8.928413,-9.318413,-9.148413,-9.438413,-9.128413,-9.038413,-8.8084135,-8.488413,-8.378413,-7.108413,-6.988413,-7.488413,-7.708413,-7.7984133,-10.178413,-10.748413,-10.598413,-10.368413,-9.948413,-8.848413,-10.218413,-10.458413,-10.228413,-10.578413,-10.108413,-9.5584135,-9.518414,-10.718413,-10.448413,-9.838413,-10.298413,-10.768414,-9.978413,-9.918413,-9.258413,-9.198413,-9.338413,-7.5884132,-7.908413,-7.848413,-7.498413,-7.668413,-7.428413,-7.118413,-6.5884132,-5.598413,-6.0284133,-6.188413,-5.558413,-5.488413,-7.038413,-8.158413,-8.168413,-7.808413
-9.358413,-9.378413,-9.998413,-8.998413,-8.948413,-9.178413,-9.928413,-9.488413,-9.438413,-8.868413,-8.768414,-8.718413,-7.988413,-6.228413,-6.958413,-7.108413,-7.738413,-8.928413,-10.818413,-11.048413,-10.438413,-10.238413,-10.388413,-9.898413,-9.848413,-11.138413,-10.0584135,-9.938413,-10.958413,-9.198413,-10.028413,-9.718413,-9.918413,-10.018414,-10.018414,-10.678413,-10.398413,-10.328413,-9.868413,-10.008413,-9.108413,-8.818413,-7.988413,-7.868413,-7.418413,-7.688413,-6.858413,-6.8184133,-6.078413,-6.868413,-6.398413,-5.228413,-5.478413,-6.198413,-7.428413,-8.008413,-7.768413,-7.828413
-9.998413,-9.088413,-9.478413,-9.778413,-8.898413,-9.288413,-9.668413,-9.178413,-8.728413,-8.5584135,-8.118413,-8.408413,-7.5084133,-4.858413,-6.978413,-7.598413,-8.118413,-9.118413,-10.358413,-11.398413,-10.518414,-10.318413,-9.888413,-10.818413,-10.3084135,-9.848413,-10.918413,-9.998413,-10.358413,-9.8084135,-9.438413,-10.188413,-10.398413,-9.818413,-10.918413,-10.708413,-10.588413,-10.198413,-10.0584135,-9.468413,-8.948413,-8.638413,-8.318413,-7.998413,-7.478413,-7.538413,-6.898413,-6.328413,-6.7984133,-7.378413,-5.7784133,-6.7984133,-6.428413,-6.558413,-6.5284133,-7.268413,-6.928413,-7.868413
