json/gfs_20240725_00.json
{"header": { "discipline":0, "disciplineName":"Meteorological products", "gribEdition":2, "gribLength":79228, "center":7, "centerName":"US National Weather Service - NCEP(WMC)", "subcenter":0, "refTime":"2024-07-25T00:00:00.000Z", "significanceOfRT":1, "significanceOfRTName":"Start of forecast", "productStatus":0, "productStatusName":"Operational products", "productType":1, "productTypeName":"Forecast products", "productDefinitionTemplate":0, "productDefinitionTemplateName":"Analysis/forecast at horizontal level/layer at a point in time", "parameterCategory":2, "parameterCategoryName":"Momentum", "parameterNumber":2, "parameterNumberName":"U-component_of_wind", "parameterUnit":"m.s-1", "genProcessType":2, "genProcessTypeName":"Forecast", "forecastTime":0, "surface1Type":103, "surface1TypeName":"Specified height level above ground", "surface1Value":10.0, "surface2Type":255, "surface2TypeName":"Missing", "surface2Value":0.0, "gridDefinitionTemplate":0, "gridDefinitionTemplateName":"Latitude_Longitude", "numberPoints":65160, "shape":6, "shapeName":"Earth spherical with radius of 6,371,229.0 m", "gridUnits":"degrees", "resolution":48, "winds":"true", "scanMode":0, "nx":360, "ny":181, "basicAngle":0, "lo1":0.0, "la1":90.0, "lo2":359.0, "la2":-90.0, "dx":1.0, "dy":1.0 }, "data":
[rows 52 to 77 of 181, columns 58 to 115 of 360]
0.8700708,3.6800709,3.5000708,1.5700707,0.3900708,0.2200708,-1.0199292,-0.5599292,-1.8499292,1.3600708,-0.8899292,-2.1199293,-3.2099292,1.9500709,-0.4599292,0.5900708,-1.4099292,-0.6499292,-0.9599292,-0.8499292,-1.4799292,-3.329929,-2.5499291,-0.7799292,1.6500708,-2.3199291,-1.6999292,-0.5599292,-3.0099292,-0.1599292,0.7100708,1.2200708,-2.7699292,-0.5299292,0.9200708,2.4800708,0.6900708,-1.9299293,-0.6199292,-0.9599292,-0.3599292,1.1400708,1.2000709,0.9200708,1.4100708,0.4200708,0.1500708,1.6800708,2.0600708,1.8400708,1.7300708,1.4500709,-0.2299292,0.2800708,1.5400708,1.5100708,-1.0999292,-1.4599292
-1.0499291,-1.4699292,3.1100707,2.7100708,1.0200708,0.7900708,-0.1199292,3.9600708,4.240071,4.1500707,1.5300708,-0.8299292,-1.8399292,-1.1199292,2.5300708,1.6900707,-0.1399292,-1.3499292,-0.37992918,-0.049929198,-0.7499292,0.5300708,1.6300708,3.7100708,3.4800708,-0.0999292,-4.2499294,-1.2299292,-1.1999292,3.8200707,-3.9699292,-2.7999291,-1.2599292,-3.0099292,-0.3499292,1.9800708,1.6700708,0.8300708,-3.6399293,-1.6299292,-4.779929,-0.2799292,1.0300708,-0.4499292,7.080078E-5,0.0700708,0.4400708,0.6600708,-1.5099292,0.3000708,0.7900708,1.2200708,1.0700707,1.0000708,1.8000708,0.8000708,-0.6499292,-0.5899292
-1.9199291,-3.0199292,0.5400708,0.3900708,2.170071,0.4800708,-2.3699293,-2.0399292,1.4200708,0.2000708,1.9500709,-1.5099292,-0.9799292,1.7500708,1.1000708,0.8900708,-0.4499292,-1.4999292,-0.5699292,1.5100708,-0.5199292,-0.3499292,0.5900708,7.080078E-5,1.4100708,-0.3399292,0.4500708,-0.4899292,-4.319929,-5.8699293,-5.439929,-1.6499292,-3.0599291,-0.8999292,-0.3299292,-1.0399292,-0.5899292,-0.0899292,-0.8899292,-0.1199292,-1.7499292,-1.3899292,-0.3099292,-1.9399292,-0.2699292,0.040070802,-1.1299292,-0.3899292,0.9900708,1.4000708,0.0900708,1.7200708,0.9400708,1.5000708,1.8000708,-0.3399292,0.4700708,0.2300708
-4.6199293,-3.3099291,-2.2499292,-0.8099292,1.5000708,0.1200708,-2.3199291,-1.1799293,-1.6199292,-0.8299292,-0.1799292,2.3800707,0.2600708,0.5500708,-1.5799292,-1.6399292,0.100070804,-0.2799292,1.0200708,-0.1799292,0.7900708,-0.6199292,2.0500708,-2.2699292,-4.699929,-2.3899293,1.0900708,-2.0199292,-4.879929,-1.3699292,-2.1399293,-3.8199291,-5.239929,-4.949929,-2.8699293,-1.3299292,-2.6799293,-2.5599291,-1.1599292,-2.6599293,-1.2499292,-1.0999292,-0.9399292,-1.3899292,-0.5099292,-0.0799292,-0.5999292,0.8400708,0.37007082,0.5600708,1.0700707,0.6800708,4.3200707,1.4200708,2.170071,2.0600708,0.9000708,1.8700708
-3.589929,-0.3699292,0.9400708,-4.5599294,-3.2399292,-2.1799293,-1.7499292,-0.0899292,-0.1699292,-0.1399292,0.8800708,0.3100708,-0.0799292,-0.049929198,-0.8999292,-1.9999292,-1.4399292,-0.7599292,-0.4399292,2.2100708,2.6800709,2.1000707,0.9600708,-1.5899292,-2.0099292,-1.6099292,0.8200708,-1.5299292,-1.2699292,-0.3699292,-1.9199291,-1.2199292,-2.6499293,-0.5899292,-1.0899292,-4.029929,-1.8699292,-1.9399292,-1.3099293,-0.8799292,-0.9499292,-0.6399292,-0.8599292,-1.2299292,-1.4199291,-0.1099292,0.3400708,0.2500708,0.3200708,-0.1999292,0.2600708,1.6900707,1.2500708,-0.1299292,1.1700708,3.5100708,0.19007081,-2.079929
-7.989929,-6.7899294,1.4100708,5.020071,-0.029929198,-2.1299293,-2.7299292,-3.1399293,-0.7799292,0.9600708,-0.6399292,-0.8799292,0.0700708,-0.2799292,0.8800708,-1.6699291,-1.6699291,-2.1699293,-0.9699292,0.0300708,1.8300709,1.0300708,2.2400708,0.6500708,-3.0399292,-1.9799292,-1.3799292,-0.4599292,1.3000708,1.1000708,-3.5599291,-1.5199292,-1.7199292,-4.549929,-1.4499292,-1.0099292,-1.2899292,-0.8799292,-0.4799292,-0.5099292,-0.7199292,-1.7999291,-0.8299292,-1.8499292,-0.9499292,-0.7099292,0.8700708,0.6500708,-0.4399292,0.8200708,1.1900707,0.2100708,1.4500709,1.1400708,2.4800708,-2.1799293,-0.6999292,-2.4799292
-0.1199292,-7.3699293,-0.7699292,4.640071,6.1500707,0.8800708,-4.009929,0.0600708,-1.1499292,0.2800708,-1.1099292,-1.3299292,-1.1899292,-3.339929,-1.4099292,-0.3699292,-1.6299292,-1.9599292,-2.2799292,-0.1499292,1.7800708,2.7600708,2.7200708,0.7500708,1.9300708,-0.0699292,-2.0399292,7.080078E-5,0.1400708,-0.5199292,-4.449929,-3.5699291,-2.8999293,-2.0499291,-1.6699291,-2.4299293,1.1400708,-1.2799292,-0.5599292,-1.2799292,-1.3999292,-1.5099292,-0.7799292,-0.6799292,0.3800708,-0.2899292,1.1600708,0.9500708,0.6300708,-0.6399292,-0.4199292,-0.4199292,0.5000708,1.2700708,2.8100708,1.6000708,-1.4699292,-5.469929
0.3300708,-5.3899293,-5.319929,5.1100707,8.090071,6.560071,1.8500708,3.420071,0.0600708,0.9000708,0.2800708,0.0200708,0.1600708,-0.4599292,-1.8399292,0.1500708,3.8300707,-2.3899293,-0.2799292,-0.9599292,0.1400708,2.0600708,0.7300708,-0.2299292,1.4400707,0.4800708,2.1100707,-0.6199292,-1.2999291,2.4700708,-0.5199292,0.8800708,-1.6899292,-1.5799292,-0.8899292,-0.5299292,-0.5799292,0.0300708,-1.0199292,-0.9899292,-1.2199292,-0.7199292,-1.2999291,-0.3099292,-0.1799292,-0.7799292,0.7200708,1.4000708,0.5800708,0.4900708,-1.5799292,-1.0299292,-0.1899292,0.9700708,0.5800708,1.3700708,0.2900708,-0.3399292
0.5100708,-0.6299292,-3.9899292,3.7800708,6.010071,6.9600706,9.340071,4.200071,-0.5199292,-1.6899292,-0.7299292,0.37007082,2.650071,-0.1099292,-0.6499292,1.3000708,1.3800708,1.0000708,1.6100708,-1.6099292,-0.7799292,-0.3399292,-0.1199292,1.0100708,0.2800708,0.8800708,0.1500708,1.2200708,0.7600708,1.6700708,-1.2099292,-1.0099292,0.7800708,-0.6399292,0.0800708,-1.7299292,-1.2099292,-1.0899292,0.6400708,-1.6699291,-0.3299292,0.1800708,-1.7499292,0.0600708,-0.7999292,1.4200708,1.2700708,1.5600708,1.6100708,1.0900708,0.2900708,-0.0799292,0.2700708,0.0700708,0.7800708,-0.7599292,-2.329929,-0.2099292
0.9100708,2.5000708,-4.9099293,0.8600708,4.850071,4.270071,0.7200708,3.920071,-1.7299292,0.3900708,-2.3899293,-0.4799292,5.050071,4.200071,-0.5299292,-0.009929199,0.4300708,1.6300708,-0.3899292,0.8600708,-2.839929,-1.5799292,-1.3499292,0.2600708,0.1100708,0.19007081,1.1500708,1.0400708,0.9300708,0.4400708,1.8800708,-0.5699292,-0.8399292,-0.1299292,0.2100708,-1.4599292,-0.6799292,-0.5399292,-0.8599292,0.6600708,-0.7099292,-0.8599292,-1.5399292,-0.3299292,-0.5999292,0.0500708,0.5500708,0.9000708,2.1200707,0.9100708,0.6300708,0.3400708,0.1500708,0.1400708,0.4400708,-1.0499291,-0.2199292,-0.1599292
3.2000709,0.3400708,-1.3199292,-0.2799292,0.3800708,6.4800706,5.200071,-0.4199292,-0.6699292,-0.1399292,-2.4099293,-1.5299292,1.5400708,3.900071,5.9600706,3.8500707,1.6600708,1.4400707,2.2000709,0.9500708,0.8200708,-2.0299292,-2.6699293,-2.1399293,-1.1999292,-0.8099292,0.0600708,-0.2099292,0.2500708,1.2000709,0.100070804,0.2700708,-0.6899292,0.2600708,0.0900708,-0.1899292,-0.5499292,0.4300708,-0.5599292,-0.7199292,-0.1699292,-0.2899292,-0.7399292,0.2300708,0.0600708,-0.9099292,0.2900708,0.2700708,0.9700708,0.9500708,0.5000708,0.4700708,-0.2499292,0.9900708,0.4200708,2.140071,0.6700708,-2.579929
2.2400708,0.1100708,-0.8199292,0.8500708,2.640071,3.390071,0.6300708,-0.009929199,1.4200708,1.3300709,-2.859929,-1.0499291,0.7900708,3.7300708,4.5900707,5.160071,3.9900708,3.3000708,2.160071,3.3400707,2.5200708,2.0500708,-1.8399292,-3.2999291,-3.6999292,-3.6399293,-2.7399292,-2.7599292,-0.5199292,-0.3399292,-1.1299292,-0.5399292,0.6000708,-0.0999292,-0.7499292,-0.019929199,-1.2099292,-0.3199292,-0.3999292,-0.7999292,-0.7199292,-0.2399292,0.5300708,-0.6099292,-0.5699292,-0.37992918,-1.1399292,0.5000708,0.8400708,0.5400708,0.7300708,1.2600708,0.1600708,1.5300708,0.4000708,0.3300708,0.010070801,-0.5999292
-2.349929,-0.1399292,2.0200708,-0.2499292,-1.9399292,-1.4199291,1.7600708,-0.1599292,0.4000708,1.7300708,1.0900708,0.4100708,2.7400708,4.8400707,4.8800707,5.5900707,4.8400707,3.420071,2.910071,2.6200707,4.4200706,3.4400709,0.2400708,-1.3999292,-2.4899292,-3.2899292,-4.229929,-3.9599292,-4.1199293,-3.2999291,-2.849929,-2.6799293,-2.1999292,-1.3799292,0.2100708,-1.7399292,-1.1199292,-0.5699292,-0.4999292,-0.7499292,-0.8599292,0.0900708,0.7900708,-0.6899292,-0.4499292,-0.7199292,-0.7299292,0.3200708,-0.1399292,0.7800708,0.6400708,0.6500708,0.4000708,0.7900708,0.5900708,0.7500708,0.9200708,1.6500708
3.5400708,1.3900708,2.9500709,-0.4899292,-0.5699292,-0.1899292,2.7300708,3.640071,5.4800706,5.0900707,6.4000707,3.4700708,4.2500706,4.620071,4.5900707,4.580071,1.9000708,3.170071,3.410071,3.2800708,4.830071,3.6000707,3.910071,1.4200708,0.6900708,-0.2499292,-2.5299292,-3.2299292,-2.4999292,-2.4799292,-2.1899292,-2.7499292,-3.339929,-2.6399293,-0.8099292,-0.3699292,-0.6799292,0.0300708,-0.009929199,-0.1299292,-0.2399292,0.5100708,0.5000708,0.0500708,-0.6499292,-1.0299292,-0.6199292,0.6500708,0.3000708,0.9300708,0.6400708,-0.2599292,0.8800708,1.4100708,1.2700708,1.7100708,1.7500708,2.4500709
-2.4699292,-0.0399292,1.5000708,2.6300707,3.170071,5.350071,6.120071,6.6100707,7.220071,7.600071,6.9400706,7.310071,7.530071,6.780071,3.5300708,3.2300708,4.1300707,5.3400707,5.530071,4.3800707,5.3600707,4.600071,3.6300707,4.290071,3.0400708,1.8900708,2.4900708,1.2800708,0.5000708,1.0300708,-2.7699292,-2.8699293,-3.099929,-2.6499293,-0.4199292,-0.37992918,-0.9299292,-1.1499292,0.7400708,0.1300708,-0.4399292,0.2700708,0.6300708,0.6900708,-0.3999292,-0.8699292,-0.5399292,0.6000708,0.8300708,0.4600708,0.3500708,0.4500708,0.4800708,0.7200708,1.5000708,1.1400708,1.3800708,2.4500709
-0.5899292,2.0300708,1.0800709,6.240071,8.760071,7.3400707,7.620071,8.300071,9.030071,9.16007,8.570071,6.720071,7.4800706,5.4400706,5.680071,4.5700707,3.9600708,4.8600707,4.0000706,4.3400707,4.330071,5.060071,4.8600707,3.0000708,2.3400707,2.0600708,0.9200708,2.0500708,0.5100708,3.4300709,2.0700707,-1.4599292,-1.9099292,-2.8799293,-0.7899292,-0.5799292,0.0900708,-1.7299292,0.5000708,-0.1899292,0.1700708,-0.1999292,1.1100708,0.7600708,0.2600708,-0.0799292,-0.7899292,0.3200708,0.4400708,0.1500708,0.6000708,-0.0899292,0.4900708,1.3600708,2.150071,4.520071,3.910071,2.9500709
-0.5299292,3.3200707,7.760071,9.430071,10.020071,9.170071,7.870071,10.940071,9.230071,10.49007,10.020071,8.800071,6.200071,4.990071,4.6900706,5.530071,2.5100708,1.5700707,4.9600706,4.0000706,4.600071,4.530071,1.0000708,3.0200708,4.1500707,4.220071,3.8000708,0.3200708,2.670071,1.1100708,2.170071,2.650071,0.3900708,-1.6999292,-1.3299292,-0.8899292,0.2800708,-0.7399292,-0.8299292,-0.5999292,0.0700708,0.1400708,0.3300708,0.4000708,-0.0699292,0.010070801,0.8700708,0.3000708,0.040070802,-0.1799292,0.1100708,-2.0599291,-1.2499292,1.0000708,2.1300707,4.270071,8.970071,12.360071
2.140071,8.540071,10.460071,11.190071,9.780071,9.960071,8.560071,11.730071,9.800071,10.150071,11.37007,10.820071,9.930071,6.080071,9.430071,6.830071,6.370071,2.5000708,4.060071,4.680071,6.1300707,4.7300706,4.050071,4.100071,4.9200706,4.200071,3.400071,4.790071,4.220071,8.900071,10.170071,9.470071,7.2100706,5.4600706,-0.7599292,-0.7199292,0.8400708,-3.079929,-2.339929,0.7900708,-0.1399292,0.3600708,0.4500708,1.0600708,0.4000708,-0.2299292,0.5100708,0.9400708,2.0500708,0.7500708,-0.6299292,3.9400709,3.7600708,7.660071,10.3300705,9.66007,9.510071,10.710071
6.4600706,10.750071,11.560071,10.140071,10.49007,10.180071,10.360071,11.340071,10.20007,10.460071,11.720071,12.320071,11.930071,11.560071,10.180071,4.0000706,5.4200706,5.490071,5.2500706,6.950071,7.970071,5.3400707,5.0000706,2.7700708,4.3800707,2.0100708,3.660071,1.7000709,3.3000708,8.940071,10.45007,10.860071,10.760071,9.880071,6.410071,5.100071,-0.3699292,-1.9499292,-1.5199292,1.1600708,0.4400708,0.4600708,-0.2099292,0.8100708,0.6200708,-0.3499292,0.4700708,1.5300708,2.400071,5.8800707,7.640071,7.350071,4.760071,3.3800707,1.3500708,8.880071,11.610071,12.920071
7.850071,16.91007,12.20007,12.70007,11.820071,11.49007,10.720071,11.190071,12.320071,11.980071,12.920071,12.810071,11.99007,11.590071,11.140071,9.820071,5.120071,8.62007,7.6100707,7.6900706,8.090071,5.260071,6.270071,3.8100708,4.1700706,7.4600706,1.6500708,6.600071,8.440071,10.970071,11.440071,12.190071,11.770071,11.980071,12.550071,9.180071,3.1100707,-0.1099292,-0.2299292,1.6100708,0.2400708,-0.5899292,0.1200708,-0.049929198,0.0300708,0.8700708,0.8800708,1.3200707,5.510071,9.070071,9.810071,1.0100708,0.9200708,7.510071,7.3800707,8.550071,8.540071,10.680071
5.370071,13.150071,9.550071,13.170071,11.190071,15.180071,12.45007,12.860071,11.350071,12.730071,12.760071,12.290071,12.800071,12.600071,10.050071,7.7300706,6.770071,5.6700706,6.2100706,7.140071,6.770071,7.580071,5.810071,3.2200708,3.9300709,1.4900708,8.24007,11.400071,11.340071,12.170071,13.340071,13.20007,12.770071,11.91007,10.99007,10.440071,8.790071,3.1800709,1.2900708,-0.1699292,0.9600708,1.7600708,-0.4799292,1.8800708,0.8800708,1.8800708,1.0500708,1.2400708,-0.4499292,10.320071,11.980071,10.130071,8.45007,9.49007,7.520071,8.930071,8.670071,9.24007
7.7100706,9.95007,11.680071,11.260071,11.70007,12.91007,12.720071,13.400071,13.170071,14.070071,13.260071,12.530071,12.430071,11.41007,11.100071,10.060071,9.010071,8.24007,8.600071,7.220071,8.260071,7.830071,5.2100706,5.290071,5.6900706,11.16007,11.290071,12.310071,13.850071,12.530071,12.360071,12.940071,12.900071,12.140071,10.510071,9.730071,8.41007,5.0000706,3.6200707,7.2500706,0.2800708,3.0900707,-0.8499292,1.1800708,1.0300708,0.7600708,2.670071,2.3000708,2.6300707,1.5500708,14.24007,8.860071,2.7300708,3.4500709,7.6300707,8.710071,10.150071,10.630071
9.250071,9.730071,14.430071,11.890071,12.95007,13.220071,13.610071,13.540071,13.99007,13.840071,13.040071,12.860071,11.840071,12.260071,11.95007,11.070071,4.4800706,9.060071,8.140071,8.340071,7.1100707,7.430071,6.530071,5.160071,11.12007,12.340071,11.850071,11.320071,11.020071,12.400071,12.290071,11.8300705,12.010071,11.750071,10.530071,10.610071,9.600071,5.050071,9.590071,10.95007,5.4200706,3.2600708,-1.9699292,0.5900708,3.9800708,4.660071,4.370071,3.660071,1.8900708,2.0200708,1.8800708,7.310071,6.180071,6.180071,7.910071,9.970071,11.24007,9.91007
9.70007,12.820071,11.440071,13.030071,13.320071,12.91007,12.250071,12.530071,13.130071,13.540071,13.470071,13.20007,13.210071,12.610071,12.110071,12.45007,8.70007,7.520071,9.180071,9.530071,9.5800705,8.560071,8.600071,11.090071,11.99007,12.790071,12.810071,10.590071,11.730071,11.430071,11.420071,10.680071,11.5800705,10.670071,10.41007,10.850071,10.260071,9.970071,9.970071,9.030071,3.0200708,1.5900708,2.170071,0.9000708,4.770071,3.2900708,4.3600707,2.3200707,-0.2699292,0.3600708,2.7200708,1.7700708,6.910071,10.380071,9.3300705,7.3800707,8.940071,9.310071
11.70007,11.300071,11.24007,11.180071,13.010071,11.480071,11.70007,12.41007,13.16007,13.66007,12.960071,12.790071,12.940071,12.550071,11.460071,10.95007,9.920071,5.760071,9.430071,11.41007,11.540071,9.170071,6.890071,9.3300705,10.960071,11.560071,8.860071,10.930071,10.970071,10.140071,9.99007,9.570071,10.170071,9.970071,10.99007,10.790071,10.060071,9.790071,9.570071,9.380071,11.790071,1.0600708,2.1000707,1.6200708,1.4300708,3.5900707,1.7100708,1.5900708,0.9900708,0.3900708,4.530071,5.1100707,8.940071,9.230071,7.6500707,8.440071,10.040071,9.37007
12.750071,11.770071,11.210071,10.820071,11.600071,11.500071,12.190071,13.010071,13.420071,12.600071,12.850071,12.300071,12.45007,10.610071,9.960071,10.130071,9.630071,4.5000706,7.2500706,8.070071,10.040071,7.330071,7.0000706,9.730071,10.350071,9.730071,9.16007,9.070071,9.230071,9.750071,9.16007,8.820071,8.780071,9.770071,10.180071,9.000071,9.810071,8.810071,9.12007,8.600071,10.230071,2.7200708,5.770071,5.870071,7.080078E-5,2.9300709,4.740071,0.5600708,0.4500708,2.1900709,0.7800708,4.6300707,0.6800708,6.060071,8.400071,9.030071,10.050071,9.020071
