json/gfs_20240720_06.json
{"header": { "discipline":0, "disciplineName":"Meteorological products", "gribEdition":2, "gribLength":79436, "center":7, "centerName":"US National Weather Service - NCEP(WMC)", "subcenter":0, "refTime":"2024-07-20T06:00:00.000Z", "significanceOfRT":1, "significanceOfRTName":"Start of forecast", "productStatus":0, "productStatusName":"Operational products", "productType":1, "productTypeName":"Forecast products", "productDefinitionTemplate":0, "productDefinitionTemplateName":"Analysis/forecast at horizontal level/layer at a point in time", "parameterCategory":2, "parameterCategoryName":"Momentum", "parameterNumber":3, "parameterNumberName":"V-component_of_wind", "parameterUnit":"m.s-1", "genProcessType":2, "genProcessTypeName":"Forecast", "forecastTime":0, "surface1Type":103, "surface1TypeName":"Specified height level above ground", "surface1Value":10.0, "surface2Type":255, "surface2TypeName":"Missing", "surface2Value":0.0, "gridDefinitionTemplate":0, "gridDefinitionTemplateName":"Latitude_Longitude", "numberPoints":65160, "shape":6, "shapeName":"Earth spherical with radius of 6,371,229.0 m", "gridUnits":"degrees", "resolution":48, "winds":"true", "scanMode":0, "nx":360, "ny":181, "basicAngle":0, "lo1":0.0, "la1":90.0, "lo2":359.0, "la2":-90.0, "dx":1.0, "dy":1.0 }, "data":
[rows 130 to 155 of 181, columns 118 to 176 of 360]
-5.7345214,-6.4045215,-6.4545217,-6.2845216,-5.9345217,-6.8645215,-8.224522,-8.5945215,-8.474522,-7.7945213,-7.4545217,-7.3345213,-6.2645216,-5.7545214,-5.7245216,-4.9845214,-4.1445217,-3.5845215,-2.3945215,-1.5545214,-0.27452147,2.3654785,6.6754785,7.6654787,10.715479,9.665479,6.0954785,11.245479,10.275478,5.7054787,0.115478516,0.9154785,4.0254784,5.0254784,2.2254784,4.1054783,1.4854785,-1.6445215,3.3254786,3.8654785,1.3554785,-4.5945215,-4.5045214,-7.2545214,-7.5645213,-7.6345215,-4.7745214,-5.4845214,-4.3945217,-2.1045215,-0.7545215,1.4254785,2.6654785,2.8854785,1.6754785,1.9054785,-0.07452148,0.19547851,-0.7045215
4.3554783,-5.6345215,-6.8645215,-7.6245213,-8.154522,-8.214521,-8.524522,-9.184522,-9.874521,-9.314522,-8.904522,-8.664521,-7.7045217,-7.0445213,-6.4345217,-5.7145214,-5.2545214,-4.7945213,-3.2045214,-2.6245215,-2.1745214,1.3254786,6.2154784,8.095478,9.765478,9.875479,11.995479,2.4854784,2.3454785,4.2454786,2.3654785,4.5454783,2.3454785,2.8954785,-0.4745215,1.8154786,2.2754786,1.6554785,-0.30452147,1.2354785,0.45547852,-0.91452146,-3.2145214,-5.2945213,-4.9445214,-5.1945214,-5.3445215,-4.7745214,-3.5145216,-2.5545216,0.2554785,1.7654785,2.5254786,-0.8545215,2.4454784,-0.15452148,-1.2145215,-1.3745215,-0.3445215
2.8654785,3.1054785,4.7354784,-8.024522,-9.034521,-9.434522,-9.5945215,-9.874521,-9.984522,-9.8445215,-9.214521,-8.864521,-8.354522,-7.5645213,-7.4445214,-6.7045217,-5.9945216,-5.6145215,-4.8045216,-4.0445213,-3.6645215,0.3354785,4.5254784,6.8154783,7.7554784,7.7454786,10.635479,8.925479,1.8454785,3.1554785,2.7054784,5.8254786,7.1454787,6.5454783,7.7054787,8.475478,9.555478,2.6054785,5.2954783,1.4954785,-3.3945215,-1.5745215,-5.5045214,-6.6445217,-5.7045217,-3.4845214,-1.5145215,-2.4345214,-2.8745215,-0.9945215,1.3154786,0.8854785,-1.4245214,-0.6845215,-0.014521484,-0.4145215,0.025478516,-3.6945214,-4.6545215
5.2154784,4.0254784,3.3454785,6.2054787,-9.734522,-10.854522,-10.814522,-11.714521,-10.814522,-9.774522,-10.074521,-10.314522,-9.004521,-8.934522,-8.284521,-7.7345214,-6.9745216,-6.3445215,-6.0645213,-5.2445216,-4.8845215,0.26547852,2.5354786,4.8554783,6.6454787,3.9154785,7.4154787,3.6954784,0.6954785,1.2054785,3.3954785,4.8054786,5.1354785,6.2754784,7.2554784,8.545479,8.955479,8.475478,6.8254786,5.6754785,-2.1745214,-3.9945214,-2.6745214,-3.3945215,-3.8545215,-3.2345214,-4.4345217,-3.7245214,-3.7045214,-1.6845214,-0.5745215,-1.6045215,-1.4345214,0.07547852,-1.8245215,0.20547852,-3.6045215,-8.014522,-6.7845216
3.6554785,3.6654785,4.0054784,5.4554787,6.5454783,2.5254786,-11.764522,-13.504521,-13.164521,-10.584521,-10.534521,-11.614521,-11.034521,-10.0945215,-9.234522,-8.824521,-8.124521,-7.7345214,-7.4145217,-6.5645213,-6.2445216,-2.8245215,0.8154785,1.9354786,3.8454785,-0.094521485,2.2454786,2.1054785,0.7954785,-0.6245215,0.6154785,1.7154785,3.3654785,5.7254786,7.7654786,8.505479,8.245479,9.545479,9.675479,10.255479,6.6654787,-0.11452148,-2.6145215,-3.2845216,-3.0545216,-4.5245214,-4.6545215,-4.4045215,-3.8045216,-1.4745215,-4.6345215,1.3354785,-1.6145215,-0.8645215,-0.6145215,-1.7645215,-0.21452148,-7.1745214,-8.854522
0.015478516,2.1054785,5.2654786,6.2754784,8.275478,4.4854784,1.8154786,-15.1345215,-15.054522,-13.5945215,-13.614521,-12.964521,-12.234522,-11.544521,-10.604522,-9.834521,-9.124521,-8.744521,-8.394522,-7.9645214,-7.8245215,-5.3245215,-1.4445214,-0.4445215,1.4754785,-4.0145216,-3.2745216,-1.9545215,-2.4445214,-1.3645215,-0.6145215,1.4954785,4.0354786,5.5054784,7.0254784,8.355478,9.355478,9.325479,9.415479,9.595478,10.785479,7.9354787,-0.5845215,-4.8845215,-3.8345215,-2.7245214,-3.3645215,-4.5645213,-4.8545213,-4.4645214,-1.6345215,-0.71452147,-1.9445214,-0.4145215,-0.8145215,-0.71452147,-5.4845214,-5.2145214,-4.2145214
-0.6845215,0.3154785,-0.23452148,3.1354785,4.5854783,5.6554785,6.3054786,4.9754786,-17.35452,-15.8845215,-15.154522,-14.874521,-13.864521,-13.114521,-11.714521,-10.934522,-10.474522,-9.944522,-9.744521,-9.1345215,-9.224522,-7.4045215,-3.4045215,-2.4245214,2.1254785,-7.0545216,-5.9345217,-5.5045214,-4.0645213,-3.9045215,-1.5345215,0.21547851,2.0554786,3.5854785,4.2754784,5.1954784,6.8254786,8.635479,9.095478,9.745479,9.005479,9.435478,2.1754785,-2.7845216,-3.1445215,-2.9445214,-3.2145214,-5.9645214,-6.8645215,-1.5145215,-0.5645215,-0.6945215,-0.6045215,-2.8145216,-4.9445214,-2.4145215,-3.3245215,-4.3045216,-5.2445216
-3.5745215,-3.4445214,-1.2545215,0.19547851,1.4154785,2.2054784,5.1754785,3.4254785,-3.1845214,-18.02452,-16.744522,-15.994521,-15.574521,-14.684522,-12.774522,-11.534521,-11.5945215,-10.834521,-10.714521,-10.234522,-10.644522,-8.824521,-5.5745215,-3.7245214,-1.6145215,-3.9245214,-6.9845214,-7.3545213,-6.5445213,-5.0645213,-2.9045215,-2.9745214,0.5654785,1.2354785,3.2254784,3.8454785,4.7754784,6.9054785,8.175479,8.925479,8.385479,7.2454786,7.1154785,-1.8545215,-3.0045214,-2.8345215,-2.8945215,-4.5945215,-6.8045216,-7.8145213,0.7354785,-1.3545215,-2.3345215,-4.4645214,-5.6245213,-4.4145217,-3.9445214,-4.6645217,-4.7845216
-1.3245215,-2.4145215,-2.2845216,-1.7845215,0.0054785158,-0.8645215,1.9254785,6.7354784,1.1954786,-4.1545215,-18.60452,-17.414522,-16.35452,-15.754521,-14.8845215,-13.684522,-12.414521,-11.874521,-11.794521,-11.784521,-11.564522,-10.464521,-9.154522,-6.3045216,-4.8845215,-2.5045214,-3.6145215,-6.3345213,-6.8945217,-6.1345215,-5.5345216,-3.5745215,-2.7445214,-0.6045215,1.2154785,3.0154786,4.2854786,4.9154787,5.8654785,6.9354787,7.1754785,6.6654787,6.7054787,2.2054784,-2.7145214,-2.2445214,-3.5345216,-5.2045217,-6.4445214,-8.014522,-2.7545214,-5.7245216,-4.9445214,-5.6945214,-4.1545215,-3.8845215,-3.8545215,-3.8445215,-4.3545213
-3.4045215,-3.7645216,-4.7845216,-4.1345215,-3.8245215,-1.1245215,-1.3845215,-0.6945215,1.8154786,9.425479,12.095478,-19.064522,-18.284521,-17.044521,-16.144522,-14.404522,-13.584521,-12.3445215,-12.464521,-12.334521,-12.504521,-11.724522,-10.524522,-9.114521,-6.9345217,-5.4845214,-2.9945214,-4.8945217,-7.9345217,-6.6145215,-6.5045214,-6.4945216,-5.3745213,-3.2445214,-0.6445215,1.9454786,3.5754786,5.3254786,6.5454783,7.8954787,7.4454784,7.3754787,6.0654783,2.5354786,-0.7345215,-1.2345215,-4.2245216,-7.6745214,-10.3445215,-11.144522,-5.6945214,-7.1745214,-7.4145217,-6.6545215,-5.6445217,-5.1245213,-4.7245216,-4.6045213,-5.1745214
-6.1045213,-1.5345215,-3.9045215,-3.2045214,-5.8845215,-4.6745214,-4.6445217,-3.1545215,1.2254785,3.4154785,5.2154784,3.5954785,-19.834522,-18.254522,-17.01452,-16.164522,-14.604522,-13.354522,-13.374521,-12.214521,-12.704521,-13.714521,-12.304522,-10.414521,-8.774522,-7.4545217,-5.5045214,-2.8545215,-5.3645215,-7.5445213,-7.0745215,-6.7945213,-6.6545215,-5.0445213,-3.3845215,-0.52452147,2.2354784,4.0854783,6.1654787,6.6654787,6.9754786,7.1954784,5.2354784,2.6754785,1.8654785,-1.3845215,-7.9945216,-13.864521,-14.824521,-11.004521,-10.364521,-9.194522,-8.734522,-7.9545217,-6.3545213,-6.7945213,-7.0545216,-5.6645217,-5.2645216
-3.5445216,-3.0445216,-2.3045216,-2.2245214,-7.2045217,-7.6645217,-4.2845216,-4.0645213,-3.5845215,0.26547852,0.90547854,-1.8145214,-21.324522,-20.314522,-18.554522,-16.59452,-15.614521,-14.1345215,-13.564522,-11.684522,-12.774522,-14.034521,-13.254521,-12.394522,-9.204521,-8.234522,-6.4145217,-4.3645215,-3.8045216,-3.2145214,-4.0145216,-3.6445215,-7.5545216,-7.3245215,-6.2545214,-2.7045214,0.26547852,2.9554784,5.0054784,5.7254786,6.3654785,6.9954786,6.7454786,0.13547851,-3.0745215,-1.5845215,-7.4245214,-11.864521,-10.434522,-10.264522,-10.834521,-10.054522,-9.904522,-8.774522,-8.154522,-7.5045214,-8.154522,-7.8945217,-7.0245214
-1.6745214,-3.5845215,-2.2345214,-3.5545216,-10.314522,-9.424521,-9.054522,-5.7045217,-3.9845214,-5.7045217,-3.1145215,3.4154785,2.3154786,-22.074522,-19.76452,-17.644522,-16.054522,-14.994521,-13.304522,-11.934522,-12.024522,-13.404522,-13.514522,-12.394522,-11.034521,-8.3445215,-7.5345216,-6.3645215,-5.6345215,-3.3245215,-3.2645216,-1.8945215,-2.3545215,-9.864521,-7.6645217,-5.2445216,-1.7345215,2.0054786,4.8254786,6.4154787,6.6554785,6.4454784,3.1654785,-0.8845215,-7.5445213,-5.9145217,-7.1645217,-7.4945216,-9.544521,-10.324521,-10.174521,-10.304522,-10.314522,-9.784521,-8.814522,-8.334521,-8.024522,-8.274522,-8.284521
-2.3245215,-4.3545213,-6.3845215,-9.024522,-8.874521,-8.184522,-7.0345216,-9.004521,-10.504521,-9.3845215,-6.3245215,-4.5845213,1.3854785,-19.60452,-20.924522,-17.94452,-16.454521,-15.104522,-12.804522,-11.254521,-8.244521,-9.304522,-13.584521,-12.564522,-9.644522,-8.554522,-7.6245213,-6.1745214,-5.2645216,-4.7645216,-5.0145216,-3.6745214,-0.11452148,-10.0945215,-8.464521,-6.5045214,-3.0245216,0.5654785,4.5854783,7.7654786,11.735478,-5.0545216,-3.1345215,-6.5345216,-8.854522,-7.2045217,-6.4445214,-7.8745213,-10.194522,-11.524522,-10.604522,-11.374521,-10.934522,-10.024522,-10.054522,-9.8445215,-9.304522,-8.744521,-8.974522
-4.2445216,-8.354522,-9.994521,-11.414521,-13.194522,-12.794521,-11.044521,-10.644522,-12.394522,-9.764522,-7.3245215,-7.0245214,-2.8245215,-2.8345215,-21.614521,-18.93452,-16.404522,-13.994521,-12.184522,-11.954521,-11.364521,-11.504521,-12.214521,-10.314522,-8.074521,-7.3645215,-6.2345214,-5.5645213,-5.8745213,-5.7145214,-5.5745215,-4.8045216,-4.0645213,-11.584521,-10.244521,-7.7745214,-4.5345216,-1.2045215,3.1654785,5.9954786,9.055478,-3.1445215,-5.5845213,-6.3645215,-6.9045215,-6.8545213,-7.3945217,-9.924521,-11.294521,-10.504521,-11.574521,-11.644522,-12.284521,-12.474522,-11.284521,-10.714521,-10.554522,-10.224522,-9.394522
-2.7545214,-5.4045215,-13.264522,-16.414522,-15.174521,-17.034521,-13.914521,-13.184522,-12.414521,-9.064522,-10.024522,-7.3445215,-1.3445215,-22.214521,-20.43452,-16.984522,-14.564522,-12.224522,-10.904522,-10.904522,-12.174521,-13.144522,-8.944522,-7.4045215,-5.5245214,-3.4545214,-2.1545215,-3.5645216,-5.9345217,-7.4845214,-8.314522,-7.0845213,-4.9045215,-13.474522,-11.564522,-8.774522,-5.9945216,-3.1845214,0.3454785,3.4554784,7.0754786,-3.5145216,-5.9945216,-4.8645215,-6.7045217,-7.2545214,-6.9145217,-8.864521,-10.414521,-11.514522,-11.614521,-11.744521,-11.974522,-11.744521,-10.904522,-10.064522,-10.484522,-10.664521,-9.874521
6.3054786,-3.2045214,-10.324521,-13.144522,-15.904522,-15.514522,-13.784521,-11.404522,-9.644522,-12.554522,-9.704521,-10.404522,-9.984522,-14.104522,-14.3445215,-13.554522,-13.614521,-11.3445215,-11.3445215,-11.284521,-9.194522,-9.334521,-7.7345214,-6.0745215,-6.1945214,-2.6245215,1.0054785,6.9854784,-6.0545216,-8.314522,-5.6645217,-9.764522,-13.724522,-11.984522,-10.684522,-9.504521,-6.7445216,-4.1745214,-2.0745215,0.035478517,3.3254786,-0.07452148,-2.2745216,-4.6445217,-5.6745214,-5.8245215,-7.2745214,-7.2545214,-9.3445215,-10.444522,-11.174521,-11.864521,-11.984522,-11.954521,-11.824521,-11.194522,-11.194522,-11.124521,-10.764522
1.9254785,-1.8645215,-5.1045213,-8.3845215,-9.284521,-7.8645215,-8.894522,-11.074521,-14.794521,-14.734522,-13.144522,-12.454521,-13.674521,-12.984522,-13.0945215,-12.854522,-12.904522,-12.404522,-10.804522,-10.604522,-9.044521,-8.644522,-9.1345215,-7.3945217,-4.9545217,-2.9945214,-0.97452146,1.0054785,2.3954785,-6.4845214,-7.7745214,-9.984522,-10.894522,-10.574521,-9.894522,-8.974522,-8.144522,-5.8145213,-4.2545214,-3.3145216,-1.9245214,0.025478516,-3.7845216,-4.6045213,-6.0845213,-7.7345214,-7.8445215,-8.654522,-9.964521,-10.3445215,-10.804522,-11.614521,-12.084521,-12.424521,-12.5945215,-12.024522,-11.304522,-12.1345215,-12.034521
-1.9345214,-3.3745215,-4.3145213,-5.4945216,-3.7945216,-7.0945215,-4.9345217,-8.024522,-18.834522,-12.444522,-15.814522,-10.974522,-10.784521,-11.484522,-10.604522,-10.314522,-10.164521,-9.904522,-10.674521,-9.754521,-9.464521,-7.9345217,-6.5745215,-5.4445214,-4.0045214,-3.1645215,-2.9045215,-3.2245214,-4.5745215,-5.1445217,-6.4245214,-7.7945213,-9.114521,-9.624521,-9.674521,-8.5945215,-8.244521,-8.0945215,-6.8345213,-5.5345216,-4.4945216,-2.6545215,-5.9545217,-6.3645215,-7.4945216,-7.8445215,-9.504521,-9.554522,-10.014522,-10.984522,-11.0945215,-11.694522,-12.724522,-13.144522,-12.834521,-12.904522,-11.784521,-13.124521,-11.814522
-6.5345216,-5.4545217,-5.5845213,-3.8545215,-2.2245214,0.7954785,-1.7545215,-2.1545215,-5.7945213,-7.5445213,-8.154522,-8.924521,-8.084521,-7.3545213,-6.8645215,-7.6445217,-8.994521,-7.4445214,-7.9845214,-7.4745216,-6.3845215,-5.1745214,-3.6845214,-2.1045215,-1.6245215,-2.1445215,-3.0845215,-4.4645214,-6.5345216,-7.4545217,-8.484522,-9.574521,-10.464521,-11.044521,-11.454521,-11.874521,-11.284521,-10.204521,-9.984522,-8.184522,-6.3945217,-4.5745215,-5.2245216,-7.6245213,-8.034521,-8.764522,-9.324521,-10.044521,-10.714521,-11.044521,-11.444522,-12.024522,-12.084521,-12.434522,-13.084521,-13.114521,-13.224522,-13.214521,-12.674521
6.3654785,3.5254786,0.3754785,-0.8345215,-1.6445215,-3.6645215,-4.2445216,-3.9545214,-3.8145216,-3.6245215,-3.8245215,-3.8845215,-5.3445215,-6.7345214,-6.5045214,-4.8345213,-4.8445215,-4.2345214,-3.0045214,-1.7945215,-1.1245215,-0.32452148,0.4954785,1.2554785,-0.23452148,-1.6845214,-3.1845214,-5.6045213,-7.9745216,-9.684522,-10.824521,-12.404522,-12.264522,-12.754521,-13.164521,-12.8845215,-13.104522,-12.704521,-11.674521,-10.214521,-8.644522,-7.5745215,-6.6045213,-9.404522,-9.734522,-9.144522,-9.014522,-9.234522,-9.674521,-10.974522,-11.8445215,-12.424521,-12.424521,-12.584521,-12.324521,-12.984522,-12.904522,-13.524522,-13.874521
3.5854785,3.0954785,0.8654785,0.36547852,0.36547852,0.025478516,-0.5545215,-0.84452146,-1.3545215,-2.0945215,-3.1245215,-4.4945216,-4.6245213,-3.1945214,-2.5945215,-2.3945215,1.0854785,2.6754785,3.9954786,5.5954785,5.6954784,5.3154783,6.1254787,5.9954786,3.9054785,-0.064521484,-3.4345214,-6.8645215,-10.114521,-12.674521,-14.534521,-15.374521,-15.794521,-15.834521,-15.814522,-16.26452,-15.994521,-15.014522,-13.674521,-11.8845215,-10.504521,-9.3445215,-9.424521,-9.364521,-10.434522,-10.084521,-8.8845215,-8.504521,-9.624521,-10.044521,-10.914521,-11.494521,-11.614521,-11.874521,-11.924521,-12.314522,-12.514522,-12.184522,-12.104522
0.8854785,1.8154786,1.8654785,1.9454786,1.5854785,1.0954785,0.9454785,0.9554785,0.8254785,0.3454785,0.055478517,0.47547853,1.3254786,2.5254786,3.6254785,4.4854784,4.5454783,5.6054783,6.9654784,8.605478,12.415479,12.065478,10.605478,8.885479,8.425479,1.8154786,-2.9045215,-6.8545213,-8.424521,-11.644522,-16.384521,-17.26452,-17.634521,-18.364521,-17.27452,-16.554522,-16.304522,-14.944522,-14.194522,-13.0945215,-11.484522,-9.774522,-9.674521,-10.374521,-10.184522,-10.184522,-10.494521,-9.074521,-9.0945215,-10.084521,-10.824521,-10.184522,-10.864521,-11.3445215,-11.474522,-11.324521,-11.394522,-11.074521,-10.104522
2.4554784,2.6454785,2.3354785,2.0154786,1.5854785,1.2954785,0.97547853,0.0054785158,0.39547852,1.5454785,2.2154784,2.7254784,2.3354785,2.8954785,3.7054784,5.1654787,7.5854783,9.275478,10.735478,10.945478,11.825479,12.3654785,10.185478,11.175479,12.695478,4.7854786,3.0054786,-5.1245213,-6.2745214,-8.5945215,-10.434522,-11.944522,-12.494521,-14.1345215,-14.934522,-15.294521,-16.224522,-15.064522,-14.204521,-13.004521,-11.704521,-11.044521,-11.334521,-11.004521,-10.1345215,-8.574521,-8.764522,-8.564522,-8.044521,-8.0945215,-8.074521,-8.484522,-7.9645214,-8.044521,-9.084521,-8.924521,-9.774522,-10.434522,-8.874521
4.4154787,4.4954786,4.4754786,4.4854784,4.2354784,4.1554785,3.9054785,3.5354786,3.5054786,3.2454786,3.1554785,2.8654785,3.7154784,4.2354784,4.7354784,6.5354786,7.1654787,7.2954783,8.075479,10.075479,10.745479,11.885479,12.965479,12.565478,11.995479,12.025478,10.185478,0.8154785,-1.3245215,-3.9245214,-5.9945216,-7.3145213,-9.3445215,-12.1345215,-13.1345215,-13.874521,-13.004521,-13.894522,-12.404522,-12.164521,-11.024522,-10.284521,-9.5945215,-8.954521,-8.504521,-8.234522,-7.2145214,-7.2445216,-7.3145213,-7.0745215,-6.7645216,-6.8445215,-6.9145217,-7.0545216,-7.3745213,-6.9645214,-5.9345217,-5.6045213,-6.0145216
4.2654786,4.0154786,3.7854786,3.6254785,3.8554785,3.5354786,3.9454784,3.9454784,3.8854785,3.6354785,3.1154785,2.8654785,3.2054784,3.1554785,3.6154785,4.2754784,5.1554785,5.2654786,5.8354783,8.455479,10.095478,12.305478,14.605478,14.6554785,13.685478,13.305478,13.335479,11.975478,5.9354787,-2.6345215,-5.3345213,-7.2245216,-8.404522,-9.044521,-9.114521,-9.3445215,-9.6345215,-9.494521,-9.174521,-8.694522,-8.734522,-8.614521,-8.584521,-7.9345217,-7.4145217,-7.0745215,-6.7845216,-6.1645217,-5.7645216,-5.5545216,-4.9845214,-4.7445216,-4.8445215,-4.9445214,-5.1545215,-5.2245216,-5.2345214,-5.6045213,-6.0045214
