json/gfs_20240724_06.json
{"header": { "discipline":0, "disciplineName":"Meteorological products", "gribEdition":2, "gribLength":79361, "center":7, "centerName":"US National Weather Service - NCEP(WMC)", "subcenter":0, "refTime":"2024-07-24T06:00:00.000Z", "significanceOfRT":1, "significanceOfRTName":"Start of forecast", "productStatus":0, "productStatusName":"Operational products", "productType":1, "productTypeName":"Forecast products", "productDefinitionTemplate":0, "productDefinitionTemplateName":"Analysis/forecast at horizontal level/layer at a point in time", "parameterCategory":2, "parameterCategoryName":"Momentum", "parameterNumber":2, "parameterNumberName":"U-component_of_wind", "parameterUnit":"m.s-1", "genProcessType":2, "genProcessTypeName":"Forecast", "forecastTime":0, "surface1Type":103, "surface1TypeName":"Specified height level above ground", "surface1Value":10.0, "surface2Type":255, "surface2TypeName":"Missing", "surface2Value":0.0, "gridDefinitionTemplate":0, "gridDefinitionTemplateName":"Latitude_Longitude", "numberPoints":65160, "shape":6, "shapeName":"Earth spherical with radius of 6,371,229.0 m", "gridUnits":"degrees", "resolution":48, "winds":"true", "scanMode":0, "nx":360, "ny":181, "basicAngle":0, "lo1":0.0, "la1":90.0, "lo2":359.0, "la2":-90.0, "dx":1.0, "dy":1.0 }, "data":
[rows 104 to 129 of 181, columns 174 to 231 of 360]
-8.938755,-8.518755,-8.708755,-8.668755,-8.938755,-9.708755,-9.688755,-9.338755,-9.2487545,-10.328754,-9.958755,-9.408755,-8.418755,-9.718755,-9.688755,-10.338755,-10.108755,-9.858755,-10.368755,-9.858755,-8.388755,-10.188755,-8.008755,-7.918755,-7.198755,-8.078754,-8.098755,-8.168755,-7.958755,-7.978755,-8.638755,-8.018755,-7.9887547,-7.828755,-7.878755,-7.998755,-8.438755,-8.2487545,-7.808755,-7.7787547,-7.808755,-7.978755,-8.168755,-8.298755,-8.178755,-7.5687547,-7.178755,-6.518755,-5.978755,-5.558755,-5.638755,-5.158755,-4.678755,-3.6687548,-2.008755,-1.3987548,-0.47875488,-1.3087549
-8.258755,-8.518755,-8.148755,-8.658755,-9.2487545,-9.808755,-9.398755,-8.488755,-8.718755,-10.088755,-9.778755,-9.618755,-8.948755,-9.398755,-10.078754,-10.798755,-10.158755,-9.888755,-9.628755,-9.378755,-8.728755,-8.9987545,-8.678755,-7.978755,-7.8187547,-6.8187547,-7.228755,-7.038755,-7.348755,-6.5087547,-6.938755,-7.0887547,-7.118755,-7.618755,-7.908755,-8.148755,-7.0287547,-6.828755,-6.808755,-6.5487547,-7.3187547,-6.468755,-4.5087547,-7.0487547,-8.2487545,-7.408755,-7.2987547,-7.328755,-6.928755,-6.7587547,-6.358755,-6.078755,-5.348755,-4.688755,-2.9487548,-1.4587549,0.63124514,1.2412452
-8.468755,-7.578755,-6.918755,-6.5087547,-8.9987545,-9.238755,-8.268755,-8.058755,-7.698755,-8.798755,-9.7487545,-9.098755,-8.648755,-9.778755,-9.718755,-9.818755,-9.698755,-9.788754,-9.038754,-9.218755,-8.478755,-8.888755,-7.5887547,-8.428755,-7.918755,-7.098755,-6.728755,-7.188755,-6.7587547,-6.7587547,-6.128755,-6.448755,-6.8387547,-7.7387547,-8.058755,-8.098755,-7.828755,-7.2987547,-6.948755,-6.728755,-6.9887547,-5.7387547,-5.158755,-4.808755,-6.478755,-6.7987547,-6.878755,-6.328755,-6.5287547,-6.448755,-5.9887547,-5.3187547,-4.858755,-3.998755,-2.498755,-1.4987549,0.0012451172,2.1312451
-7.828755,-6.358755,-4.9887547,-8.888755,-8.888755,-7.358755,-8.588755,-7.4887547,-7.388755,-7.868755,-9.168755,-8.518755,-8.808755,-8.828754,-9.638755,-9.148755,-8.9987545,-9.338755,-9.208755,-8.958755,-9.328754,-6.8387547,-7.688755,-7.408755,-8.288754,-6.658755,-5.938755,-7.328755,-6.888755,-6.0087547,-6.658755,-6.7987547,-6.828755,-7.358755,-6.618755,-7.808755,-7.938755,-7.728755,-7.628755,-7.658755,-6.908755,-6.848755,-7.178755,-6.748755,-6.2987547,-6.168755,-6.2987547,-6.078755,-6.8187547,-6.8187547,-5.718755,-4.618755,-3.8687549,-2.798755,-1.4687549,-0.98875487,-0.19875488,1.0912452
-7.638755,-7.328755,-7.8387547,-6.948755,-1.2187549,-8.658755,-9.018755,-7.898755,-8.128755,-7.2987547,-7.5887547,-8.018755,-7.888755,-8.008755,-8.478755,-8.338755,-8.238755,-8.278755,-8.068755,-8.358755,-7.948755,-7.938755,-7.248755,-7.828755,-7.408755,-6.628755,-6.5687547,-6.938755,-7.358755,-7.438755,-7.288755,-7.868755,-6.468755,-7.148755,-7.498755,-7.2587547,-8.238755,-7.7987547,-8.038754,-6.8387547,-6.668755,-6.848755,-6.608755,-7.608755,-7.8187547,-8.738755,-8.598755,-7.908755,-6.908755,-5.348755,-4.808755,-4.178755,-3.338755,-2.328755,-1.0287548,0.16124512,0.7012451,1.6912451
-9.9987545,-8.958755,-8.198755,-8.918755,-8.538754,-7.658755,-7.668755,-7.5287547,-6.948755,-5.868755,-5.888755,-6.868755,-6.5287547,-6.178755,-7.248755,-6.348755,-7.468755,-7.198755,-7.2587547,-7.168755,-7.058755,-6.938755,-6.878755,-6.788755,-6.378755,-6.4887547,-5.7587547,-5.918755,-7.0087547,-6.168755,-6.598755,-7.0487547,-7.3187547,-7.178755,-7.938755,-8.338755,-8.678755,-8.168755,-6.848755,-7.158755,-6.628755,-6.2587547,-7.7787547,-9.008755,-9.258755,-8.428755,-7.378755,-6.478755,-5.958755,-5.288755,-4.788755,-3.9687548,-3.798755,-2.778755,-1.4687549,-0.28875488,0.94124514,1.4712452
-10.308755,-10.238755,-9.658755,-9.838755,-9.288754,-7.698755,-6.658755,-7.098755,-6.728755,-6.518755,-5.5287547,-5.5087547,-4.9887547,-4.228755,-4.698755,-5.388755,-4.438755,-5.7587547,-6.148755,-5.728755,-5.418755,-5.228755,-5.658755,-5.168755,-4.858755,-4.668755,-4.708755,-5.878755,-6.438755,-5.368755,-5.578755,-6.138755,-6.268755,-6.718755,-7.0087547,-6.968755,-7.658755,-7.408755,-5.908755,-7.228755,-7.218755,-7.358755,-7.998755,-8.988755,-8.348755,-7.5087547,-6.948755,-6.2387547,-5.768755,-5.108755,-4.618755,-4.018755,-3.518755,-2.808755,-2.9087548,-2.7087548,0.63124514,0.63124514
-8.828754,-9.738755,-9.178755,-8.778755,-8.448755,-7.638755,-6.448755,-7.038755,-7.128755,-6.648755,-6.688755,-5.718755,-5.498755,-4.3187547,-4.468755,-3.8787549,-3.3987548,-4.7987547,-3.8587549,-3.568755,-3.258755,-3.1687548,-3.538755,-3.9487548,-3.6687548,-2.7087548,-2.6787548,-4.138755,-4.168755,-4.038755,-3.8887548,-4.7787547,-5.558755,-5.018755,-5.288755,-5.618755,-6.388755,-5.538755,-4.538755,-7.418755,-7.518755,-7.018755,-7.438755,-7.5087547,-7.428755,-6.7587547,-6.2787547,-5.948755,-5.478755,-4.998755,-4.478755,-4.168755,-3.778755,-4.458755,-5.5687547,-5.0487547,-6.408755,-4.7787547
-9.368755,-8.628755,-8.258755,-7.858755,-7.7387547,-6.5687547,-5.638755,-4.978755,-5.698755,-5.108755,-4.728755,-4.618755,-4.788755,-4.228755,-4.5687547,-4.0887547,-3.238755,-2.768755,-1.2287549,-0.99875486,-2.038755,-1.4487549,-1.1087549,-1.6687549,-1.6187549,-1.0287548,-0.98875487,-2.828755,-1.5087548,-2.988755,-2.6687548,-2.8787549,-3.6087549,-3.9287548,-4.928755,-5.078755,-5.328755,-5.248755,-5.368755,-4.538755,-6.0087547,-5.708755,-6.188755,-6.808755,-6.678755,-5.598755,-5.538755,-5.688755,-5.978755,-5.428755,-5.218755,-5.018755,-4.888755,-6.2787547,-6.0287547,-6.018755,-4.748755,-6.408755
-9.138755,-9.038754,-8.2487545,-7.5087547,-6.7787547,-5.7987547,-5.408755,-4.148755,-2.8987548,-3.348755,-2.6887548,-2.6187549,-2.818755,-1.8587549,-1.2187549,-1.2787548,-0.99875486,-0.7587549,-0.8187549,-1.2987549,0.6112451,0.94124514,1.0412451,1.1812451,0.46124512,0.5312451,0.43124512,0.9012451,0.13124512,-1.1887549,-1.6287549,-0.87875485,-1.6287549,-2.1787548,-2.9587548,-3.588755,-3.2187548,-3.4487548,-3.7087548,-3.558755,-5.188755,-5.498755,-4.708755,-5.618755,-5.5087547,-4.668755,-5.7987547,-6.2987547,-7.438755,-7.378755,-6.8187547,-7.788755,-8.338755,-7.868755,-6.948755,-6.288755,-5.4887547,-5.128755
-7.808755,-8.648755,-7.968755,-6.368755,-4.8187547,-5.188755,-4.198755,-3.228755,-2.6087549,-2.4187548,-2.078755,-1.9487549,-0.8287549,-0.06875488,0.051245116,0.4712451,0.75124514,0.63124514,0.9012451,1.8112451,1.1212451,0.94124514,4.271245,3.8312452,3.201245,2.8712451,3.181245,2.451245,2.8112452,2.021245,0.56124514,1.1612451,0.0112451175,0.17124511,-0.21875489,-1.1687549,-1.3487549,-1.8887548,-0.99875486,-3.6187549,-4.3187547,-4.358755,-3.998755,-4.4887547,-3.818755,-4.408755,-6.428755,-7.908755,-9.088755,-8.918755,-8.858755,-8.438755,-8.108755,-6.398755,-5.118755,-5.848755,-6.108755,-6.188755
-6.968755,-6.728755,-6.098755,-4.5087547,-2.9187548,-2.788755,-2.348755,-1.6887549,-1.4787549,-0.3987549,-1.1587548,-1.2587548,0.4712451,1.3412452,2.0612452,1.8212451,2.3412452,2.3412452,1.9212451,2.951245,3.691245,3.0512452,2.8212452,2.251245,5.731245,4.501245,4.2612453,4.921245,3.8512452,3.411245,4.391245,2.3312452,2.691245,0.9912451,1.4212451,2.011245,0.19124512,0.091245115,-0.74875486,-1.9087548,-2.6887548,-3.078755,-2.6887548,-3.6287549,-3.8787549,-5.5287547,-8.038754,-8.208755,-7.858755,-7.748755,-7.978755,-8.238755,-7.858755,-6.388755,-6.698755,-6.658755,-6.2387547,-7.708755
-5.608755,-4.668755,-4.618755,-3.248755,-1.7087549,0.021245116,-0.67875487,0.2912451,0.9612451,1.2712451,1.7212452,2.1012452,2.201245,2.8412452,2.5912452,2.3412452,3.971245,3.221245,3.8312452,3.921245,4.061245,4.2212453,4.481245,5.071245,4.091245,4.9312453,6.811245,6.2412453,5.151245,5.071245,4.9512453,5.051245,4.941245,3.521245,2.451245,3.161245,2.6312451,1.6912451,0.041245118,0.49124512,0.0012451172,-0.24875489,-1.5087548,-6.0287547,-4.998755,-6.328755,-7.858755,-7.108755,-7.188755,-6.808755,-7.248755,-7.5287547,-7.398755,-7.248755,-6.748755,-6.518755,-7.678755,-8.958755
-4.4887547,-2.1887548,-1.3887548,-1.1087549,1.0012451,0.9912451,1.2112451,2.1012452,3.7812452,3.191245,3.241245,4.521245,4.2412453,4.331245,3.8012452,5.131245,5.351245,5.691245,5.441245,5.891245,5.811245,6.1612453,6.141245,5.551245,6.061245,6.2012453,6.421245,6.231245,7.621245,8.041245,6.111245,5.1812453,5.311245,5.351245,4.541245,2.981245,4.301245,3.8812451,3.1412451,1.4812452,1.4612451,1.2212452,-4.188755,-5.908755,-5.248755,-6.018755,-6.648755,-6.748755,-6.628755,-7.398755,-7.038755,-6.418755,-5.7987547,-7.578755,-8.928755,-8.018755,-9.008755,-9.598755
-1.5287548,-0.55875486,1.7812451,1.5312451,2.521245,3.3412452,3.491245,4.211245,4.791245,4.691245,5.151245,5.281245,5.861245,5.231245,6.271245,6.281245,6.551245,6.371245,6.4312453,7.2612453,7.871245,7.881245,8.491245,6.9112453,6.4712453,6.831245,7.4512453,7.4312453,7.1812453,7.6812453,9.651245,7.871245,7.2212453,5.2012453,5.791245,3.481245,4.621245,2.8812451,3.741245,2.771245,2.5812452,2.201245,-3.3687549,-3.6687548,-3.478755,-3.308755,-4.5287547,-6.168755,-5.458755,-7.668755,-7.418755,-6.938755,-7.3187547,-8.788754,-8.868755,-8.908755,-9.468755,-9.468755
0.8312451,1.9812452,3.8212452,4.171245,5.481245,6.311245,6.801245,6.671245,6.691245,6.2412453,7.121245,7.351245,6.731245,7.271245,7.7412453,7.331245,7.711245,7.711245,7.7612453,8.221245,8.541245,8.631245,9.561245,8.641245,8.421246,8.891245,8.711246,8.321245,7.9712453,8.091245,7.101245,9.071245,9.671246,8.161245,6.751245,5.671245,4.371245,3.021245,2.8612452,2.8912451,3.3812451,2.3112452,-1.8887548,-2.798755,-3.248755,-4.868755,-4.358755,-6.378755,-6.808755,-7.748755,-6.998755,-7.2587547,-7.998755,-8.628755,-7.768755,-9.348755,-9.198755,-9.388755
3.0612452,4.751245,4.771245,5.551245,6.9712453,8.231245,7.731245,8.431245,8.521245,8.781245,8.421246,8.871245,8.691245,8.361245,8.031245,8.171246,8.991245,8.191245,9.041245,9.471245,9.591245,9.081245,9.321245,9.851245,10.351245,10.641245,9.921246,9.461246,9.081245,8.851245,8.761245,8.091245,7.4312453,10.631245,10.291245,6.9112453,6.091245,4.691245,3.0912452,2.8412452,2.931245,2.3112452,-0.9587549,-2.1087549,-2.6787548,-3.558755,-4.578755,-6.2587547,-6.2987547,-6.748755,-6.918755,-6.948755,-6.428755,-8.238755,-9.388755,-8.618755,-9.378755,-10.028755
3.8312452,3.6212451,5.401245,5.881245,6.7612453,7.351245,8.0012455,9.311245,10.121245,10.741245,10.381245,9.831245,9.671246,9.431245,9.371245,8.701245,9.351245,9.831245,10.141245,9.631245,9.911245,9.661245,9.801245,9.701245,9.161245,10.321245,10.821245,10.721245,10.231245,9.601245,9.771245,9.681245,8.561245,8.231245,9.671246,9.961246,8.5012455,5.341245,3.161245,2.951245,3.6212451,3.241245,-0.5387549,-2.588755,-3.498755,-3.3787549,-4.5087547,-5.598755,-5.878755,-5.968755,-6.998755,-7.7387547,-7.148755,-7.358755,-6.868755,-7.2387547,-8.438755,-8.9987545
5.021245,5.7012453,6.351245,5.0112453,5.811245,6.041245,7.321245,8.801245,10.211246,10.781245,11.131245,11.081245,10.351245,10.601245,10.991245,10.2512455,10.171246,11.491245,11.341245,10.871245,10.561245,10.781245,10.731245,10.641245,10.211246,10.021245,10.511245,9.781245,9.551245,10.171246,10.681245,10.181245,10.071245,9.091245,8.631245,10.2512455,6.1812453,6.001245,5.7212453,2.731245,3.491245,3.5512452,0.3812451,-1.0987549,-3.3787549,-3.3787549,-4.688755,-3.6387548,-6.618755,-6.7987547,-6.458755,-6.218755,-5.808755,-7.8187547,-8.198755,-7.688755,-8.038754,-7.418755
5.801245,6.521245,6.641245,6.591245,5.671245,6.521245,5.551245,5.801245,7.571245,9.811245,10.791245,11.521245,12.321245,12.191245,11.521245,12.341245,11.061245,11.231245,12.631245,11.941245,11.821245,12.171246,11.361245,11.981245,11.961246,11.321245,10.821245,10.481245,9.791245,10.981245,10.671246,10.511245,10.951245,9.981245,9.371245,8.341245,10.291245,8.961246,6.7212453,3.0612452,4.151245,3.991245,0.9612451,-1.0987549,-3.798755,-3.578755,-3.508755,-2.848755,-4.868755,-6.7587547,-4.958755,-5.538755,-5.428755,-6.648755,-7.538755,-7.718755,-5.878755,-7.628755
6.101245,5.9912453,5.141245,6.101245,6.631245,6.341245,5.781245,5.091245,4.591245,6.481245,8.271245,9.791245,10.151245,11.151245,12.191245,12.491245,12.541245,11.941245,12.5012455,12.631245,12.281245,12.151245,12.2512455,12.151245,13.171246,12.531245,11.831245,11.801245,10.901245,10.851245,10.861245,11.341245,11.431245,10.611245,10.241245,8.5012455,8.271245,9.2512455,8.741245,5.9512453,4.7012453,1.4312451,-0.3387549,-2.298755,-2.4187548,-2.8987548,-1.9987549,-3.4387548,-5.968755,-5.348755,-4.598755,-5.378755,-6.118755,-5.938755,-5.978755,-5.7587547,-6.418755,-6.098755
3.431245,6.001245,6.591245,7.231245,5.441245,4.541245,3.8512452,5.031245,7.891245,9.021245,9.361245,10.931245,12.621245,12.181245,13.061245,12.801245,14.051245,13.351245,14.161245,14.111245,13.831245,12.341245,12.631245,12.861245,13.621245,12.871245,13.2512455,13.2512455,11.761245,11.371245,11.301245,11.561245,11.731245,12.161245,10.301245,8.471245,7.2212453,8.031245,7.691245,8.461246,4.351245,2.271245,-1.9287549,-2.988755,-2.2187548,-2.9387548,-3.268755,-3.498755,-5.688755,-4.598755,-4.438755,-5.438755,-4.5687547,-4.678755,-4.938755,-4.4887547,-5.728755,-4.858755
2.441245,7.1812453,7.4312453,5.631245,5.351245,4.591245,4.171245,7.141245,8.841245,9.591245,11.391245,11.691245,11.871245,11.831245,12.871245,14.061245,14.511245,14.461246,13.991245,14.301245,14.361245,13.481245,13.161245,12.811245,12.181245,12.721245,11.511245,11.841245,12.2512455,12.101245,12.091245,12.131245,12.051245,11.761245,10.861245,8.291245,6.671245,6.801245,6.521245,7.291245,5.591245,1.4612451,-2.048755,-3.6887548,-1.4887549,-3.038755,-3.838755,-4.0487547,-4.458755,-4.5687547,-3.098755,-4.468755,-5.698755,-5.928755,-3.588755,-4.078755,-4.198755,-3.9587548
6.571245,2.3212452,6.831245,8.191245,5.921245,3.1112452,7.071245,9.771245,9.011245,9.841245,10.881245,11.5012455,11.951245,11.811245,12.051245,12.641245,13.181245,13.401245,14.031245,12.881245,13.631245,13.161245,12.901245,12.411245,12.341245,12.5012455,12.371245,12.351245,12.771245,13.051245,13.171246,12.881245,12.151245,12.361245,10.2512455,5.7012453,8.891245,7.111245,5.2612453,6.691245,0.43124512,-3.6287549,-2.058755,-4.938755,-1.6487548,-3.578755,-3.318755,-4.108755,-3.3787549,-2.6787548,-3.6787548,-3.2087548,-4.178755,-3.518755,-2.8587549,-3.8887548,-2.3687549,-2.3987548
6.311245,1.9812452,2.1212451,1.2612451,1.5012451,5.811245,9.381245,10.381245,10.011245,10.571245,11.411245,11.771245,12.411245,12.561245,12.961246,12.181245,12.641245,12.971245,12.131245,12.241245,12.881245,12.911245,13.081245,12.871245,12.641245,12.221245,12.281245,12.701245,13.141245,13.851245,12.831245,12.861245,11.791245,10.971245,5.4312453,6.851245,7.061245,6.0112453,5.2612453,2.6412451,-0.61875486,-1.8887548,-7.968755,-5.878755,-3.2187548,-4.848755,-4.018755,-3.6487548,-2.9187548,-3.6987548,-4.108755,-2.778755,-4.128755,-1.8187549,-2.248755,-1.4987549,-1.5587549,-1.8987548
5.151245,0.7912451,-0.4387549,0.9712451,5.651245,9.011245,9.541245,10.171246,10.421246,11.321245,11.171246,11.931245,12.541245,12.971245,12.591245,12.811245,12.591245,12.421246,11.0012455,11.271245,11.631245,11.861245,11.181245,11.011245,11.031245,11.201245,11.981245,12.711246,12.571245,13.441245,10.441245,9.471245,9.261245,5.401245,7.4712453,6.541245,6.031245,4.031245,3.6012452,0.3112451,0.08124512,-4.768755,-10.078754,-7.918755,-4.868755,-4.708755,-4.368755,-3.9487548,-2.318755,-3.318755,-4.3187547,-2.278755,-3.998755,-0.55875486,0.051245116,0.6812451,-0.23875488,0.9112451
