json/gfs_20240723_12.json
{"header": { "discipline":0, "disciplineName":"Meteorological products", "gribEdition":2, "gribLength":79677, "center":7, "centerName":"US National Weather Service - NCEP(WMC)", "subcenter":0, "refTime":"2024-07-23T12:00:00.000Z", "significanceOfRT":1, "significanceOfRTName":"Start of forecast", "productStatus":0, "productStatusName":"Operational products", "productType":1, "productTypeName":"Forecast products", "productDefinitionTemplate":0, "productDefinitionTemplateName":"Analysis/forecast at horizontal level/layer at a point in time", "parameterCategory":2, "parameterCategoryName":"Momentum", "parameterNumber":3, "parameterNumberName":"V-component_of_wind", "parameterUnit":"m.s-1", "genProcessType":2, "genProcessTypeName":"Forecast", "forecastTime":0, "surface1Type":103, "surface1TypeName":"Specified height level above ground", "surface1Value":10.0, "surface2Type":255, "surface2TypeName":"Missing", "surface2Value":0.0, "gridDefinitionTemplate":0, "gridDefinitionTemplateName":"Latitude_Longitude", "numberPoints":65160, "shape":6, "shapeName":"Earth spherical with radius of 6,371,229.0 m", "gridUnits":"degrees", "resolution":48, "winds":"true", "scanMode":0, "nx":360, "ny":181, "basicAngle":0, "lo1":0.0, "la1":90.0, "lo2":359.0, "la2":-90.0, "dx":1.0, "dy":1.0 }, "data":
[rows 104 to 129 of 181, columns 174 to 231 of 360]
6.5049367,6.0849366,5.8649364,5.8049364,4.2649364,2.7549365,1.7349365,1.9949365,0.6949365,2.7549365,2.2249365,1.7449365,2.8049364,2.8749366,2.9149365,1.8149365,1.9049366,2.0149364,2.0849366,3.0149364,3.3949366,2.9549365,4.0649366,3.3149366,2.0149364,3.0349364,2.0449364,3.8849366,3.6649365,2.6149366,2.4049366,3.6449366,2.9649365,3.0349364,2.5349364,2.8849366,2.8849366,3.4449365,4.7149367,5.6749363,6.5949364,6.7449365,7.2149367,7.1749363,7.8449364,6.8849363,5.9849367,4.7249365,3.2149365,3.5849366,3.0049365,2.2149365,0.8349365,-0.5350635,-1.2350634,-1.6450635,-1.5950634,-3.2150636
4.4449368,5.4149365,4.6949368,4.8349366,4.4649367,4.1749363,4.1149364,3.0649366,2.7049365,2.6249366,2.1749365,1.9449365,1.2449365,1.9049366,1.0749365,1.4149365,1.3249365,1.0149366,0.9949365,1.5049366,2.7649364,3.5249364,3.2149365,2.6149366,2.3449366,3.3149366,2.7749364,2.2149365,1.3449365,2.9449365,2.7649364,1.2749366,1.4849365,1.2249365,0.6349365,0.67493653,2.2349365,3.0249364,4.2549367,5.5749364,6.1449366,5.7649364,6.0649366,7.0349364,6.3349366,7.1849365,7.4949365,7.0249367,5.8549366,5.1149364,3.8449366,4.2249365,3.7149365,3.1549366,0.43493652,-2.8150635,-2.4050634,-3.3550634
3.4749365,5.5449367,3.6849365,6.2049365,5.4549365,5.3049364,4.9549365,5.2149367,3.7349365,3.0349364,3.0949366,2.9949365,1.9749365,0.9949365,1.3549365,1.1049365,1.1149365,1.1949365,0.5249365,1.0149366,0.3849365,0.7649365,1.2049365,1.2749366,1.6049365,1.5049366,1.6449366,0.25493652,1.5949365,2.3949366,2.3249366,2.2449365,2.0349364,0.34493652,0.27493653,0.16493653,0.47493652,2.3749366,2.3349366,2.1249366,3.9249365,4.4049363,3.6849365,4.4649367,5.4549365,5.5249367,5.8949366,5.4549365,5.7449365,6.4149365,5.4049363,5.5449367,5.3049364,5.0949364,4.4749365,-2.4450636,-3.0050635,-3.4750636
3.4449365,5.3349366,0.49493653,3.7349365,5.1949368,3.5549364,3.5449364,3.6449366,4.3549366,3.3549366,3.0249364,2.6449366,2.3449366,2.2449365,0.8749365,1.3349365,1.0049366,0.8949365,0.6249365,0.22493653,0.0149365235,0.08493652,0.60493654,1.1449366,1.5949365,1.2749366,1.3049365,1.0949365,2.4949365,2.1549366,1.7049365,0.9649365,1.6049365,1.5149366,1.6349366,0.09493652,1.8249365,2.7349365,1.8149365,2.0449364,2.1949365,3.0349364,3.5949366,3.4449365,4.7049365,4.8849363,4.9249363,4.9949365,4.7849364,5.7749367,5.9949365,5.2449365,4.8649364,5.3049364,5.3649364,3.2549365,-2.5750635,-3.5750635
6.4149365,6.6849365,3.7349365,4.1049366,-0.8050635,4.6249366,3.1749365,1.7849365,3.8449366,4.1549363,4.0949364,2.6549366,2.1649365,2.8849366,1.7949365,0.79493654,0.8149365,1.6849365,1.3049365,0.36493653,-0.13506347,-0.0050634765,-0.46506348,-0.7350635,-0.3950635,-0.16506347,0.4449365,1.6249366,1.2349365,0.5149365,2.3249366,3.2949364,3.3049364,3.9049366,3.1149366,2.6549366,1.4649365,0.9949365,1.8049365,1.5249366,3.5549364,3.2949364,4.1349363,3.7049365,4.6249366,4.2149367,3.4849365,4.1049366,4.6249366,4.6949368,5.1749363,5.4249363,5.3149366,4.9749365,6.6549363,8.084936,2.2849364,-3.9950635
4.4049363,5.9049363,6.1449366,5.5949364,5.5449367,0.9649365,0.78493655,3.2449365,0.6949365,2.0349364,2.9149365,2.9449365,3.4249365,2.9649365,1.4649365,1.2549366,0.8849365,0.11493652,0.7749365,0.7449365,-0.075063474,-0.9950635,-0.90506345,-1.0150635,-0.6750635,-1.0550635,0.18493652,-0.15506348,-0.075063474,1.2949365,1.5449365,1.9249365,2.6749365,2.7949364,2.4549365,2.6249366,2.5749366,2.8649366,1.9249365,2.8649366,4.0949364,4.3949366,5.0649366,4.3949366,4.4049363,3.0949366,3.3749366,3.6949365,3.8949366,4.1249366,3.8349366,4.9649367,4.8049364,6.2249365,6.3249364,5.9749365,8.534937,-1.3250635
5.3349366,4.6949368,4.4449368,6.2449365,6.3549366,6.3749366,4.5349364,1.2449365,1.3649365,3.0449364,1.6049365,0.66493654,0.5249365,0.79493654,0.66493654,0.28493652,0.08493652,-0.77506346,-0.8550635,-1.1350635,-0.06506348,-0.08506348,-1.0550635,-1.1350635,-1.5150635,-1.9650635,-1.7450634,-1.2250634,-1.2650635,0.09493652,-0.32506347,0.5549365,0.074936524,1.3249365,1.3849366,1.0949365,0.8849365,2.0249364,2.1149366,2.8849366,3.8849366,4.0449367,4.5449367,4.2249365,4.4349365,3.5149364,3.4549365,3.5449364,4.1149364,3.8049364,4.3849363,4.7549367,5.5849366,6.4149365,7.0449367,6.6249366,5.9249363,9.234937
4.8249364,5.9749365,5.5949364,5.1149364,5.8849363,6.9249363,5.6449366,6.4349365,5.2649364,1.8849366,1.1849365,1.9149365,-0.5050635,0.20493652,0.054936524,1.4549365,-0.48506346,-0.8150635,-1.5050635,-0.9150635,-1.1750635,-1.1550635,-0.26506346,-0.29506347,-0.71506345,-1.3250635,-1.6250634,-1.8850635,-2.8350635,-1.7650635,-2.2050636,-2.6050634,-0.59506345,-0.65506345,-0.5650635,0.8049365,1.7049365,1.5049366,2.3649366,2.5449364,3.1349366,2.9549365,3.8649366,3.8649366,3.8349366,3.8749366,3.6949365,3.5149364,3.6049366,3.9949365,5.0449367,5.9349365,5.1949368,6.1149364,6.2649364,5.5049367,6.1149364,6.4549365
3.3449366,4.4349365,5.0249367,4.3549366,5.0049367,5.1049366,5.2249365,5.7049365,4.9549365,5.3749366,5.4249363,1.2249365,0.67493653,0.4449365,-0.37506348,-1.2550635,-0.7850635,-0.26506346,-1.2350634,-2.4150634,-1.1050634,-2.6450634,-1.1950635,-1.3250635,-1.6350635,-1.9850634,-2.4450636,-3.3150635,-3.1150634,-2.5950634,-2.5050635,-1.7350634,-1.7650635,-1.0050635,-0.49506348,-0.34506348,0.8149365,0.91493654,2.0849366,2.9849365,3.6349366,3.3149366,2.4349365,3.5749366,4.6649365,4.3049364,4.2349367,3.9649365,3.2349365,3.9749365,4.8149366,4.4249363,4.8349366,5.2849364,5.1949368,6.4749365,5.4349365,5.4449368
3.7349365,3.0349364,3.8649366,4.7349367,4.2649364,4.7449365,4.9649367,4.6749363,4.9249363,4.8849363,5.3849363,4.9849367,5.2149367,3.0149364,-0.13506347,-1.8350635,-1.6750635,-1.8650634,-1.2750635,-2.3450634,-2.4250634,-2.3850634,-2.3650634,-2.0550635,-2.2650635,-2.8950634,-2.5750635,-3.6150634,-3.4050634,-4.0250635,-3.7550635,-3.8650634,-3.6650634,-3.0650635,-2.0750635,-1.6950635,-0.6050635,0.46493652,0.59493655,1.0149366,2.0449364,2.4949365,2.3849366,2.6349366,3.4049366,3.8349366,3.0349364,3.6949365,3.7349365,2.8249366,2.9149365,3.4549365,3.8449366,4.5149364,4.1449366,4.8249364,4.7749367,4.0049367
3.5249364,4.5949364,3.7349365,4.6549363,4.8549366,4.4749365,3.8849366,4.0049367,4.3149366,4.7249365,3.8049364,4.1549363,4.3949366,4.7049365,4.8149366,2.6149366,-3.0750635,-3.0950634,-3.2150636,-2.6150634,-2.6150634,-3.1950636,-3.3750634,-3.1250634,-3.2550635,-3.6250634,-3.4350634,-3.3650634,-3.9050634,-3.2750635,-2.9550636,-3.8750634,-4.1750636,-3.5450635,-2.6550634,-2.1350634,-1.0850635,-0.41506347,0.65493655,0.47493652,1.6749365,1.6649365,1.4649365,2.7049365,2.4449365,2.5449364,2.2449365,3.7649364,3.9249365,1.7949365,1.6949365,2.1649365,3.1049366,3.5249364,3.4449365,3.1449366,3.9049366,5.5649366
5.4549365,5.6949368,5.8749366,5.8149366,4.9249363,4.2449365,4.9049363,5.0349364,3.5549364,3.0749366,2.7349365,3.4249365,3.9949365,3.4749365,3.4349365,3.2249365,3.3449366,0.65493655,-4.3350635,-4.0650635,-5.2250633,-4.7950635,-4.5050635,-5.5950637,-4.0050635,-4.6250634,-4.5950637,-4.9750633,-4.7550635,-4.6050634,-3.3750634,-4.4750633,-4.5150633,-4.1750636,-3.7050636,-3.6950636,-2.2950635,-1.5750635,-1.0350635,-0.3950635,0.66493654,1.0149366,0.37493652,1.9649365,2.5949366,2.1349366,1.7249365,3.9749365,4.1649365,2.5649366,2.7049365,4.0049367,4.2649364,4.0849366,3.2449365,3.3649366,4.8549366,5.9449368
4.7249365,5.8449364,6.3049364,6.6449366,6.2849364,5.8849363,5.9849367,5.5049367,4.2349367,3.3849366,3.4149365,1.6749365,1.7549366,1.5549365,2.1249366,1.8249365,2.0349364,2.3149366,1.2849365,-2.4850636,-4.8950634,-5.3150635,-4.6750636,-6.5750637,-6.3450637,-5.9350634,-5.0350633,-4.9450636,-5.8150635,-6.2250633,-6.4650636,-6.4250636,-4.9650636,-5.1350636,-4.7750635,-4.6050634,-3.3950634,-2.2450635,-1.6750635,-0.8750635,0.12493652,-0.27506348,-0.17506348,-0.08506348,1.0949365,2.5049365,3.1449366,3.6649365,4.0949364,3.9749365,3.9649365,4.5349364,5.6749363,5.2949367,5.2249365,4.2549367,4.6149364,4.8049364
6.7349367,6.7049365,7.3549366,6.9649367,6.9449368,5.7349367,5.3549366,6.0749364,4.7749367,4.1749363,3.6249366,2.2449365,2.3449366,1.1649365,-0.0050634765,0.16493653,1.2949365,0.8349365,1.0149366,0.29493654,1.3549365,-2.8450634,-3.5550635,-5.0050635,-6.5550632,-6.7950635,-7.7550635,-6.2850633,-6.2350636,-6.5450635,-7.0650635,-6.9650636,-7.2650633,-7.5650635,-6.9950633,-6.1850634,-5.3450637,-3.9250634,-2.1250634,-1.6950635,-1.2150635,-0.9950635,-0.9850635,-0.7250635,0.60493654,1.7549366,1.6149365,0.8749365,1.8749366,2.7949364,2.6749365,2.3749366,3.1449366,4.4549365,4.2249365,5.0349364,4.3349366,4.4749365
6.6449366,7.5749364,7.7349367,7.3849363,6.6749363,6.8649364,7.3649364,6.3449364,5.7049365,3.5349364,3.5749366,2.6849365,1.4249365,0.90493655,0.26493654,-0.8150635,-1.1250634,-0.09506348,-0.23506348,-0.90506345,-0.6150635,-0.57506347,-0.95506346,-3.0150635,-2.6950636,-6.5550632,-8.545063,-8.315063,-7.0350633,-7.2450633,-7.9950633,-8.075064,-8.725063,-8.305063,-8.465063,-8.255063,-6.9150634,-4.5150633,-3.1250634,-2.2850635,-2.3450634,-2.5150635,-2.2850635,-2.5350635,0.11493652,2.0849366,2.3849366,0.20493652,0.8749365,1.5649365,1.8949366,1.1949365,2.2949364,5.0649366,4.7949367,3.9449365,4.6649365,3.6049366
7.0349364,7.1049366,7.3149366,7.0649366,6.8249364,7.2549367,6.4949365,6.0949364,5.8649364,6.2749367,5.0749364,3.0649366,1.4649365,0.91493654,0.6249365,-0.5450635,-1.0650635,-1.5350635,-2.0550635,-1.9750634,-2.0650635,-1.3450634,-0.76506346,-0.3650635,-2.0150635,-4.5650635,-5.6850634,-9.5250635,-9.875064,-8.475063,-8.325064,-9.455064,-9.315063,-8.995064,-8.315063,-8.215063,-8.135063,-6.2550635,-4.9950633,-3.7650635,-3.7150636,-2.8850634,-3.8450634,-3.8250635,-1.4050635,0.66493654,0.4149365,0.47493652,1.8449365,2.0449364,1.4649365,2.5249364,3.3449366,3.0949366,2.8249366,3.2749364,2.3149366,2.7949364
6.9949365,7.4049363,7.3149366,7.2449365,6.5349364,6.1749363,5.9949365,5.7649364,5.8949366,4.1149364,4.9149365,3.9349365,1.9049366,0.14493652,-0.18506348,-0.6850635,-0.88506347,-1.6250634,-2.7950635,-3.6350634,-3.2450635,-3.2850635,-2.8450634,-2.0650635,-2.0250635,-1.4050635,-2.6450634,-7.2650633,-10.005063,-9.745064,-10.625064,-10.045063,-10.645063,-9.315063,-8.635063,-8.355063,-9.7750635,-8.115064,-6.4050636,-5.9250636,-3.8850634,-2.8650634,-4.0050635,-3.6550634,-1.3650634,-0.28506348,-0.52506346,-0.11506347,1.1149365,0.86493653,0.73493654,2.0149364,1.9949365,3.8249366,2.1649365,1.8749366,3.1549366,5.6149364
7.7049365,8.254936,8.204937,8.684937,7.8149366,7.1449366,6.1249366,6.2649364,5.1649365,4.9749365,4.8849363,4.1349363,3.6649365,1.7349365,-0.045063477,-0.6750635,-1.1750635,-1.3950635,-2.3350635,-3.3950634,-4.2550635,-4.1150637,-3.9550636,-3.3850634,-2.9850636,-2.5250635,-1.9850634,-2.8250635,-5.3150635,-7.5450635,-7.9050636,-6.9350634,-6.6350636,-10.135063,-10.765063,-9.995064,-10.395063,-10.395063,-8.215063,-6.5050635,-6.3550634,-5.0650635,-5.2350636,-4.3550634,-2.7050636,-2.0750635,-1.5750635,-2.1350634,0.11493652,1.0449365,-0.44506347,0.66493654,0.9349365,0.92493653,3.4349365,3.4649365,3.0549364,3.8049364
7.1049366,7.6149364,8.094936,8.004936,8.184937,8.114937,7.1649365,6.9149365,6.3749366,5.5749364,5.7449365,3.8249366,2.9549365,2.7449365,1.8849366,0.6849365,-0.6150635,-1.5450635,-2.3050635,-3.2150636,-4.1650634,-5.0150633,-4.8050632,-4.7150636,-4.1750636,-4.0450635,-3.3050635,-2.7550635,-2.8650634,-7.8350635,-10.635063,-9.825064,-7.1850634,-6.3450637,-9.705064,-10.095063,-10.505063,-11.145063,-10.505063,-7.9650636,-8.0250635,-6.2450633,-6.5050635,-5.1350636,-4.0350633,-2.3350635,-3.7650635,-2.2350636,-0.23506348,1.4949365,0.19493653,-0.075063474,1.7549366,2.4849365,2.6049366,3.3249366,1.4649365,3.3249366
5.1749363,5.9749365,6.1649365,6.1949368,6.7349367,6.5949364,5.1849365,4.8249364,3.5049365,4.4649367,4.6249366,2.8949366,2.8849366,3.2249365,2.7249365,3.2649364,1.8949366,0.044936523,-1.2450634,-3.2950635,-4.4650636,-5.6050634,-6.0350633,-6.1750636,-5.4450636,-4.8950634,-3.9850636,-3.4050634,-3.6250634,-3.3250635,-10.565063,-9.755063,-10.035064,-7.7950635,-9.405064,-10.625064,-12.605063,-11.845063,-10.605063,-9.555063,-7.8150635,-7.7750635,-7.5050635,-5.5550632,-3.9950635,-4.0950637,-4.2250633,-3.3950634,-0.9250635,-1.7950635,0.5049365,0.6249365,0.6249365,2.3449366,2.4749365,3.5849366,3.2949364,3.5449364
3.3249366,3.0449364,3.7049365,4.6449366,5.7549367,5.6349363,5.1949368,3.2049365,2.4249365,3.1349366,3.6349366,4.4949365,4.2249365,3.9949365,3.0049365,2.5649366,2.0449364,1.9049366,1.3649365,-1.5150635,-4.3850636,-6.0350633,-6.4850636,-7.0350633,-7.0150633,-6.1150637,-5.7250633,-4.2550635,-4.1450634,-4.8350635,-7.4450636,-6.5450635,-10.105063,-8.195064,-5.4950633,-12.175063,-13.915064,-11.785064,-8.925063,-10.445064,-7.7050633,-9.135063,-7.7450633,-6.6050634,-5.0550632,-5.9150634,-5.0250635,-3.8450634,-3.0150635,-0.6050635,0.0049365233,0.3849365,1.8849366,2.8049364,1.0249366,2.9749365,4.2449365,3.3349366
-0.015063477,-0.22506347,2.5949366,5.0449367,6.2949367,6.2249365,4.3249364,2.5649366,2.5449364,3.3049364,4.7649364,3.8649366,3.7449365,3.7749364,4.1249366,3.3449366,1.5849365,1.8249365,2.1249366,0.53493655,-4.0450635,-6.3050632,-7.0850635,-7.0950637,-6.9650636,-7.3550634,-6.8950634,-6.3550634,-5.2850633,-5.5450635,-7.4650636,-9.595063,-10.825064,-10.155064,-6.3650637,-10.925063,-13.465063,-13.445064,-10.995064,-10.415064,-9.485064,-9.365064,-8.185063,-7.6350636,-6.4450636,-5.4750633,-6.2150636,-3.8750634,-2.5750635,-1.4950634,-1.6350635,-0.28506348,0.36493653,1.8149365,2.2949364,3.0949366,2.3849366,3.3749366
1.5249366,1.7249365,0.11493652,4.5849366,5.8449364,6.3749366,5.7449365,3.9349365,0.8149365,2.6049366,5.0849366,4.0649366,4.0549364,3.2149365,3.2649364,2.4949365,1.9649365,1.4349365,2.1149366,1.6249366,-2.9350634,-5.7550635,-6.8450637,-6.9950633,-7.1450634,-7.2150636,-7.4950633,-6.8150635,-5.8050632,-5.8050632,-8.325064,-10.655064,-11.205064,-10.0250635,-8.855063,-10.795063,-13.285064,-11.675063,-11.875064,-10.935063,-10.385063,-8.435063,-9.445064,-8.375064,-7.7950635,-6.1650634,-5.1550636,-4.4750633,-3.4050634,-1.7650635,-1.6150634,-0.48506346,1.5449365,2.2349365,2.6449366,2.8749366,3.8149366,3.2949364
6.2949367,0.6249365,0.7649365,4.8649364,6.3549366,3.8249366,3.2849364,4.1949368,3.0049365,4.4549365,5.5549364,3.9849365,3.4049366,3.3449366,2.6949365,2.5649366,1.8049365,2.1549366,3.5249364,1.0849365,-3.1650634,-5.6650634,-6.5550632,-6.4250636,-6.4150634,-6.6150637,-7.5450635,-7.3150635,-6.9450636,-6.6650634,-11.495064,-12.725063,-9.495064,-8.905064,-9.005063,-11.355063,-13.635063,-13.515063,-12.155064,-11.195064,-9.465063,-9.135063,-10.135063,-10.465063,-9.005063,-6.9550633,-6.1950636,-4.5850635,-3.3950634,-0.44506347,-0.82506347,1.8949366,2.3049364,1.7649366,3.0449364,4.3449364,4.0549364,3.7849364
7.0849366,-0.0050634765,0.79493654,1.5449365,-0.47506347,2.0449364,5.7649364,6.4449368,6.7949367,4.5749364,4.3149366,3.8049364,2.4149365,1.8049365,2.1949365,2.6449366,2.1749365,1.9649365,3.2249365,2.3549366,-2.7550635,-5.6550636,-5.7750635,-6.3750634,-6.6150637,-6.7350636,-7.1950636,-7.2650633,-7.3950634,-8.735064,-10.445064,-9.185063,-8.795063,-8.895063,-9.835064,-11.735064,-13.125064,-12.935063,-12.225063,-10.485064,-10.645063,-10.115064,-10.295063,-10.145063,-8.505063,-8.325064,-6.7350636,-4.7850633,-3.0250635,-0.015063477,-0.6850635,0.9549365,2.0249364,3.3849366,3.1549366,4.5649366,4.8849363,5.1449366
6.1249366,-0.105063476,1.7149365,-1.0050635,3.5149364,8.654937,8.534937,7.6549363,6.6749363,4.6649365,3.5849366,2.6449366,1.4949365,0.8749365,0.8849365,1.4549365,2.0749366,2.1449366,4.1349363,1.3149365,-1.9550635,-4.4650636,-5.6650634,-6.4050636,-6.7150636,-6.9950633,-6.7050633,-6.5850635,-11.745064,-9.685063,-9.165064,-6.6150637,-7.0950637,-7.1550636,-12.335064,-11.445064,-12.255063,-11.685063,-11.185063,-11.435063,-11.2750635,-9.875064,-9.985064,-8.975063,-8.985064,-8.075064,-6.9350634,-5.1450634,-2.1250634,-1.0750635,0.59493655,0.31493652,1.3649365,3.4949365,3.1249366,3.0349364,4.5049367,4.7749367
