json/gfs_20240722_18.json
{"header": { "discipline":0, "disciplineName":"Meteorological products", "gribEdition":2, "gribLength":79667, "center":7, "centerName":"US National Weather Service - NCEP(WMC)", "subcenter":0, "refTime":"2024-07-22T18:00:00.000Z", "significanceOfRT":1, "significanceOfRTName":"Start of forecast", "productStatus":0, "productStatusName":"Operational products", "productType":1, "productTypeName":"Forecast products", "productDefinitionTemplate":0, "productDefinitionTemplateName":"Analysis/forecast at horizontal level/layer at a point in time", "parameterCategory":2, "parameterCategoryName":"Momentum", "parameterNumber":2, "parameterNumberName":"U-component_of_wind", "parameterUnit":"m.s-1", "genProcessType":2, "genProcessTypeName":"Forecast", "forecastTime":0, "surface1Type":103, "surface1TypeName":"Specified height level above ground", "surface1Value":10.0, "surface2Type":255, "surface2TypeName":"Missing", "surface2Value":0.0, "gridDefinitionTemplate":0, "gridDefinitionTemplateName":"Latitude_Longitude", "numberPoints":65160, "shape":6, "shapeName":"Earth spherical with radius of 6,371,229.0 m", "gridUnits":"degrees", "resolution":48, "winds":"true", "scanMode":0, "nx":360, "ny":181, "basicAngle":0, "lo1":0.0, "la1":90.0, "lo2":359.0, "la2":-90.0, "dx":1.0, "dy":1.0 }, "data":
[rows 78 to 103 of 181, columns 116 to 173 of 360]
9.410476,9.370476,8.440476,7.660476,6.340476,8.130476,6.5604763,8.250476,6.1004763,1.580476,5.050476,3.600476,4.480476,2.7304761,0.080476075,-1.1295239,-1.5995239,0.7104761,5.470476,0.93047607,-8.159524,-0.06952392,-2.189524,-5.059524,-5.809524,-6.119524,-6.1495237,-5.469524,-5.279524,-5.229524,-4.799524,-5.109524,-5.8995237,-6.509524,-5.449524,-5.619524,-5.209524,-5.499524,-5.719524,-5.929524,-5.989524,-6.269524,-7.199524,-6.699524,-6.789524,-6.859524,-6.549524,-6.729524,-6.9395237,-6.909524,-6.769524,-7.639524,-7.489524,-7.249524,-7.549524,-7.409524,-6.549524,-8.029524
7.990476,7.6004763,7.260476,6.8504763,7.1004763,5.910476,1.570476,6.460476,2.010476,4.180476,6.820476,2.270476,1.470476,2.060476,1.3804761,-1.3595239,-0.5295239,1.100476,5.750476,2.090476,-5.989524,1.1504761,3.080476,-3.649524,-5.749524,-6.209524,-6.489524,-5.459524,-4.6695237,-4.659524,-4.8995237,-5.639524,-5.529524,-5.239524,-5.179524,-5.119524,-5.599524,-5.309524,-5.679524,-6.319524,-6.479524,-7.249524,-6.659524,-6.999524,-7.259524,-6.329524,-6.179524,-6.209524,-6.959524,-7.299524,-7.3795238,-7.559524,-7.079524,-6.309524,-7.119524,-6.4395237,-5.759524,-7.569524
6.890476,6.260476,6.170476,1.5004761,5.980476,5.590476,4.950476,1.470476,4.300476,7.180476,-0.6395239,0.11047608,1.5204761,1.7804761,2.4404762,1.610476,-0.9795239,1.4004761,2.310476,3.560476,-3.159524,1.820476,0.18047607,-3.409524,-5.959524,-5.639524,-5.229524,-5.569524,-5.099524,-4.979524,-5.019524,-5.459524,-4.6495237,-5.699524,-5.1695237,-4.729524,-5.829524,-5.559524,-6.239524,-6.229524,-6.069524,-6.8995237,-7.389524,-6.579524,-6.079524,-5.299524,-4.719524,-5.609524,-5.909524,-6.269524,-7.549524,-7.769524,-7.749524,-7.369524,-6.659524,-7.6695237,-6.719524,-7.739524
6.740476,5.700476,1.0304761,4.490476,3.2404761,2.4404762,3.1804762,4.720476,2.7104762,-1.139524,0.8604761,1.0404761,3.100476,2.780476,2.640476,2.800476,4.390476,2.560476,1.600476,2.0004761,-1.0595239,2.9504762,1.4404761,-3.229524,-5.6295238,-3.349524,-2.719524,-3.5495238,-4.489524,-4.639524,-5.259524,-4.719524,-3.7595239,-5.259524,-4.599524,-5.659524,-5.259524,-5.369524,-5.1495237,-5.109524,-5.409524,-7.409524,-7.199524,-6.339524,-5.269524,-5.239524,-4.3795238,-5.059524,-5.349524,-6.509524,-6.509524,-7.079524,-6.589524,-7.349524,-8.069524,-7.299524,-6.1895237,-7.6495237
6.010476,4.390476,4.910476,0.5904761,1.340476,0.5504761,-1.2195239,-0.7195239,0.18047607,0.93047607,0.11047608,-1.679524,4.150476,3.650476,2.560476,1.5504761,4.400476,2.790476,2.130476,-1.549524,3.380476,3.9604762,0.94047606,-0.7695239,-1.5795239,-3.619524,-1.7095239,-1.7195239,-3.109524,-3.869524,-4.549524,-5.6495237,-2.5295238,-4.3795238,-4.539524,-4.569524,-4.109524,-4.529524,-4.409524,-4.559524,-4.889524,-4.809524,-5.449524,-5.549524,-5.459524,-5.219524,-5.199524,-4.6495237,-4.359524,-5.039524,-5.239524,-5.639524,-6.4395237,-6.749524,-7.119524,-6.9395237,-7.329524,-6.409524
6.160476,2.130476,-0.5895239,-0.20952393,1.0604761,-1.1995239,-1.5095239,-2.089524,-2.7795238,-1.3095239,2.150476,5.160476,4.550476,4.200476,3.830476,0.42047608,2.820476,2.370476,1.5104761,2.010476,1.6404761,4.3104763,1.6404761,0.5304761,-1.429524,-0.7295239,-0.29952392,-1.6095239,-2.669524,-3.0095239,-3.829524,-2.829524,-3.399524,-3.469524,-3.7795238,-2.8095238,-3.429524,-3.469524,-3.7695239,-3.5295238,-4.109524,-4.159524,-5.1295238,-5.219524,-5.199524,-5.579524,-5.239524,-5.269524,-4.959524,-4.8995237,-4.579524,-4.489524,-4.989524,-5.859524,-6.739524,-6.729524,-5.979524,-6.229524
1.220476,0.15047607,0.57047606,0.49047607,-0.31952393,-0.21952392,-0.55952394,-1.519524,-2.579524,1.320476,5.610476,5.220476,3.9304762,4.300476,3.310476,2.2304761,1.7904761,1.970476,1.7704761,2.300476,2.540476,3.370476,3.510476,2.170476,-1.1895239,-1.4795239,-0.5395239,-3.089524,-0.16952392,-1.0795239,-1.659524,-2.0695238,-2.219524,-2.599524,-2.5695238,-3.409524,-3.649524,-3.5695238,-3.649524,-3.7795238,-4.1895237,-5.069524,-4.8795238,-5.4395237,-5.099524,-5.549524,-4.869524,-5.389524,-4.849524,-4.769524,-4.489524,-4.6695237,-4.769524,-4.639524,-5.299524,-6.079524,-5.699524,-4.289524
0.28047606,0.29047608,0.5204761,3.7204762,0.16047607,-0.23952393,-2.949524,-1.669524,-0.5295239,1.6804761,3.420476,3.9604762,4.660476,3.7304761,2.780476,2.130476,1.3904761,1.6704761,1.360476,2.080476,2.810476,2.580476,4.3104763,3.6804762,3.040476,3.6904762,-0.26952392,-0.3695239,0.7904761,0.49047607,0.8504761,0.07047608,0.28047606,-1.289524,-2.609524,-3.169524,-3.379524,-3.369524,-3.709524,-3.659524,-5.109524,-5.229524,-5.889524,-5.349524,-5.179524,-5.739524,-5.539524,-4.759524,-5.009524,-4.449524,-4.6495237,-5.049524,-4.859524,-4.929524,-5.179524,-5.079524,-4.819524,-4.369524
1.450476,0.56047606,3.4804761,1.6504761,-0.26952392,0.43047607,-0.80952394,-3.0295238,-1.3695239,2.350476,3.1904762,3.870476,3.510476,0.6504761,2.2104762,2.120476,0.9104761,0.6104761,1.860476,1.6604761,1.860476,2.890476,3.4404762,5.300476,5.430476,4.160476,3.540476,2.150476,1.5504761,3.7504761,2.6804762,1.320476,0.46047607,-1.4395239,-2.129524,-2.7595239,-4.179524,-3.2795238,-2.7595239,-4.759524,-5.679524,-4.249524,-3.579524,-4.369524,-5.809524,-5.659524,-5.459524,-4.909524,-4.509524,-5.069524,-5.729524,-4.749524,-5.119524,-5.6295238,-5.319524,-5.339524,-5.549524,-4.819524
0.9604761,0.060476076,2.390476,2.020476,0.30047607,0.4104761,-1.2595239,-1.4395239,0.9004761,1.6704761,2.540476,4.0604763,4.320476,-1.139524,2.100476,1.070476,-0.18952392,0.07047608,1.0104761,0.040476073,1.080476,0.75047606,4.1004763,4.940476,5.130476,4.740476,5.590476,5.940476,5.840476,4.950476,2.4504762,2.120476,0.70047605,-1.179524,-2.659524,-3.0595238,-4.589524,-3.859524,-3.859524,-4.869524,-4.1295238,-3.149524,-4.799524,-4.569524,-6.159524,-5.739524,-5.3995237,-5.359524,-6.019524,-5.019524,-5.509524,-6.1695237,-6.459524,-6.309524,-6.239524,-5.929524,-5.759524,-5.329524
-0.18952392,0.19047607,0.10047607,0.7104761,-0.41952392,2.030476,-0.86952394,1.9004761,-0.9795239,-2.469524,1.6704761,3.010476,0.25047606,1.7604761,2.280476,1.960476,1.450476,0.37047607,-0.8895239,-2.3095238,-1.8695239,0.57047606,4.110476,4.690476,3.070476,2.4904761,4.070476,5.690476,6.900476,4.890476,1.710476,-1.1195239,0.7404761,-1.289524,-2.4995239,-2.109524,-4.079524,-4.679524,-4.719524,-4.659524,-5.849524,-4.959524,-4.759524,-4.889524,-5.159524,-5.279524,-5.769524,-6.4195237,-6.319524,-5.869524,-6.269524,-6.289524,-6.489524,-6.829524,-6.459524,-5.809524,-6.119524,-5.8795238
-0.15952392,0.050476074,0.3804761,2.6904762,-0.7595239,-0.6395239,0.26047608,-0.21952392,-0.6995239,2.2204762,-0.6595239,-0.7295239,-0.9695239,-0.6495239,0.8404761,0.7704761,2.120476,1.7904761,1.090476,-4.099524,-2.919524,1.580476,2.310476,2.7104762,2.380476,1.7804761,1.7504761,0.82047606,2.270476,1.2404761,-1.7595239,-1.4595239,-2.089524,-2.7595239,-2.889524,-3.879524,-5.779524,-4.729524,-4.309524,-4.029524,-4.389524,-4.309524,-4.659524,-4.599524,-4.859524,-6.449524,-5.759524,-6.619524,-6.489524,-6.659524,-6.099524,-6.429524,-6.3795238,-6.929524,-6.8995237,-5.969524,-6.239524,-6.219524
0.68047607,-0.10952392,1.080476,-0.40952393,-1.519524,0.21047607,-0.13952392,-0.26952392,0.33047608,-0.67952394,-1.3395239,0.37047607,-0.67952394,-2.0295238,-1.8395239,1.210476,2.260476,1.110476,-0.7295239,-2.0495238,-2.089524,-1.6295239,-0.049523927,-0.43952394,-2.719524,-4.8995237,-2.2795238,-2.2895238,-1.049524,-4.179524,-4.6295238,-5.429524,-7.349524,-3.189524,-5.139524,-4.339524,-3.899524,-5.1295238,-4.859524,-5.659524,-4.4395237,-5.069524,-4.989524,-4.6895237,-5.409524,-6.579524,-6.1695237,-6.569524,-6.779524,-6.359524,-6.039524,-6.489524,-5.819524,-5.729524,-6.609524,-5.8995237,-5.6295238,-6.499524
-0.54952395,1.0104761,-0.5295239,-3.409524,-0.5295239,1.6704761,4.7607423E-4,4.010476,-2.079524,-1.9895239,-3.099524,-3.0395238,0.9204761,-1.5095239,-3.0395238,-0.099523924,-0.8995239,-0.30952394,0.94047606,-0.74952394,-0.23952393,-3.5395238,-1.8695239,-2.3095238,-2.469524,-6.869524,-5.749524,-3.229524,-2.109524,-2.709524,-4.229524,-5.539524,-7.479524,-9.159524,-3.9995239,-4.999524,-3.0695238,-4.659524,-5.269524,-5.6695237,-6.639524,-5.6495237,-4.309524,-4.609524,-4.3795238,-5.239524,-5.4395237,-5.699524,-5.799524,-5.9395237,-5.929524,-6.319524,-5.8795238,-5.299524,-5.929524,-6.699524,-6.039524,-6.539524
0.44047606,-0.26952392,0.27047607,-2.389524,-0.34952393,-0.06952392,-3.869524,-3.2795238,-2.949524,0.6004761,-0.06952392,-3.859524,-0.08952393,-3.2695239,-4.069524,-3.339524,-1.889524,-0.08952393,1.1904761,7.800476,1.3004761,-2.209524,-0.07952393,0.9104761,-1.4395239,-5.539524,-5.979524,-5.989524,-4.809524,-5.3995237,-4.969524,-2.579524,-5.409524,-8.069524,-8.119524,-7.8995237,-5.259524,-2.199524,-5.569524,-6.729524,-6.489524,-5.9395237,-5.209524,-4.819524,-4.6295238,-5.139524,-5.889524,-5.719524,-6.259524,-5.979524,-6.159524,-6.219524,-5.769524,-5.339524,-6.409524,-6.349524,-7.3995237,-7.769524
0.8504761,-1.679524,-2.669524,-1.149524,0.040476073,0.030476075,-0.08952393,-3.5395238,-3.689524,-4.539524,2.7304761,-1.7595239,-2.129524,0.7204761,-1.159524,-2.5595238,-4.179524,-0.5795239,-0.5995239,3.080476,-0.5195239,0.7904761,0.31047606,0.8504761,0.27047607,-0.28952393,-1.6095239,-5.279524,-6.319524,-6.529524,-6.109524,-6.139524,-4.589524,-3.989524,-5.729524,-4.049524,-7.569524,-3.379524,-6.4195237,-7.259524,-5.109524,-5.809524,-6.849524,-5.839524,-5.619524,-6.779524,-6.619524,-6.769524,-6.479524,-6.429524,-6.659524,-6.079524,-6.1895237,-6.429524,-6.859524,-6.809524,-7.999524,-8.189524
-4.1895237,-3.439524,-1.789524,-8.369524,-1.2395239,-5.619524,0.58047605,-1.5895239,-4.849524,-6.519524,-7.109524,-3.199524,-4.479524,-5.619524,-4.429524,-3.0695238,-3.5395238,-1.7595239,-5.199524,0.28047606,-0.11952393,0.48047608,-0.11952393,-1.1895239,0.20047608,0.34047607,0.5904761,0.010476074,-0.21952392,-4.829524,-2.7495239,-9.459524,-4.409524,-3.5495238,-1.6095239,-3.489524,-5.059524,-2.4995239,-7.509524,-6.789524,-6.109524,-6.529524,-6.579524,-6.319524,-5.769524,-6.909524,-7.6295238,-7.1695237,-6.979524,-6.619524,-6.759524,-6.749524,-6.749524,-6.089524,-6.289524,-6.359524,-6.349524,-8.319524
-5.569524,-5.589524,-7.999524,-2.989524,-0.11952393,-7.089524,-5.8995237,-4.009524,-6.369524,-6.859524,-5.779524,-4.959524,-6.429524,-6.3795238,-4.789524,-4.449524,-4.469524,-6.119524,-4.499524,-5.1495237,-4.6895237,-5.229524,-0.6595239,-0.3695239,-0.62952393,0.120476075,-0.21952392,-0.009523925,-0.22952393,-0.60952395,-0.67952394,-8.859524,-5.509524,-4.1495237,-5.009524,-1.0795239,-2.619524,-1.019524,-3.729524,-6.829524,-6.019524,-6.949524,-6.469524,-6.739524,-6.779524,-6.339524,-6.989524,-7.1695237,-7.529524,-7.389524,-7.019524,-6.819524,-6.579524,-6.259524,-6.469524,-6.9195237,-6.619524,-7.329524
-5.299524,-6.1695237,-6.809524,-6.829524,-7.449524,-7.959524,-6.839524,-6.219524,-7.549524,-7.829524,-7.079524,-5.719524,-5.319524,-6.409524,-4.299524,-4.719524,-5.409524,-6.209524,-4.639524,-5.299524,-4.729524,-4.989524,-5.729524,-0.7195239,-0.60952395,-0.19952393,-0.29952392,0.19047607,-0.20952393,-0.40952393,-1.4895239,0.46047607,-4.869524,-3.5595238,-0.9795239,-4.069524,-3.909524,-5.299524,-7.429524,-1.4495239,-5.799524,-7.259524,-7.639524,-7.999524,-7.489524,-7.179524,-7.3995237,-7.1695237,-6.889524,-7.489524,-6.809524,-6.269524,-6.569524,-7.559524,-7.1695237,-7.219524,-7.249524,-7.449524
-1.9395239,-4.389524,-5.639524,-4.719524,-7.239524,-7.449524,-7.249524,-5.229524,-4.509524,-1.2495239,-7.239524,-5.069524,-4.459524,-5.1495237,-5.409524,-3.649524,-6.219524,-7.999524,-7.309524,-6.609524,-5.009524,-5.8795238,-5.809524,-1.1895239,-0.7295239,-0.3695239,-0.14952393,-0.47952393,-0.20952393,0.58047605,-0.9695239,1.4004761,-3.939524,-5.949524,-7.4195237,-5.6895237,-6.569524,-6.9395237,-7.3995237,-5.259524,-5.859524,-0.5395239,-7.9395237,-8.629524,-8.349524,-7.989524,-7.719524,-6.779524,-6.549524,-6.509524,-6.719524,-7.6895237,-7.529524,-8.339524,-8.289524,-8.359524,-8.539524,-9.049524
-0.19952393,-4.859524,-0.07952393,-3.4995239,-0.7695239,-5.299524,-4.579524,-3.8095238,-5.719524,-8.399524,-6.849524,-4.369524,-3.189524,-5.4195237,-4.179524,-5.599524,-7.579524,-8.909524,-8.529524,-7.119524,-5.679524,-5.099524,-2.369524,-2.659524,-1.9395239,-0.8995239,-0.61952394,-1.159524,-5.3795238,-6.049524,-1.289524,-1.399524,0.9604761,-6.1895237,-7.019524,-6.1495237,-6.769524,-6.909524,-7.449524,-7.1495237,-5.869524,-2.8195238,-6.049524,-1.1295239,-8.199524,-10.039524,-8.539524,-7.289524,-6.979524,-7.509524,-7.969524,-8.689524,-8.449524,-8.649524,-8.849524,-9.1395235,-9.009524,-9.559524
-5.3995237,-1.3195239,-4.6895237,-7.009524,-7.429524,-3.2595239,0.14047608,-0.30952394,-4.529524,-1.6295239,-1.389524,-5.229524,-4.679524,-5.139524,-3.839524,-6.749524,-8.619524,-8.819524,-8.699524,-7.8795238,-6.219524,-5.869524,-7.719524,-8.439524,-7.789524,-4.209524,-3.0395238,-3.0495238,-7.309524,-6.679524,-6.309524,-0.3695239,0.8504761,-0.8895239,-1.269524,-5.299524,-6.6495237,-6.969524,-7.369524,-7.639524,-7.209524,-6.3795238,-6.089524,-1.039524,-9.029524,-1.8395239,-8.689524,-7.549524,-7.809524,-8.649524,-9.049524,-9.099524,-9.059524,-8.869524,-9.039524,-9.739524,-9.789524,-9.619524
-6.519524,-6.319524,-5.799524,-6.179524,-1.7495239,-5.3795238,-7.9195237,-8.809524,-1.7595239,-5.999524,-6.469524,-5.259524,-6.1295238,-6.799524,-6.869524,-7.749524,-9.309524,-8.459524,-8.009524,-7.639524,-7.099524,-7.339524,-7.999524,-8.869524,-8.489524,-8.589524,-8.299524,-8.369524,-8.069524,-7.819524,-7.489524,-8.779524,-3.449524,-0.40952393,0.22047608,-1.0995239,-5.589524,-7.339524,-7.409524,-7.9195237,-8.059524,-6.9195237,-6.999524,-7.739524,-7.949524,-7.349524,-8.829524,-7.859524,-8.899524,-8.829524,-8.859524,-9.349524,-9.049524,-8.859524,-8.499524,-9.549524,-9.529524,-9.189524
-7.1495237,-7.1695237,-7.509524,-7.769524,-7.459524,-7.579524,-8.189524,-8.859524,-8.549524,-7.4195237,-6.739524,-6.069524,-4.8795238,-6.779524,-7.519524,-9.259524,-6.799524,-8.049524,-7.559524,-7.1895237,-7.8995237,-8.369524,-7.979524,-7.119524,-8.429523,-9.479524,-7.529524,-8.009524,-8.499524,-8.409524,-8.279524,-8.189524,-8.779524,-8.039524,-7.179524,-6.1695237,-5.719524,-5.3795238,-7.1695237,-7.959524,-8.009524,-7.559524,-7.4195237,-7.809524,-7.659524,-8.209524,-8.759524,-8.409524,-7.829524,-7.959524,-8.689524,-9.229524,-9.259524,-9.199524,-8.809524,-8.229524,-8.759524,-8.3895235
-7.4195237,-7.099524,-7.509524,-7.539524,-8.059524,-8.399524,-8.329524,-8.349524,-8.149524,-7.229524,-6.489524,-5.479524,-4.279524,-4.4395237,-3.5195239,-4.559524,-7.109524,-2.369524,-1.3695239,-4.589524,-5.6295238,-8.459524,-8.719524,-9.569524,-8.449524,-8.629524,-5.049524,-4.6895237,-8.899524,-9.809524,-8.619524,-8.909524,-8.409524,-7.599524,-7.119524,-6.349524,-6.459524,-6.3995237,-6.319524,-7.839524,-7.889524,-7.749524,-7.089524,-6.989524,-6.869524,-7.609524,-8.039524,-8.979524,-8.359524,-7.459524,-8.309524,-9.219524,-9.439524,-9.769524,-9.279524,-8.079524,-8.039524,-8.479524
-7.519524,-6.769524,-6.909524,-7.389524,-7.4195237,-7.839524,-7.889524,-7.8995237,-7.259524,-6.6695237,-5.779524,-4.729524,-4.8995237,-6.239524,-5.389524,-2.179524,-2.129524,-3.679524,-1.2295239,-0.7295239,-1.2095239,-7.479524,-8.329524,-8.269524,-8.629524,-7.809524,-3.2695239,-4.6495237,-9.809524,-9.479524,-8.979524,-8.669524,-8.529524,-8.449524,-7.579524,-6.709524,-5.869524,-6.499524,-7.579524,-7.349524,-7.769524,-8.339524,-8.239524,-6.809524,-6.6895237,-7.099524,-7.049524,-8.109524,-8.449524,-8.219524,-8.009524,-8.079524,-8.739524,-9.269524,-8.949524,-8.499524,-7.789524,-7.819524
