json/gfs_20240725_06.json
{"header": { "discipline":0, "disciplineName":"Meteorological products", "gribEdition":2, "gribLength":79252, "center":7, "centerName":"US National Weather Service - NCEP(WMC)", "subcenter":0, "refTime":"2024-07-25T06:00:00.000Z", "significanceOfRT":1, "significanceOfRTName":"Start of forecast", "productStatus":0, "productStatusName":"Operational products", "productType":1, "productTypeName":"Forecast products", "productDefinitionTemplate":0, "productDefinitionTemplateName":"Analysis/forecast at horizontal level/layer at a point in time", "parameterCategory":2, "parameterCategoryName":"Momentum", "parameterNumber":2, "parameterNumberName":"U-component_of_wind", "parameterUnit":"m.s-1", "genProcessType":2, "genProcessTypeName":"Forecast", "forecastTime":0, "surface1Type":103, "surface1TypeName":"Specified height level above ground", "surface1Value":10.0, "surface2Type":255, "surface2TypeName":"Missing", "surface2Value":0.0, "gridDefinitionTemplate":0, "gridDefinitionTemplateName":"Latitude_Longitude", "numberPoints":65160, "shape":6, "shapeName":"Earth spherical with radius of 6,371,229.0 m", "gridUnits":"degrees", "resolution":48, "winds":"true", "scanMode":0, "nx":360, "ny":181, "basicAngle":0, "lo1":0.0, "la1":90.0, "lo2":359.0, "la2":-90.0, "dx":1.0, "dy":1.0 }, "data":
[rows 100 to 124 of 181, columns 0 to 56 of 360]
-3.9054565,-4.3454566,-3.7954566,-3.2154565,-3.0554566,-2.9054565,-2.2254565,-2.2154565,-2.6054566,-2.2454565,-1.2754565,-1.4654565,-0.48545656,-0.46545655,0.22454345,-1.3354565,-0.84545654,-1.2954565,-0.85545653,-1.6454566,-0.26545656,-1.0554565,-1.5654565,-0.94545656,-1.9854566,-1.0154566,-2.8854566,-0.46545655,-0.37545654,-1.6554565,-1.9854566,-1.0454565,-0.14545654,-0.14545654,0.77454346,0.044543456,0.78454345,0.67454344,0.24454346,0.92454344,1.2645434,-0.49545655,-1.4654565,-2.9754565,-1.4154565,-2.1654565,-6.2454567,-7.7454567,-7.2054567,-6.6354566,-5.9654565,-6.1154566,-5.9854565,-5.6954565,-5.3454566,-5.3454566,-5.5554566
-4.7554564,-4.2154565,-4.0454564,-3.7454565,-3.9654565,-3.4554565,-2.6554565,-2.1954565,-2.5454566,-2.1654565,-1.7754565,-0.66545653,-0.59545654,-0.045456544,-0.9354565,-0.5554565,-0.6854565,0.43454346,-0.66545653,-1.0754565,0.08454346,-0.63545656,-0.8754566,-1.5954566,-1.9154565,-2.3454566,-1.8754566,0.19454345,-0.78545654,-2.0554566,-1.4154565,-1.1154566,-0.71545655,-0.075456545,-0.105456546,-0.13545655,0.11454346,0.20454346,0.71454346,0.28454345,0.8245435,0.54454345,-1.1954565,-1.9654565,-1.0254565,-1.7654566,-1.4854566,-2.7854567,-7.7154565,-7.2254567,-6.1454563,-5.8354564,-5.6754565,-7.3354564,-5.3554564,-5.4854565,-6.8854566
-5.4454565,-4.7054567,-4.5854564,-4.5054564,-4.2954564,-3.9554565,-3.3854566,-2.7654564,-3.3454566,-2.5554566,-1.6654565,-0.43545654,0.26454344,0.14454345,-0.89545655,-1.5054566,-0.21545655,0.074543454,-0.32545653,-0.59545654,0.25454345,-0.28545654,-1.2954565,-0.18545654,-1.6954565,-1.2154565,-1.4554565,-1.2154565,-0.89545655,-0.76545656,-0.63545656,-1.0954566,-0.33545655,-0.57545656,-0.50545657,-1.0854565,0.21454346,-0.20545654,-1.0854565,-0.47545654,0.77454346,-1.0454565,-1.1554565,-1.1154566,-0.5554565,-1.0654565,-0.47545654,-2.4154565,-5.2154565,-8.345456,-6.7454567,-4.9354568,-5.5054564,-7.415457,-7.0154567,-5.4854565,-6.6754565
-5.5954566,-5.3954563,-5.1054564,-5.0954566,-5.0254564,-4.3154564,-4.2554564,-3.6654565,-3.0954566,-2.9454565,-1.4654565,-0.14545654,-0.08545654,1.1545434,-1.1254566,-1.9354565,-1.5154566,0.66454345,-0.25545654,-0.14545654,0.74454343,-0.45545655,-1.0454565,-1.5654565,-1.1754565,-1.0454565,-2.2254565,-0.58545655,-0.33545655,-0.27545655,-0.33545655,-0.14545654,-0.26545656,-1.4654565,0.65454346,0.47454345,-0.35545653,-0.8754566,-0.60545653,-0.96545655,-0.06545654,-0.50545657,-0.52545655,0.43454346,-2.5754566,-1.5254565,-0.19545655,0.36454347,-1.1854565,-2.3954566,-3.0954566,-3.8554566,-5.7854567,-6.3454566,-6.1854568,-5.5054564,-6.3154564
-6.2254567,-5.6754565,-5.3554564,-5.8154564,-5.4654565,-5.6254563,-5.2454567,-4.2254567,-3.3354566,-2.6354566,-1.4454565,-0.53545654,-0.38545653,-2.0054564,-1.4554565,-0.27545655,-1.6254566,-0.41545653,-0.21545655,0.85454345,0.59454346,-0.32545653,-0.015456543,-1.0354565,-1.5254565,-1.5054566,-1.0654565,-0.32545653,-0.63545656,-0.40545654,0.47454345,0.024543457,0.08454346,-0.8054565,0.73454344,0.72454345,-0.09545654,-1.0454565,-0.81545657,-0.30545655,0.36454347,1.8945434,0.72454345,1.3745434,-1.3854566,-2.1554565,-0.66545653,-0.22545654,0.014543457,0.30454347,-0.025456542,-3.5554566,-5.1054564,-6.1554565,-5.8854566,-4.7354565,-5.1354566
-6.7654567,-6.3154564,-6.2254567,-6.1554565,-5.8254566,-5.8054566,-5.6754565,-4.6854568,-3.6454566,-2.5654566,-2.0654566,-0.94545656,-0.32545653,-0.60545653,0.23454346,0.7645435,-0.72545654,-0.42545655,-0.31545654,0.74454343,1.1245434,0.24454346,-0.22545654,-1.4554565,-0.90545654,-1.1254566,-0.5454565,-0.08545654,0.20454346,0.52454346,0.03454346,-0.30545655,-0.29545653,0.11454346,-0.42545655,-0.47545654,-0.95545655,-0.5454565,0.26454344,-0.32545653,0.79454345,3.4845436,0.6345435,-1.2854565,-1.1154566,-4.2354565,-6.9254565,-4.9954567,-0.46545655,-1.4654565,0.44454345,-3.1454566,-4.2854567,-5.2454567,-5.2754564,-3.4254565,-3.8654566
-6.8254566,-6.5154567,-6.4354568,-5.665457,-6.2454567,-6.3554564,-6.0454564,-5.1354566,-3.8954566,-2.8854566,-2.2954566,-1.2154565,0.39454347,-1.0854565,-1.9454565,0.074543454,-0.78545654,-0.65545654,-0.24545655,0.35454345,0.19454345,-0.39545655,-0.49545655,-0.77545655,-0.81545657,-1.2554566,-0.21545655,0.37454346,0.42454347,-0.42545655,-0.26545656,0.25454345,0.004543457,0.064543456,0.46454346,0.49454346,-0.37545654,0.32454345,-0.60545653,-0.40545654,0.84454346,0.92454344,0.7545435,-1.1154566,-3.9154565,-3.5854566,-1.7754565,-1.9954566,-0.57545656,-1.9154565,2.9645433,-3.6854565,-4.2454567,-4.7054567,-5.0454564,-4.6054564,-7.4254565
-6.7054567,-6.4354568,-6.1754565,-5.6754565,-6.3454566,-6.0654564,-5.8654566,-4.9854565,-4.3454566,-2.7954566,-2.7654564,-2.5254564,-1.0254565,-1.1154566,-0.75545657,-0.50545657,-0.45545655,-0.75545657,0.064543456,0.43454346,0.14454345,0.29454345,0.11454346,-0.09545654,-0.18545654,-0.37545654,-0.56545657,0.054543458,0.26454344,0.014543457,-0.18545654,0.68454343,1.6945435,1.3145435,0.41454345,0.49454346,-0.105456546,-0.44545653,-1.0854565,-0.72545654,-1.1254566,0.7645435,2.0145435,-1.1054566,-2.2554564,-0.9254565,-0.88545656,0.054543458,-2.0354567,-1.1354566,1.3345435,-3.0354567,-4.5954566,-5.5354567,-5.0554566,-6.3054566,-7.2454567
-6.4354568,-6.4054565,-5.6354566,-5.5954566,-5.6154566,-5.7354565,-5.4354568,-5.1054564,-4.2454567,-4.3954563,-3.2554564,-3.6354566,-1.4454565,-0.89545655,0.42454347,-0.49545655,-1.6654565,-0.60545653,-0.105456546,0.64454347,0.8145435,0.42454347,-0.105456546,0.064543456,0.28454345,0.004543457,0.78454345,0.93454343,-0.6254566,-1.2154565,-1.4054565,-0.49545655,0.5745435,1.0945435,0.91454345,-0.5554565,-1.3554566,-0.51545656,-1.9054565,-2.1354566,-1.2554566,0.064543456,2.0145435,-0.25545654,-1.3854566,-0.035456542,-0.14545654,-0.28545654,-1.3154565,-0.27545655,-0.115456544,-2.6354566,-4.4254565,-5.165457,-5.1254563,-5.915457,-7.6154566
-5.6054564,-5.4554567,-5.2154565,-5.1454563,-5.1754565,-4.8754563,-4.8454566,-4.9654565,-4.3654566,-4.5354567,-4.6354566,-3.0354567,-4.0654564,-0.84545654,0.8145435,1.5445435,-0.76545656,-0.9254565,-0.6154565,0.60454345,1.8345435,1.7645434,0.08454346,-0.58545655,-1.4554565,-1.1654565,-0.33545655,-0.60545653,-0.69545656,-0.77545655,-0.7954565,0.80454344,0.044543456,1.2245435,1.3545434,-0.70545655,-1.2454566,-1.8054565,-2.6854565,-2.4854565,-1.7254566,-0.39545655,1.7545434,1.1245434,-2.1954565,-0.56545657,-0.82545656,-0.075456545,0.52454346,-0.05545654,-1.5754565,-2.7954566,-4.1254563,-4.6154566,-5.2754564,-5.8054566,-6.4554567
-3.7254565,-3.8254566,-4.2454567,-4.1954565,-4.0054564,-4.3754563,-4.3454566,-4.3054566,-4.3554564,-4.4754567,-4.5554566,-3.1854565,-2.8454566,-2.4254565,-0.29545653,0.23454346,0.78454345,0.48454344,1.2645434,2.5645435,1.6345434,1.9945434,-0.035456542,-1.0754565,-1.4154565,0.26454344,-1.0454565,-1.1754565,-0.31545654,-0.08545654,-0.25545654,-0.43545654,1.0445435,-0.50545657,1.1645435,-0.9254565,-0.57545656,-2.2654564,-2.5354567,-2.8354566,-1.3554566,-0.37545654,1.2945435,2.1445434,-2.7354565,-0.27545655,-0.64545655,1.7545434,-0.45545655,-0.30545655,-1.3454566,-3.1254566,-4.0254564,-4.5754566,-5.2954564,-6.0154567,-5.0354567
-2.0554566,-2.8754566,-2.6854565,-3.0954566,-3.3154566,-3.8354566,-3.2754564,-3.5454566,-3.2654564,-3.5754566,-3.9054565,-3.5354567,-3.2354565,-3.0454566,0.6245434,-0.32545653,0.91454345,2.7745435,1.1945435,1.7045435,1.4245435,-1.0654565,-0.97545654,-0.82545656,-0.70545655,-1.0354565,-2.5054564,-1.9754566,0.91454345,-1.8054565,-2.2754564,-1.0854565,-0.105456546,1.8345435,-0.66545653,0.65454346,-0.24545655,-1.3754566,-1.5454565,-1.0254565,-0.96545655,0.68454343,1.3445435,1.5045434,-0.9954565,0.34454346,0.18454346,0.55454344,0.11454346,-0.14545654,-0.81545657,-1.8654566,-3.4554565,-3.3654566,-4.6454563,-2.1154566,-3.8054566
0.12454346,0.08454346,-1.2454566,-1.5654565,-1.9254565,-2.5754566,-2.9454565,-1.9854566,-2.1454566,-2.6554565,-2.3954566,-2.7654564,-2.6154566,-2.3354566,-1.8254565,-0.37545654,-0.08545654,-0.075456545,0.7645435,1.8445435,-1.5454565,-1.3154565,-0.70545655,-1.2954565,-0.9954565,-1.2354566,-1.2654566,-0.025456542,-0.37545654,-4.7854567,-8.175457,-2.9654565,-1.8454566,-0.7954565,-0.24545655,0.45454347,2.6445434,1.2245435,0.67454344,1.1945435,0.83454347,0.9445435,1.5145434,-0.9854565,-1.1054566,-1.0054566,-0.035456542,1.3545434,-0.21545655,1.1645435,-0.43545654,-0.60545653,-1.3754566,-3.4154565,-3.5054564,-6.5754566,-5.4054565
0.38454345,0.79454345,-0.025456542,0.45454347,-0.105456546,-0.65545654,-1.2754565,-1.7054565,-2.1154566,-1.0954566,-1.5554565,-2.0654566,-1.6754565,-1.5154566,-1.1454566,-0.59545654,-0.8754566,0.30454347,-1.0054566,-3.0654566,-2.6954565,-1.9454565,-1.3054565,-1.0254565,-0.9254565,-1.0954566,-1.0254565,1.5145434,0.31454346,-2.3554566,-2.7554564,-1.7954565,-1.2354566,-0.115456544,-0.77545655,-0.5454565,3.0745435,3.7245436,4.0745435,3.6645434,2.9845436,3.4445434,2.8145435,1.9145435,1.4845434,0.99454343,-0.30545655,1.6945435,1.8145435,0.03454346,-0.115456544,-0.60545653,-1.9454565,-3.4454565,-4.0054564,-4.4254565,-4.7754564
2.5345435,2.3645434,1.4545435,1.1745435,0.46454346,0.28454345,0.85454345,-0.09545654,-0.96545655,-1.0554565,-1.0154566,-1.2454566,-1.5054566,-1.0154566,-0.72545654,-0.7954565,-0.88545656,0.46454346,-1.2754565,-1.4454565,-1.7954565,-2.0054564,-1.8854566,-1.2654566,-0.77545655,-0.14545654,0.32454345,0.33454347,-1.4954566,-0.56545657,-1.5354565,-2.0954566,-1.0754565,0.39454347,-0.14545654,-0.18545654,-0.96545655,3.5345435,4.5645432,5.4645433,5.6445436,5.5345435,5.0645432,3.5445435,0.6245434,0.48454344,0.73454344,1.4645435,1.1945435,0.33454347,0.36454347,-0.64545655,-0.8754566,-2.7054565,-3.7754564,-3.6854565,-4.1954565
4.1545434,3.4445434,3.0745435,2.7445436,2.2345436,1.9445435,1.3045435,0.89454347,-0.075456545,-0.65545654,-0.82545656,-0.81545657,-0.59545654,-0.6254566,-0.14545654,0.35454345,-0.82545656,-0.9954565,-2.0254564,-1.9554565,-2.6054566,-2.8354566,-2.3554566,-1.8354565,-2.4954565,-2.3154566,-0.25545654,-0.77545655,-1.0754565,-0.52545655,-0.60545653,0.13454346,0.67454344,0.96454346,-0.60545653,-0.65545654,-0.105456546,0.15454346,2.9145434,6.5645432,6.4245434,7.5645432,7.584543,6.7045436,4.5745435,2.8445435,2.3745434,-0.075456545,2.0045435,0.16454345,1.0345435,0.61454344,-1.4554565,-1.3554566,-3.5154564,-3.3454566,-4.4754567
5.4345436,5.1345434,4.9645433,4.2345433,3.5145435,2.8345435,1.5945435,1.3245435,0.7645435,0.014543457,-0.105456546,-0.64545655,-0.39545655,-0.53545654,-0.50545657,-0.09545654,-0.8654565,-0.78545654,-2.7854567,-2.4354565,-2.1954565,-2.8154566,-2.6054566,-3.0054564,-2.6454566,-2.7054565,-3.1354566,-0.52545655,0.054543458,0.064543456,0.5645435,-0.08545654,0.60454345,2.5545435,-0.18545654,0.52454346,1.5245434,2.4945436,2.1545434,4.4545436,8.494543,9.934544,9.684544,8.614544,8.234544,7.9545436,7.7045436,6.9345436,2.2045434,0.55454344,0.27454346,0.32454345,-1.4854566,-1.8254565,-3.5054564,-5.1754565,-5.9354568
8.024544,6.2345433,6.2945433,5.7645435,4.3745437,3.9045434,2.8745434,1.9745435,1.7445434,1.4845434,0.74454343,0.074543454,-0.8054565,-0.6854565,-1.5154566,-1.5454565,-0.45545655,0.054543458,-3.5454566,-0.94545656,-1.3854566,-2.5654566,-1.7654566,-2.5354567,-3.2954566,-2.0454566,-1.2154565,0.5045435,1.6945435,1.1545434,1.0345435,1.0845435,0.17454346,4.1345434,2.4445434,2.8445435,3.9345434,4.1845436,4.4345436,4.6845436,5.6445436,8.534543,11.834543,10.824543,9.354544,8.394544,7.4945436,3.6245434,2.1345434,-0.46545655,-0.08545654,-0.7454565,-3.0654566,-4.415457,-4.3754563,-5.2054567,-4.8954563
8.034543,8.384543,6.9645433,6.6045437,5.9145436,5.5245433,4.8845434,4.1845436,3.4045434,3.1045434,2.0845435,1.2945435,0.41454345,-0.35545653,-1.2454566,-2.3354566,-1.5354565,-1.6554565,-0.49545655,-2.6454566,-1.8354565,-2.4254565,-1.7254566,-0.9954565,0.074543454,-0.83545655,-0.19545655,0.8745434,0.92454344,-0.58545655,0.78454345,-0.09545654,1.8645434,6.0645432,4.9945436,6.3245435,6.4845433,6.4745436,6.0545435,7.0045433,6.9045434,9.974544,10.574543,13.834543,8.414543,5.9745436,4.7145433,-0.26545656,0.72454345,-0.23545654,-0.6254566,-1.7354566,-4.3554564,-5.1554565,-3.4054565,-3.2654564,-3.1854565
9.534543,8.8045435,8.584543,7.3145432,7.5145435,7.0745435,6.2845435,5.0645432,5.5745435,4.6545434,3.8345435,2.6245434,1.7145435,0.55454344,-0.42545655,-0.32545653,-0.81545657,-0.66545653,-1.5354565,-1.5154566,-3.1454566,-1.7454566,-1.2154565,-1.2754565,-0.23545654,-1.0454565,-0.6254566,-0.30545655,0.13454346,1.5845435,0.25454345,0.40454346,5.9245434,6.6845436,5.8045435,7.0145435,7.5945435,8.114544,7.1245437,7.0645432,6.8845434,4.9245434,5.5745435,6.6645436,5.8645434,3.4545434,2.3845434,-0.31545654,-0.65545654,-1.6754565,-3.6054566,-3.7554564,-3.7154565,-2.5054564,-0.6154565,-1.4254565,-1.5654565
10.884543,10.224544,9.544543,9.394544,8.534543,7.3845434,7.3945436,6.2445436,5.7745433,5.7845435,5.3945436,3.9645433,3.2145433,2.0945435,0.25454345,0.024543457,0.26454344,-0.30545655,-2.5354567,-0.8754566,-1.6054566,-2.9854565,-2.5054564,-2.4254565,-2.8954566,-1.9754566,-1.1754565,0.28454345,0.85454345,0.8145435,1.4545435,5.1545434,7.1645436,6.5945435,6.6545434,8.224544,9.234544,7.7945433,6.9045434,6.9645433,6.6545434,3.9245434,0.11454346,-3.8854566,-5.2654567,-1.3054565,2.2345436,1.6445434,-3.6154566,-6.0254564,-5.3254566,-2.6654565,1.2545434,-0.05545654,1.5745435,0.8145435,0.8245435
13.634543,11.644544,10.3045435,10.434544,10.534543,8.724544,7.4345436,6.2545433,6.1345434,6.4145436,5.9545436,5.0645432,4.6245437,2.8445435,1.5645435,-0.05545654,-0.14545654,-1.4954566,-0.7454565,-2.5654566,-2.3354566,-1.5254565,-1.3254565,-1.4354565,-1.5654565,-0.94545656,-0.33545655,-0.6754565,1.6445434,0.74454343,5.6445436,8.774544,6.7145433,6.4245434,7.6245437,8.404544,7.2445436,6.834543,7.8245435,6.4745436,6.5645432,3.3945434,-0.57545656,0.8745434,-1.0154566,-1.8254565,-2.3854566,-4.0754566,-6.1854568,-4.5554566,-2.8454566,-1.3754566,0.34454346,2.8745434,2.3345435,1.1245434,2.0845435
14.694544,13.574543,12.784543,11.114544,11.014544,10.594543,9.014544,7.3645434,6.5045433,6.3145432,6.8245435,5.9645433,5.3945436,4.084543,2.5145435,1.0145434,-0.24545655,-2.0954566,-1.2454566,-2.7754564,-2.3754566,-1.2954565,-0.05545654,0.6245434,-0.28545654,-1.1354566,-0.44545653,0.90454346,1.5545435,3.7945435,5.7545433,5.6945434,7.2445436,7.4645433,8.654544,8.604544,7.2545433,7.2645435,6.9345436,5.8445435,6.2545433,4.0045433,-1.1454566,-3.8854566,-4.9654565,-5.0154567,1.2845435,-2.2254565,-4.0154567,-2.9254565,-2.1854565,0.60454345,4.1845436,4.0545435,1.1945435,1.8345435,2.3445435
15.044543,14.494543,15.104544,14.144544,11.524544,11.714543,10.824543,9.314544,7.5245433,6.4245434,6.1145434,5.6445436,5.7545433,4.9445434,3.4345434,-0.15545654,1.1045434,-1.8854566,-1.9054565,-1.2254566,-0.6854565,-2.2454565,-1.4554565,-2.8554566,-1.2254566,-0.43545654,-0.36545655,0.58454347,4.1845436,4.5045433,4.8645434,4.7245436,5.3745437,7.5145435,7.0245433,6.3845434,6.3845434,5.7645435,6.4145436,5.6845436,3.1345434,-0.34545654,-0.7354565,-3.2654564,-3.4654565,-5.6554565,-5.1054564,-7.4554567,-8.105456,-6.1754565,-4.3354564,-3.2554564,-3.0854566,-2.8854566,-1.3454566,2.8245435,4.1245437
14.864544,14.664543,14.214543,15.8045435,15.744543,12.714543,11.654544,10.634543,8.374543,6.9945436,5.8745437,5.9045434,6.4345436,5.2445436,3.8745434,1.7045435,0.30454347,0.99454343,-0.26545656,-0.96545655,0.64454347,-0.39545655,-0.29545653,-0.96545655,-0.6754565,-0.50545657,-0.63545656,0.18454346,1.3945434,2.6345434,4.1245437,3.0345435,3.6445434,3.6645434,2.5045435,2.6945434,3.6645434,4.6345434,6.5545435,6.2045436,3.6245434,-3.5554566,-6.4554567,-5.8554564,-5.7954564,-6.3054566,-7.4654565,-8.055456,-7.2654567,-4.9254565,-1.3454566,-0.70545655,-0.36545655,1.3245435,3.0445435,3.8045435,2.4145434
