json/gfs_20240723_00.json
{"header": { "discipline":0, "disciplineName":"Meteorological products", "gribEdition":2, "gribLength":79374, "center":7, "centerName":"US National Weather Service - NCEP(WMC)", "subcenter":0, "refTime":"2024-07-23T00:00:00.000Z", "significanceOfRT":1, "significanceOfRTName":"Start of forecast", "productStatus":0, "productStatusName":"Operational products", "productType":1, "productTypeName":"Forecast products", "productDefinitionTemplate":0, "productDefinitionTemplateName":"Analysis/forecast at horizontal level/layer at a point in time", "parameterCategory":2, "parameterCategoryName":"Momentum", "parameterNumber":2, "parameterNumberName":"U-component_of_wind", "parameterUnit":"m.s-1", "genProcessType":2, "genProcessTypeName":"Forecast", "forecastTime":0, "surface1Type":103, "surface1TypeName":"Specified height level above ground", "surface1Value":10.0, "surface2Type":255, "surface2TypeName":"Missing", "surface2Value":0.0, "gridDefinitionTemplate":0, "gridDefinitionTemplateName":"Latitude_Longitude", "numberPoints":65160, "shape":6, "shapeName":"Earth spherical with radius of 6,371,229.0 m", "gridUnits":"degrees", "resolution":48, "winds":"true", "scanMode":0, "nx":360, "ny":181, "basicAngle":0, "lo1":0.0, "la1":90.0, "lo2":359.0, "la2":-90.0, "dx":1.0, "dy":1.0 }, "data":
[rows 0 to 25 of 181, columns 228 to 284 of 360]
-6.241462,-6.1814623,-6.1314626,-6.0714626,-6.011462,-5.9514623,-5.8914623,-5.8214626,-5.761462,-5.6914625,-5.6214623,-5.551462,-5.4814625,-5.4014626,-5.3214626,-5.2514625,-5.1714625,-5.0914626,-5.0014625,-4.9214625,-4.8314624,-4.7514625,-4.6614623,-4.5714626,-4.4814625,-4.3814626,-4.2914624,-4.1914625,-4.1014624,-4.0014625,-3.9014623,-3.8014624,-3.7014625,-3.5914624,-3.4914625,-3.3914623,-3.2814624,-3.1714623,-3.0614624,-2.9614625,-2.8514624,-2.7414625,-2.6214623,-2.5114625,-2.4014623,-2.2914624,-2.1714623,-2.0614624,-1.9414624,-1.8214624,-1.7114624,-1.5914624,-1.4714624,-1.3514624,-1.2314624,-1.1214623,-1.0014625
-5.4614625,-5.4114623,-5.3614626,-5.3114624,-5.261462,-5.2014623,-5.1514626,-5.0814624,-5.031462,-4.9614625,-4.9014626,-4.8414626,-4.781462,-4.7214622,-4.6614623,-4.6014624,-4.5414624,-4.4814625,-4.4214625,-4.3614626,-4.301462,-4.241462,-4.1714625,-4.1114626,-4.051462,-3.9814625,-3.9114623,-3.8414624,-3.7714624,-3.7014625,-3.6214623,-3.5514624,-3.4714625,-3.4014623,-3.3214624,-3.2414625,-3.1614623,-3.0714624,-3.0014625,-2.9114623,-2.8314624,-2.7414625,-2.6514623,-2.5714624,-2.4814625,-2.4014623,-2.3214624,-2.2314625,-2.1414623,-2.0614624,-1.9714624,-1.8714623,-1.7714624,-1.6714624,-1.5614624,-1.4514624,-1.3414624
-4.0614624,-4.0914626,-4.1114626,-4.1414623,-4.1614623,-4.1714625,-4.1814623,-4.1814623,-4.1514626,-4.1214623,-4.0814624,-4.0414624,-4.011462,-3.9514625,-3.9014623,-3.8414624,-3.7914624,-3.7214625,-3.6614623,-3.6014624,-3.5614624,-3.5214624,-3.4914625,-3.4514625,-3.4314623,-3.4214623,-3.4014623,-3.3714623,-3.3314624,-3.2914624,-3.2514625,-3.1914625,-3.1414623,-3.0814624,-3.0214624,-2.9914625,-2.9514625,-2.9114623,-2.8714623,-2.8314624,-2.7814624,-2.7314625,-2.6614623,-2.6014624,-2.5314624,-2.4514625,-2.3714623,-2.2714624,-2.1814623,-2.0814624,-1.9714624,-1.8614624,-1.7514625,-1.6414624,-1.5414624,-1.4514624,-1.3514624
-2.3214624,-2.3014624,-2.2814624,-2.2614625,-2.2314625,-2.2014625,-2.2114625,-2.2314625,-2.2514625,-2.2514625,-2.2614625,-2.2614625,-2.2514625,-2.2414625,-2.2614625,-2.2714624,-2.3114624,-2.3914623,-2.4614625,-2.5214624,-2.5614624,-2.5814624,-2.4814625,-2.3814623,-2.2814624,-2.1814623,-2.1114624,-2.1114624,-2.1214623,-2.1514623,-2.1714623,-2.2014625,-2.2014625,-2.2114625,-2.2114625,-2.2214625,-2.2314625,-2.2714624,-2.3214624,-2.3814623,-2.4314623,-2.4714625,-2.5214624,-2.5514624,-2.5614624,-2.5614624,-2.5614624,-2.5214624,-2.4614625,-2.3914623,-2.3014624,-2.2014625,-2.0714624,-1.9414624,-1.8214624,-1.7314624,-1.6314625
0.0385376,0.1285376,0.14853759,0.088537596,-0.0114624025,-0.1714624,-0.3314624,-0.4114624,-0.4814624,-0.53146243,-0.5814624,-0.6314624,-0.6814624,-0.7414624,-0.8214624,-0.8914624,-0.9514624,-0.9714624,-0.9814624,-1.0014625,-1.0014625,-1.0014625,-0.9914624,-0.9614624,-0.9314624,-0.9014624,-0.8814624,-0.8614624,-0.8514624,-0.8614624,-0.8614624,-0.8614624,-0.8214624,-0.78146243,-0.7114624,-0.6214624,-0.5414624,-0.4914624,-0.4814624,-0.4514624,-0.3714624,-0.061462402,0.3685376,0.4485376,0.4185376,0.3885376,0.3685376,0.2885376,0.1585376,-0.081462406,-0.2814624,-0.3114624,-0.3414624,-0.3114624,-0.2714624,-0.24146241,-0.2314624
1.8985376,1.6085376,1.4185376,1.4285376,1.5585376,1.6785376,1.6585376,1.5585376,1.4785376,1.3485376,1.2185376,1.0885376,0.9585376,0.8485376,0.7685376,0.6785376,0.5785376,0.4585376,0.3185376,0.1585376,0.008537598,-0.1414624,-0.2614624,-0.3414624,-0.4014624,-0.4514624,-0.5214624,-0.6014624,-0.6714624,-0.7214624,-0.7714624,-0.8314624,-0.8814624,-0.9314624,-1.0014625,-1.0614624,-1.1214623,-1.1614624,-1.0714624,-0.9714624,-0.9214624,-0.8714624,-0.7214624,-0.4314624,-0.21146241,-0.081462406,-0.0014624023,0.14853759,0.3685376,0.6185376,0.7785376,0.8585376,0.8785376,0.8285376,0.7685376,0.2485376,-0.2314624
2.9385376,2.8485377,2.7885375,2.7085376,2.6085377,2.5085375,2.4685376,2.4985375,2.5285375,2.5085375,2.4385376,2.3885376,2.3185377,2.2185376,2.0985377,1.9485376,1.7885376,1.6185375,1.4585376,1.3285376,1.2185376,1.1085376,0.9985376,0.8585376,0.7085376,0.5685376,0.3985376,0.2285376,0.0785376,-0.021462403,-0.1914624,-0.2914624,-0.3514624,-0.3814624,-0.42146242,-0.4714624,-0.5714624,-0.6514624,-0.7014624,-0.7214624,-0.7614624,-0.8014624,-0.7914624,-0.6114624,-0.2014624,0.4885376,0.6685376,0.71853757,0.4085376,0.0785376,-0.5414624,-0.9814624,-1.3814625,-1.6614624,-1.7014624,-1.7914624,-1.9814624
4.3885374,4.3985376,4.2785378,4.0885377,3.8985376,3.7485375,3.6285377,3.5885377,3.5785377,3.5785377,3.5685377,3.5485375,3.5185375,3.4085376,3.2685375,3.0785377,2.8885376,2.7285376,2.5985377,2.4785376,2.3285377,2.1485376,2.0185375,1.8485376,1.5985376,1.3285376,1.1085376,0.9285376,0.8185376,0.7585376,0.71853757,0.5685376,0.35853758,0.2185376,0.1885376,0.2385376,0.3685376,0.4185376,0.4585376,0.8385376,0.71853757,0.6785376,0.7285376,0.5585376,0.0585376,-0.5014624,-0.8814624,-1.3514624,-1.9014624,-2.2814624,-2.5214624,-2.7214625,-2.9114623,-2.2414625,-1.9114624,-1.7314624,-1.3414624
5.4185376,5.4385376,5.448538,5.468538,5.4185376,5.3185377,5.1785374,5.0285378,4.9385376,4.8585377,4.7785378,4.6685376,4.5385375,4.448538,4.3185377,4.198538,4.0785375,3.8885376,3.6685376,3.4585376,3.2485375,2.9985375,2.7985375,2.6485376,2.4685376,2.2785375,2.0485375,1.8085376,1.5885376,1.5285376,1.3885376,1.1885376,0.8685376,0.4885376,0.2885376,0.088537596,0.1885376,0.2785376,0.2685376,0.7485376,0.9285376,1.2285376,1.6285377,0.7685376,0.1085376,-0.5614624,-1.3414624,-1.0914624,-0.7514624,-0.4914624,-0.7414624,-1.2314624,-1.3514624,-1.7314624,-1.6914624,-0.7014624,0.048537597
6.1285377,6.238538,6.238538,6.198538,6.1485376,6.0585375,5.9785376,5.9185376,5.8485374,5.698538,5.5385375,5.4385376,5.3385377,5.238538,5.1185374,4.9985375,4.8785377,4.7785378,4.6485376,4.468538,4.2785378,4.0185375,3.7585375,3.4085376,3.0885377,2.8185377,2.5885377,2.3185377,2.1385376,2.0685377,1.8385376,1.4585376,0.8385376,0.4785376,0.4285376,0.4985376,0.4285376,0.6985376,0.3785376,-0.5114624,-1.4814624,-1.1514624,-1.3314624,-1.8714623,-0.2914624,-0.3214624,-1.4614624,-2.1114624,-1.6514624,-1.1414624,-0.6314624,-0.7114624,-0.3214624,0.3685376,-0.4514624,-1.7614625,-1.7514625
6.7085376,6.9085374,7.008538,6.9785376,6.8585377,6.8185377,6.7685375,6.6885376,6.6085377,6.5485377,6.4785376,6.2885375,6.1085377,5.9385376,5.8585377,5.7285376,5.6385374,5.5485377,5.3785377,5.1685376,5.008538,4.7685375,4.3485374,3.9885375,3.5885377,3.1385376,2.7285376,2.5185375,2.3785377,2.0385375,1.3685375,0.3385376,-0.3414624,-0.78146243,-0.9414624,-0.4114624,0.8085376,1.0585376,1.0985376,0.9985376,-1.2714624,-1.8914624,-1.6114624,-0.5814624,-2.8914623,-4.6614623,-1.2514625,-0.4714624,-0.6614624,0.1885376,-0.1514624,0.4185376,-1.0614624,-1.3314624,-1.0114625,-0.5014624,0.1085376
7.0685377,7.0485377,7.1685376,7.258538,7.2685375,7.2785378,7.218538,6.8185377,6.7285376,6.7885375,6.5885377,6.4185376,6.448538,6.4385376,6.4285374,6.1785374,6.0685377,6.1285377,6.0485377,5.8185377,5.6785374,5.468538,5.1685376,4.7985377,4.4185376,4.0985374,3.5885377,3.5985377,3.1385376,2.4985375,1.4285376,0.2585376,-0.9914624,-2.4814625,-3.5814624,-3.5614624,-3.3114624,-2.0114625,0.1885376,1.0785376,-0.0714624,-0.7914624,-0.2914624,0.4585376,-0.1714624,1.1385376,2.9985375,1.1985376,-0.5914624,-0.5514624,0.8885376,0.0585376,-1.2514625,-1.3014624,-1.3414624,-1.7114624,-1.0614624
6.8285375,6.7685375,6.8385377,6.9585376,6.968538,6.8985376,6.698538,6.8685374,6.7085376,6.198538,6.258538,6.3985376,6.5185375,6.448538,6.2885375,6.4185376,6.468538,6.3885374,6.4585376,5.8485374,6.3685374,6.9785376,6.968538,5.7985377,5.3685374,4.8885374,4.1885376,4.3385377,4.9185376,4.1885376,4.1785374,4.0185375,3.5885377,1.7185376,0.7685376,0.4185376,-0.2714624,-2.0214624,-4.2114625,-5.9014626,-6.511462,-5.051462,-4.5714626,-3.9814625,-3.8614624,-3.8514624,-1.7314624,-0.0114624025,-0.24146241,0.1085376,-0.0714624,-1.4614624,-0.7314624,-0.3714624,-0.4714624,-0.1014624,-0.2914624
5.9085374,5.7685375,5.8085375,5.9385376,6.0885377,6.0285378,5.9985375,5.9985375,5.948538,5.8185377,5.9785376,6.2285376,6.1585374,7.4085374,7.4185376,7.3985376,6.8985376,5.7785378,5.8685374,6.0585375,6.3985376,6.8585377,6.948538,7.1285377,6.8085375,5.758538,4.9985375,5.4185376,5.6685376,4.258538,4.218538,4.738538,4.6885376,4.0685377,3.3785377,2.6485376,1.6485376,1.0985376,-0.1314624,-1.7614625,-2.0714624,-1.5614624,-1.7714624,-0.3214624,-1.0914624,-0.7414624,-1.0214624,-0.3114624,0.4085376,0.5185376,-1.1614624,-1.0814624,-0.8614624,-0.9914624,-0.9614624,-0.0714624,1.5285376
5.2985377,5.508538,5.4285374,5.3085375,5.3485374,5.2985377,5.2785378,5.3285375,5.4085374,5.3285375,6.1185374,6.2985377,6.6285377,5.0985374,5.1785374,4.0485377,5.6685376,7.6085377,8.418537,8.778538,7.3785377,5.8885374,5.8385377,6.9385376,6.738538,4.9185376,7.1085377,6.6185374,5.198538,5.0485377,2.9385376,4.1885376,4.0585375,4.4985375,3.3885376,2.3985376,1.9285376,0.098537594,-1.6214623,-2.6414623,-2.1314623,-1.8314624,-3.5314624,-4.0914626,-4.5414624,-3.6114624,-3.2714624,-2.7614625,-2.7914624,-2.6514623,-1.5314624,1.6685376,2.5285375,3.5485375,3.4285376,1.9385376,0.6585376
3.8085375,4.1285377,4.2785378,4.3385377,4.2985377,4.3685374,4.8385377,5.5185375,5.758538,6.3285375,5.4285374,4.698538,5.5685377,6.4585376,5.2885375,6.5885377,8.298537,8.358538,5.1485376,5.3685374,6.948538,5.6585374,4.8685374,4.1785374,5.3485374,6.1385374,5.1685376,3.3285377,4.5585375,4.3685374,5.2285376,4.3885374,4.258538,3.3885376,2.0585375,2.0285375,2.0885377,1.6385376,1.1285377,-2.1114624,-2.5914624,-1.3514624,-1.6914624,-1.2814624,-1.1814624,-1.7914624,-1.8314624,-1.9914623,-1.4014624,-1.0414624,3.4085376,0.7985376,-1.9814624,-2.2914624,-2.9914625,-2.5914624,-1.3414624
3.8185377,3.8885376,3.7685375,3.3585377,3.8785377,4.8785377,5.1885376,4.9285374,5.1385374,5.0685377,5.0385375,4.758538,3.7985375,1.9085376,4.948538,6.4085374,5.198538,5.5885377,6.258538,6.8285375,8.038538,7.0385375,5.5885377,4.718538,4.468538,4.0185375,5.3185377,4.758538,3.9685376,4.218538,4.9185376,5.6885376,6.2085376,5.7885375,6.5285378,4.968538,3.6585376,3.2185376,1.0185376,2.1285377,1.8585376,2.4685376,-0.4814624,0.14853759,-2.3014624,-3.9014623,-2.9714625,-1.1714624,0.2785376,1.0885376,1.5785376,3.2385375,4.1685376,3.7685375,3.0485375,3.1885376,3.6685376
3.7585375,3.3085375,3.5685377,3.4085376,2.9985375,3.3185377,3.7685375,3.6885376,4.5285378,4.3785377,4.488538,4.6885376,4.7785378,4.9985375,4.7085376,3.8885376,3.4585376,2.9885375,1.7985376,2.7485375,4.448538,5.008538,6.1485376,6.3385377,5.7885375,6.8285375,7.6285377,8.088537,7.948538,7.6485376,8.678537,6.8585377,7.5985374,8.648538,6.1185374,7.3485374,-1.0614624,1.4785376,-1.1114624,0.2885376,2.1685376,1.1785376,0.2385376,0.2885376,-0.7614624,-1.3414624,3.5185375,-0.7214624,0.0785376,1.0585376,2.4485376,-2.4914625,-0.2314624,0.5885376,-0.2014624,1.1085376,-1.8714623
0.9285376,0.9485376,1.4685376,1.4585376,1.6485376,1.8485376,1.6585376,2.1085377,2.0885377,2.5985377,3.5985377,4.508538,2.5785377,1.5485376,2.8985376,4.8485374,5.008538,4.6585374,4.2085376,4.008538,4.5885377,4.8985376,5.4785376,6.5985374,4.0385375,7.218538,9.028538,9.588537,5.5885377,6.3585377,5.3985376,6.8985376,6.8985376,7.7985377,10.048537,8.7685375,1.9485376,3.3585377,3.7585375,1.9785376,-0.6914624,-0.7714624,-0.3014624,-0.6614624,0.1085376,0.8585376,-1.3914624,0.6885376,1.6185375,4.0285378,6.2785378,5.9585376,2.5785377,2.0585375,1.4985375,0.9985376,1.4485376
-2.5014625,-2.5514624,-2.4314623,-2.3714623,-1.9814624,-0.7614624,0.7785376,2.6985376,3.4685376,5.7985377,3.8985376,-0.0514624,-2.0814624,-0.1014624,0.96853757,4.0885377,4.3585377,5.1485376,5.1785374,5.008538,5.488538,5.698538,5.468538,5.2085376,4.508538,2.1585376,4.4985375,6.4585376,3.6485376,2.4085376,2.7485375,4.9785376,6.1585374,5.008538,3.7685375,0.4385376,5.0285378,7.4585376,10.698538,9.318538,3.8785377,2.1585376,-0.3214624,0.9385376,-0.2314624,1.2985376,4.008538,3.1085377,4.5485377,4.7785378,4.0585375,4.8785377,5.5685377,5.9385376,6.7085376,6.8385377,5.7285376
-3.1214623,-3.0114625,-2.8614624,-2.7714624,-2.9214623,-2.5414624,-1.3314624,-1.0114625,-0.4614624,0.6285376,2.1485376,3.6685376,3.6185377,3.3885376,2.1885376,1.6085376,4.0985374,5.2685375,6.6685376,6.9185376,6.6385374,6.2785378,7.3785377,7.5985374,7.2685375,6.7885375,7.3885374,8.188538,7.468538,1.4885375,0.2785376,6.7685375,1.2885376,0.9985376,1.4785376,0.3485376,0.8085376,3.9585376,9.7685375,9.648538,7.2485375,5.1185374,1.9585376,-0.3514624,-1.2114624,-2.9514625,-1.1614624,2.0385375,4.1885376,3.5585375,5.9785376,3.1185377,3.9785376,5.508538,2.4885375,6.8485374,6.6585374
-1.8014624,-2.1114624,-2.2714624,-2.4414625,-0.7914624,-4.7314625,-4.6214623,-3.2514625,-2.4714625,0.6385376,3.2185376,4.9085374,-4.491462,-1.8614624,1.4485376,4.738538,6.3685374,7.968538,6.1785374,4.2085376,4.0585375,4.5485377,3.1585376,2.4885375,3.9885375,5.1785374,6.5885377,7.9385376,9.788538,9.608538,7.8185377,4.468538,3.9885375,5.3085375,9.0585375,7.3885374,7.9585376,3.6285377,5.6485376,6.4285374,8.698538,9.608538,5.738538,7.5685377,-0.2014624,0.4585376,-0.0514624,-0.24146241,4.2485375,5.3585377,3.8585377,0.96853757,2.5385375,4.7085376,5.0285378,5.0585375,5.6285377
1.2485375,2.0785377,3.3685377,4.0285378,2.7085376,3.3685377,1.3985376,2.0185375,3.3085375,1.4885375,1.2485375,2.6485376,3.1285377,-6.9614625,-2.9914625,-3.8114624,-2.7014625,-1.1614624,-0.6414624,0.8385376,2.5785377,3.4785376,4.3685374,6.1285377,3.7885375,7.5485377,8.0585375,8.618538,7.4985375,6.1885376,5.4285374,4.0285378,4.8085375,3.6785376,5.968538,6.5685377,4.3085375,6.2285376,7.3185377,7.948538,7.9585376,8.008537,6.3685374,4.8185377,-1.0914624,-0.1114624,2.1885376,4.6885376,4.718538,4.448538,1.0585376,1.5685376,2.5485375,3.4085376,3.8685377,3.8785377,5.258538
0.8185376,1.8685375,0.96853757,1.5985376,0.7085376,2.1685376,1.5585376,1.6285377,3.0785377,2.6585376,1.0185376,0.2485376,1.9685376,3.6085377,4.1685376,4.0985374,4.7485375,5.7485375,5.0285378,4.6885376,4.758538,2.4885375,3.0285375,3.2185376,-1.0414624,2.6085377,4.8285375,6.0985374,5.6685376,5.508538,6.1485376,6.1085377,4.6685376,5.2285376,3.6785376,3.8385377,4.7785378,4.1385374,5.198538,5.4285374,6.1285377,6.6485376,6.5485377,5.4185376,2.0985377,-1.1614624,3.2085376,2.2885375,2.2885375,2.5085375,-0.3114624,1.7085376,4.1585374,4.3085375,3.4485376,4.1885376,5.0785375
-2.6514623,-1.9814624,-1.5514624,-1.8014624,-0.3714624,-1.9214624,-1.3714623,-0.8814624,-1.4014624,-1.2914624,-1.3514624,-2.2714624,-1.5214624,-1.9014624,0.9885376,1.4685376,2.7985375,2.8685377,3.1285377,4.1785374,4.1085377,4.1485376,4.4785376,5.6485376,5.698538,6.008538,4.7485375,3.8685377,4.8485374,4.1485376,5.0185375,7.7485375,7.0685377,5.6885376,3.3685377,7.7485375,3.5585375,3.8985376,5.988538,5.4785376,5.238538,5.7885375,1.0385376,4.2285376,3.5285375,-1.7214624,3.1085377,4.0385375,5.2785378,3.6685376,1.5185376,0.2885376,2.0385375,3.1585376,4.0785375,4.5185375,4.3985376
-1.5614624,0.7985376,-1.3314624,-1.2814624,-1.6214623,-2.1014624,-2.9514625,-0.8914624,-5.261462,-3.9914625,0.14853759,-1.8014624,2.1285377,0.7985376,-1.4814624,0.1685376,2.1785376,2.4985375,2.5385375,2.8585377,3.4785376,3.3885376,3.6085377,3.4685376,3.0985377,3.8885376,3.6485376,4.1085377,-1.0214624,0.6185376,2.0385375,4.4585376,7.3885374,8.428537,4.8485374,4.5785375,2.2085376,4.718538,2.2385375,4.0885377,4.3785377,4.4585376,3.4385376,-0.1614624,1.3785377,0.098537594,2.6085377,0.7285376,3.5485375,3.1385376,2.8385377,1.9085376,1.3685375,1.7485375,1.1885376,3.5885377,3.5685377
