json/gfs_20240722_12.json
{"header": { "discipline":0, "disciplineName":"Meteorological products", "gribEdition":2, "gribLength":79707, "center":7, "centerName":"US National Weather Service - NCEP(WMC)", "subcenter":0, "refTime":"2024-07-22T12:00:00.000Z", "significanceOfRT":1, "significanceOfRTName":"Start of forecast", "productStatus":0, "productStatusName":"Operational products", "productType":1, "productTypeName":"Forecast products", "productDefinitionTemplate":0, "productDefinitionTemplateName":"Analysis/forecast at horizontal level/layer at a point in time", "parameterCategory":2, "parameterCategoryName":"Momentum", "parameterNumber":2, "parameterNumberName":"U-component_of_wind", "parameterUnit":"m.s-1", "genProcessType":2, "genProcessTypeName":"Forecast", "forecastTime":0, "surface1Type":103, "surface1TypeName":"Specified height level above ground", "surface1Value":10.0, "surface2Type":255, "surface2TypeName":"Missing", "surface2Value":0.0, "gridDefinitionTemplate":0, "gridDefinitionTemplateName":"Latitude_Longitude", "numberPoints":65160, "shape":6, "shapeName":"Earth spherical with radius of 6,371,229.0 m", "gridUnits":"degrees", "resolution":48, "winds":"true", "scanMode":0, "nx":360, "ny":181, "basicAngle":0, "lo1":0.0, "la1":90.0, "lo2":359.0, "la2":-90.0, "dx":1.0, "dy":1.0 }, "data":
[rows 0 to 25 of 181, columns 228 to 284 of 360]
-3.5260108,-3.4160109,-3.3160107,-3.2060108,-3.1060107,-2.9960108,-2.8860106,-2.7760108,-2.6660109,-2.5560107,-2.4460108,-2.3260107,-2.2160108,-2.0960107,-1.9860108,-1.8660108,-1.7560108,-1.6360108,-1.5260108,-1.4060107,-1.2860107,-1.1660107,-1.0460107,-0.9260107,-0.8060107,-0.69601077,-0.57601076,-0.45601073,-0.33601075,-0.21601075,-0.096010745,0.033989258,0.15398926,0.27398926,0.39398926,0.51398927,0.6339893,0.7439892,0.86398923,0.98398924,1.1039892,1.2239892,1.3439893,1.4639893,1.5739893,1.6939893,1.8139893,1.9239893,2.0439892,2.1539893,2.2739892,2.3839893,2.4939892,2.6039894,2.7139893,2.8239892,2.9339893
-2.6060107,-2.5060108,-2.3960106,-2.2960107,-2.1760108,-2.0760107,-1.9560107,-1.8460107,-1.7360108,-1.6160108,-1.5060108,-1.3960108,-1.2860107,-1.1760107,-1.0560107,-0.9360107,-0.82601076,-0.70601076,-0.58601075,-0.46601075,-0.34601074,-0.22601074,-0.10601074,0.013989258,0.13398926,0.25398925,0.37398925,0.48398927,0.61398923,0.72398925,0.85398924,0.97398925,1.0839893,1.2039893,1.3139893,1.4239893,1.5439893,1.6539893,1.7539892,1.8639892,1.9739892,2.0739892,2.1839893,2.2839892,2.3839893,2.4839892,2.5839891,2.6839893,2.7839892,2.8739893,2.9639893,3.0539892,3.1439893,3.2339892,3.3139892,3.4039893,3.4839892
-1.8060107,-1.7660108,-1.7260108,-1.6960107,-1.6560107,-1.6060108,-1.5560107,-1.4860108,-1.4260107,-1.3460107,-1.2760108,-1.1860107,-1.0860107,-1.0060108,-0.91601074,-0.82601076,-0.7560108,-0.6860107,-0.6260107,-0.57601076,-0.5060108,-0.43601075,-0.35601074,-0.28601074,-0.20601074,-0.12601075,-0.046010744,0.043989256,0.15398926,0.25398925,0.36398926,0.49398926,0.6239893,0.76398927,0.89398926,1.0339893,1.1739893,1.3139893,1.4539893,1.5939893,1.7339892,1.8739892,1.9939892,2.1039894,2.2139893,2.3139892,2.4139893,2.4939892,2.5739892,2.6539893,2.7439892,2.8339891,2.9339893,3.0239892,3.1039894,3.2039893,3.2839892
-1.6360108,-1.6060108,-1.5760107,-1.5560107,-1.5560107,-1.5460107,-1.5560107,-1.5760107,-1.6060108,-1.6460108,-1.6960107,-1.7360108,-1.7360108,-1.7260108,-1.6760107,-1.6160108,-1.5460107,-1.4460107,-1.3560108,-1.2660108,-1.1760107,-1.0860107,-0.98601073,-0.88601077,-0.78601074,-0.6760107,-0.5560107,-0.44601074,-0.33601075,-0.22601074,-0.12601075,-0.036010742,0.033989258,0.11398926,0.20398925,0.29398927,0.39398926,0.53398925,0.67398924,0.8239893,0.96398926,1.1039892,1.2239892,1.3439893,1.4439893,1.5339893,1.6239892,1.7339892,1.8339893,1.9439893,2.0539892,2.1539893,2.2439892,2.3339891,2.4139893,2.4639893,2.5239892
-0.6760107,-0.6260107,-0.58601075,-0.54601073,-0.51601076,-0.48601073,-0.46601075,-0.47601074,-0.5060108,-0.54601073,-0.58601075,-0.6160107,-0.60601074,-0.57601076,-0.5560107,-0.57601076,-0.6160107,-0.6860107,-0.7560108,-0.8060107,-0.84601074,-0.85601074,-0.84601074,-0.78601074,-0.70601076,-0.63601077,-0.5660107,-0.5060108,-0.44601074,-0.39601076,-0.31601074,-0.22601074,-0.12601075,-0.026010742,0.07398926,0.18398926,0.30398926,0.41398925,0.52398926,0.64398926,0.76398927,0.89398926,1.0339893,1.2139893,1.4039893,1.5339893,1.6339892,1.6639893,1.6839893,1.7539892,1.8339893,1.9639893,2.1039894,2.2039893,2.3239892,2.4339893,2.5539892
0.9339893,0.84398925,0.76398927,0.6939893,0.6339893,0.59398925,0.54398924,0.49398926,0.44398925,0.36398926,0.28398925,0.18398926,0.083989255,-0.026010742,-0.11601074,-0.19601074,-0.25601074,-0.32601073,-0.37601075,-0.45601073,-0.49601075,-0.52601075,-0.52601075,-0.52601075,-0.53601074,-0.54601073,-0.53601074,-0.49601075,-0.44601074,-0.40601075,-0.39601076,-0.40601075,-0.39601076,-0.36601076,-0.31601074,-0.24601074,-0.16601074,-0.046010744,0.123989254,0.30398926,0.51398927,0.6939893,0.8739893,1.0439893,1.1839893,1.3139893,1.4239893,1.5439893,1.6539893,1.7239892,1.8139893,1.9039893,2.0539892,2.2039893,2.3739893,2.5439892,2.7239892
2.6939893,2.5339892,2.3839893,2.2639892,2.1639893,2.0139892,1.8339893,1.6539893,1.5139892,1.4639893,1.4339893,1.3739892,1.2539892,1.1339892,1.0239892,0.9339893,0.83398926,0.6939893,0.51398927,0.32398927,0.26398927,0.29398927,0.30398926,0.23398925,0.033989258,-0.17601074,-0.31601074,-0.38601074,-0.40601075,-0.41601074,-0.40601075,-0.43601075,-0.46601075,-0.5060108,-0.53601074,-0.51601076,-0.44601074,-0.33601075,-0.16601074,0.033989258,0.24398926,0.5039893,0.76398927,0.9939892,1.1839893,1.3739892,1.5739893,1.8539892,2.1139894,2.2939892,2.3739893,2.4639893,2.6439893,2.9539893,2.9939892,3.4939892,4.2639894
4.043989,3.8539894,3.6639893,3.4539893,3.1239893,2.9639893,2.9139893,2.8439894,2.7539892,2.6339893,2.5339892,2.4539893,2.3339891,2.2539892,2.1739893,2.0839891,1.9639893,1.8439893,1.7139893,1.5439893,1.3539892,1.1939893,1.1439892,1.1839893,1.2339892,1.2539892,1.2239892,1.1839893,1.1539893,1.1139892,1.0439893,0.9439893,0.84398925,0.7539893,0.67398924,0.59398925,0.54398924,0.52398926,0.5039893,0.66398925,0.59398925,1.2239892,1.4939892,1.6139892,1.6239892,1.9039893,2.4039893,2.3839893,1.6639893,0.91398925,0.7539893,0.8139893,0.84398925,0.77398926,0.07398926,-0.65601075,-1.0760107
4.953989,4.7439895,4.503989,4.3039894,4.1539893,3.9939892,3.8339891,3.6439893,3.4339893,3.2039893,3.0039892,2.9439893,2.9739892,2.9339893,2.8539894,2.7239892,2.5639892,2.4539893,2.3939893,2.4139893,2.3739893,2.2539892,2.0439892,1.7939893,1.5639893,1.4039893,1.2339892,1.1139892,1.1039892,1.0839893,1.0439893,1.0739893,1.1339892,1.1839893,1.2239892,1.2939893,1.2139893,0.91398925,0.32398927,-0.32601073,0.123989254,0.013989258,-0.89601076,-1.5460107,-1.2460108,-1.1560107,-1.2560108,-0.9960107,-0.18601075,0.77398926,0.32398927,-0.27601075,-0.5660107,-1.1960107,-0.97601074,0.27398926,0.96398926
5.7139893,5.4839892,5.293989,5.083989,4.893989,4.663989,4.4239893,4.123989,3.7939892,3.5739892,3.3839893,3.1839893,3.0139892,2.8839893,2.8639894,2.8739893,2.9639893,3.0339892,3.0439892,2.9339893,2.8039892,2.6939893,2.5539892,2.2939892,2.0039892,1.6739893,1.4239893,1.1439892,0.70398927,0.123989254,-0.30601075,-0.45601073,-0.46601075,-0.22601074,0.18398926,0.6939893,0.96398926,1.2239892,1.0139892,0.61398923,-1.2760108,-2.8560107,-2.5060108,-1.8660108,-1.0160108,-0.98601073,-1.0460107,-1.5760107,-1.2060107,-0.70601076,-0.45601073,0.37398925,0.44398925,0.83398926,0.20398925,-0.046010744,-0.0060107424
6.313989,6.003989,5.753989,5.523989,5.293989,5.0739894,4.8439894,4.563989,4.3039894,4.023989,3.7739892,3.6339893,3.6039894,3.5239892,3.4739892,3.5539892,3.9739892,3.8239892,3.6139894,3.5139892,3.2739892,3.1239893,2.9039893,2.5939894,2.2939892,2.0439892,1.9639893,1.6339892,1.1839893,0.60398924,0.023989258,-0.69601077,-0.97601074,-1.1060108,-1.9260107,-2.1160107,-1.5560107,-2.2260108,-1.5460107,-0.5560107,1.1939893,0.44398925,-1.1560107,-1.6660107,-1.4560107,-1.3160107,0.34398925,1.2439892,1.3939892,-0.27601075,-0.046010744,0.14398926,-0.71601075,0.28398925,0.92398924,1.3339893,1.5639893
6.373989,6.253989,6.143989,6.003989,5.7339892,5.433989,5.1539893,4.9639893,4.813989,4.6139894,4.453989,4.163989,3.7639892,3.5039892,3.3339891,3.1639893,3.0739892,3.0239892,2.8839893,2.7139893,2.4939892,2.3639894,2.2739892,1.8939892,1.5439893,1.3739892,1.1039892,1.1139892,1.5739893,1.8139893,1.2639892,-0.026010742,-0.60601074,-0.77601075,-0.47601074,-0.59601074,-1.3860108,-1.3860108,-0.20601074,0.32398927,0.72398925,0.51398927,0.51398927,1.4839892,0.53398925,1.1439892,2.0739892,0.84398925,0.5639893,1.0439893,0.98398924,1.3239893,2.1139894,2.4339893,2.0039892,1.9939892,-0.19601074
5.9439893,5.913989,5.8439894,5.793989,6.2839894,5.793989,5.583989,5.2139893,4.6339893,4.2839894,4.103989,3.8739893,3.6339893,3.4539893,3.3439894,3.2339892,3.0339892,2.9439893,2.9239893,2.5739892,2.6739893,2.5839891,1.8939892,1.5139892,1.3539892,0.34398925,-0.98601073,-1.8760108,-2.0760107,-2.1860108,-2.1060107,-2.0860107,-1.5060108,-1.4260107,-0.96601075,-0.17601074,0.41398925,1.0039892,1.6139892,2.0539892,2.6939893,3.6739893,4.123989,4.063989,2.7839892,0.14398926,-0.64601076,1.8139893,1.7439892,1.0439893,1.3539892,2.0339892,1.9439893,1.6139892,0.18398926,-0.036010742,0.023989258
5.833989,5.773989,5.5539894,5.333989,5.2339892,4.9839892,4.7339892,4.433989,4.293989,4.103989,3.9039893,3.7139893,3.2839892,3.9639893,3.6639893,3.0239892,1.8439893,1.8239893,2.3239892,2.3939893,2.3839893,1.7939893,2.0039892,2.3339891,2.9339893,3.0139892,0.7539893,-0.41601074,-0.6260107,-0.9260107,-1.3260107,-2.2360108,-2.9260108,-2.7860107,-2.5760107,-1.5960107,-0.54601073,0.22398926,-0.27601075,-0.59601074,0.53398925,1.4439893,1.8939892,1.5839893,1.2939893,0.51398927,0.85398924,1.0039892,0.40398926,0.30398926,-0.60601074,0.5739893,2.4839892,2.9939892,4.2139893,5.2439895,4.7839894
5.2139893,4.9839892,4.7639894,4.5939894,4.503989,4.373989,4.2439895,4.083989,3.7839892,3.4139893,3.2139893,2.8039892,3.0539892,2.1939893,2.5839891,2.2139893,1.9039893,1.1539893,0.44398925,0.06398926,-0.64601076,-1.6660107,-1.3560108,-0.23601075,0.39398926,0.80398923,1.6339892,-0.96601075,-1.0460107,0.45398927,-0.6760107,-0.33601075,-0.6160107,-0.34601074,-0.5560107,-0.79601073,-0.77601075,-0.49601075,-0.29601073,-0.72601074,-0.36601076,1.3239893,2.5339892,3.0839891,3.1839893,4.023989,4.4039893,4.0739894,4.6139894,6.3639894,8.653989,9.653989,8.633989,6.5339894,4.6339893,3.7639892,2.4939892
4.4239893,4.4839892,4.1739893,4.0539894,3.9439893,3.6939893,3.4039893,3.5739892,4.4839892,4.2139893,4.043989,4.293989,5.3239894,5.5139894,5.1139894,4.373989,4.4639893,3.4339893,3.3739893,3.2339892,6.163989,5.2139893,0.39398926,0.5739893,0.41398925,2.3039892,1.6039892,0.8739893,1.7639892,1.5439893,1.0339893,-0.15601075,-0.66601074,-1.2560108,-1.1860107,-2.1360106,-1.4960108,-0.026010742,0.80398923,-0.9960107,-0.08601074,0.48398927,1.2039893,1.9239893,1.1039892,1.3839892,1.5539893,2.4239893,2.8639894,0.10398926,0.53398925,1.2739892,1.3039893,-0.59601074,-0.06601074,3.9339893,7.0939894
4.273989,4.1539893,4.023989,3.9239893,4.4439893,5.6139894,5.373989,5.3639894,4.7139893,5.4039893,6.413989,7.3039894,7.1739893,6.5139894,8.27399,7.853989,3.2239892,2.6939893,3.4739892,4.1139894,3.6639893,4.1739893,3.8439894,2.6239893,2.2439892,2.3339891,2.4739892,0.8239893,0.44398925,0.72398925,1.0439893,1.8639892,1.8739892,0.51398927,1.4539893,-0.77601075,-0.08601074,-0.70601076,-0.48601073,0.123989254,0.66398925,0.72398925,1.4339893,3.4239893,4.5539894,5.5939894,7.5539894,7.9939895,9.02399,11.263989,12.323989,11.493989,12.27399,12.9739895,12.7239895,11.60399,9.383989
4.0939894,4.1139894,3.6739893,3.6039894,4.8039894,5.203989,4.9239893,4.0739894,4.8239894,6.833989,7.7239895,7.1339893,7.4739895,7.253989,6.083989,4.623989,6.683989,7.4239893,6.1939893,3.7739892,3.9939892,1.3539892,2.3739893,-0.0060107424,0.98398924,4.393989,2.2439892,0.6339893,1.0139892,0.83398926,2.5039892,0.5639893,1.3239893,2.7039893,1.4339893,-0.026010742,-2.2860107,0.67398924,0.10398926,0.7539893,1.6239892,0.9339893,0.8139893,1.5139892,2.3539894,2.4539893,0.52398926,0.28398925,2.2639892,1.7539892,1.7439892,0.98398924,1.0039892,0.66398925,0.41398925,-0.11601074,-0.5660107
4.663989,4.663989,3.6739893,4.9839892,6.273989,5.543989,4.1739893,1.8539892,4.7639894,6.523989,6.4739895,5.7139893,2.4839892,0.8139893,2.7539892,3.9439893,4.873989,4.5539894,5.2639894,4.143989,4.2139893,4.6739893,5.663989,3.6939893,0.90398926,2.7439892,3.5839891,2.2239892,0.5739893,0.39398926,-0.23601075,-0.63601077,-1.4260107,-0.48601073,0.30398926,0.38398924,-0.0060107424,0.91398925,0.29398927,-0.5660107,-0.63601077,-0.28601074,0.47398925,2.0339892,2.4239893,3.6539893,1.5339893,3.6739893,2.1139894,2.3739893,2.7439892,-0.07601074,1.4939892,1.6939893,1.0539893,1.3939892,0.70398927
2.3939893,3.1139894,3.5039892,3.1839893,4.5139894,4.0139894,3.3039892,3.4239893,3.8739893,5.353989,4.703989,2.9539893,2.1639893,-0.13601074,0.39398926,1.4839892,2.0939894,3.3139892,3.3839893,2.6939893,3.0539892,3.5939894,4.353989,3.5839891,2.8139892,3.1539893,3.1939893,3.1639893,2.7639892,2.8139892,0.73398924,-1.0960107,-1.9060107,-2.3960106,-1.9060107,-0.8760107,-0.45601073,0.42398927,2.3439894,-1.6360108,-1.8760108,-0.63601077,0.52398926,1.9639893,2.4739892,3.2739892,3.9339893,3.6939893,6.0139894,6.643989,5.9239893,3.7739892,3.0339892,2.1939893,1.3339893,0.38398924,-1.3960108
-0.73601073,0.39398926,1.3239893,0.80398923,1.8739892,2.6939893,3.8939893,4.503989,3.6139894,2.9039893,6.643989,8.953989,7.043989,3.0139892,-2.4060106,-1.6160108,1.7939893,0.71398926,4.8439894,4.7439895,3.6639893,3.2239892,4.7339892,5.523989,5.523989,5.6539893,5.4739895,4.853989,4.7239895,4.6939893,4.373989,4.003989,2.5939894,1.9739892,2.8539894,-0.26601073,-1.2260108,0.7539893,1.6939893,0.86398923,-0.23601075,-0.59601074,0.53398925,1.8039893,2.6339893,3.0639892,3.1439893,1.5039892,4.4239893,3.7639892,5.4239893,4.6339893,4.703989,4.4439893,3.5739892,0.9939892,-0.26601073
-0.84601074,0.44398925,0.35398924,1.3139893,1.4639893,2.0339892,2.2839892,2.6139894,2.6539893,4.293989,3.4139893,5.563989,5.453989,7.0539894,5.003989,3.2039893,2.0139892,0.6239893,2.1339893,3.3639894,3.6839893,4.123989,3.7239892,2.7839892,2.9939892,4.603989,5.2639894,3.1639893,4.0739894,5.043989,3.5139892,2.3239892,2.6739893,2.4539893,3.1539893,4.273989,4.3839893,0.70398927,1.4739892,2.0439892,3.8839893,3.3239892,-0.34601074,1.0439893,1.7739892,2.5739892,2.1339893,2.9939892,4.9039893,6.3639894,4.7839894,5.3639894,5.7439895,5.9739895,4.6139894,4.753989,4.083989
-0.96601075,-0.98601073,-0.8660107,-0.18601075,1.6439892,2.7439892,2.6039894,1.6439892,1.7339892,1.9139893,1.6339892,2.0639892,3.1339893,3.7239892,4.183989,2.0839891,2.6439893,2.9439893,4.353989,3.4639893,3.9239893,6.0539894,7.6139894,8.883989,2.5339892,6.913989,5.4939895,4.3639894,4.0539894,3.2239892,3.9939892,4.023989,3.4639893,1.7839893,1.6639893,2.7239892,2.6439893,3.0639892,3.0739892,2.1139894,3.0839891,3.3239892,2.2639892,2.4639893,-1.0760107,0.083989255,0.42398927,4.543989,5.0939894,4.9939895,2.8439894,4.163989,4.0339894,4.0939894,3.9039893,3.6739893,4.1939893
-0.96601075,-0.10601074,-0.71601075,-0.89601076,-1.7660108,-1.7060107,-0.85601074,0.18398926,0.41398925,-0.0060107424,0.7539893,0.38398924,0.32398927,0.16398926,-0.13601074,1.1739893,0.7539893,1.7339892,2.7539892,1.9239893,3.7539892,4.2639894,3.9139893,5.103989,4.1539893,2.3039892,4.043989,3.4239893,3.0839891,2.7839892,1.4539893,1.6739893,1.3539892,1.7239892,1.8639892,2.4639893,2.0239892,1.6439892,3.0839891,1.6439892,1.5239892,2.1639893,2.5939894,3.5539892,0.77398926,0.61398923,2.5139892,3.2139893,2.6639893,2.5939894,1.9639893,0.25398925,1.9039893,3.2139893,3.4839892,4.083989,4.3639894
-0.72601074,-0.88601077,0.23398925,-1.3660108,-0.9960107,-1.8960108,-1.6260108,-0.19601074,-0.13601074,-1.0960107,-0.41601074,-0.036010742,-0.06601074,0.59398925,-1.1160108,-0.8060107,0.39398926,1.6039892,0.78398925,1.5139892,2.4439893,2.1039894,2.7439892,3.8939893,3.8339891,2.8939893,3.4439893,2.8239892,4.4439893,2.9639893,2.0939894,2.4239893,1.2639892,0.26398927,0.023989258,0.80398923,1.7539892,1.4839892,1.1339892,0.77398926,0.80398923,0.7439892,1.0039892,1.2339892,1.8939892,0.6239893,1.8439893,3.5039892,2.3539894,2.3339891,1.1139892,0.6339893,0.43398926,1.2039893,1.8939892,2.4639893,2.6539893
-0.22601074,-0.52601075,0.043989256,0.23398925,0.5039893,-1.2560108,-1.9760108,-1.9960108,-1.9260107,-1.1060108,-1.2260108,-0.76601076,-0.096010745,0.49398926,-1.2360108,0.16398926,0.14398926,0.95398927,1.1939893,2.0639892,1.8139893,1.3939892,2.2039893,2.7439892,3.8039892,3.5339892,4.293989,4.523989,4.5939894,3.6639893,3.3539894,3.7139893,3.2339892,1.9939892,1.8439893,0.86398923,0.96398926,1.1739893,0.96398926,-0.19601074,-0.70601076,-0.13601074,0.39398926,0.15398926,1.8039893,-1.4560107,-1.1860107,-0.17601074,1.7239892,3.5339892,4.1739893,2.5939894,2.0039892,0.9339893,1.5139892,2.7439892,3.4939892
