json/gfs_20240717_18.json
{"header": { "discipline":0, "disciplineName":"Meteorological products", "gribEdition":2, "gribLength":79880, "center":7, "centerName":"US National Weather Service - NCEP(WMC)", "subcenter":0, "refTime":"2024-07-17T18:00:00.000Z", "significanceOfRT":1, "significanceOfRTName":"Start of forecast", "productStatus":0, "productStatusName":"Operational products", "productType":1, "productTypeName":"Forecast products", "productDefinitionTemplate":0, "productDefinitionTemplateName":"Analysis/forecast at horizontal level/layer at a point in time", "parameterCategory":2, "parameterCategoryName":"Momentum", "parameterNumber":3, "parameterNumberName":"V-component_of_wind", "parameterUnit":"m.s-1", "genProcessType":2, "genProcessTypeName":"Forecast", "forecastTime":0, "surface1Type":103, "surface1TypeName":"Specified height level above ground", "surface1Value":10.0, "surface2Type":255, "surface2TypeName":"Missing", "surface2Value":0.0, "gridDefinitionTemplate":0, "gridDefinitionTemplateName":"Latitude_Longitude", "numberPoints":65160, "shape":6, "shapeName":"Earth spherical with radius of 6,371,229.0 m", "gridUnits":"degrees", "resolution":48, "winds":"true", "scanMode":0, "nx":360, "ny":181, "basicAngle":0, "lo1":0.0, "la1":90.0, "lo2":359.0, "la2":-90.0, "dx":1.0, "dy":1.0 }, "data":
[rows 28 to 55 of 181, columns 62 to 123 of 360]
-0.30208007,-1.94208,-0.7020801,-1.4820801,-0.05208008,-0.6720801,-0.44208008,-0.89208007,-1.17208,-2.84208,-1.80208,-2.48208,-3.0520802,-3.86208,-3.2820802,-2.42208,-2.7920802,-2.61208,-1.9920801,-2.3020802,-2.71208,-3.73208,-3.75208,-2.38208,-2.49208,-2.3220801,-2.3120801,-1.9920801,-2.2720802,-2.12208,-0.21208008,-1.6120801,-0.9520801,-0.96208006,-1.2520801,-1.8320801,-2.62208,-2.5520802,-2.48208,-2.36208,-2.18208,-2.0120802,-1.5220801,-1.68208,-1.5220801,-1.2020801,-1.2620801,-1.2520801,-1.7720801,-1.9520801,-3.19208,-1.18208,-1.4620801,-2.64208,-1.1120801,-0.89208007,-0.6020801,0.24791992,-0.16208008,-0.3420801,-0.8720801,-0.5120801
1.6679199,-0.5120801,-2.0420802,-1.2120801,-0.9420801,0.6879199,-1.3320801,-3.46208,-2.3120801,-2.2620802,-2.50208,-2.98208,-2.72208,-2.65208,-3.98208,-3.85208,-2.5820801,-2.24208,-2.0320802,-2.12208,-2.39208,-2.16208,-1.8620801,-3.12208,-2.5120802,-2.92208,-2.84208,-2.2920802,-1.6220801,-0.6820801,-0.9220801,-0.5720801,-1.5920801,-1.3220801,-0.8220801,-1.0120801,-1.3720801,-1.17208,-0.9920801,-0.6920801,-0.8020801,-0.9520801,-0.9820801,-0.78208005,-0.022080079,0.46791992,0.6879199,0.08791992,0.27791992,-0.5120801,-0.04208008,0.26791993,0.53791994,0.71791995,0.08791992,-0.09208008,-0.78208005,0.38791993,-0.47208008,0.9279199,0.6479199,0.35791993
0.39791992,-1.78208,-2.13208,-0.25208008,-0.16208008,-3.0620801,-2.3120801,0.48791993,-1.44208,-2.47208,-1.55208,-2.41208,-2.49208,-2.22208,-2.36208,-2.41208,-2.23208,-3.10208,-2.7620802,-2.90208,-2.8120801,-2.63208,-2.21208,-2.43208,-2.2720802,-3.5120802,-2.5720801,-3.36208,-2.24208,-1.16208,-1.6220801,-0.112080075,-1.44208,-0.3420801,-0.48208007,-0.12208008,-0.38208008,-0.16208008,-1.30208,-0.3420801,0.107919924,0.08791992,0.057919923,-0.42208007,0.48791993,-0.38208008,-0.17208008,0.6379199,-0.6720801,0.45791993,0.35791993,0.7379199,1.2579199,1.19792,1.07792,-0.05208008,0.8879199,0.8879199,0.24791992,0.91791993,1.1579199,0.32791993
-1.2620801,-1.7620801,-1.53208,0.11791992,-2.3120801,-3.10208,-0.58208007,-2.3120801,-3.45208,-3.0220802,-3.8220801,-5.25208,-2.15208,-1.8720801,-2.50208,-2.66208,-2.42208,-2.2920802,-2.13208,-2.38208,-1.8720801,-1.6120801,-1.5720801,-1.65208,-1.7520801,-1.54208,-1.15208,-1.1420801,-1.31208,-0.7520801,0.16791992,-0.66208005,-0.072080076,-0.36208007,-0.97208005,-0.28208008,0.24791992,-0.15208007,0.9379199,-0.0020800782,-0.4320801,-0.32208008,0.22791992,-0.23208007,-0.09208008,0.9379199,-0.9320801,-0.96208006,-0.78208005,-0.13208008,0.9979199,0.36791992,1.09792,0.8179199,0.45791993,-0.18208008,-0.32208008,0.23791993,0.17791992,0.09791992,1.3579199,0.48791993
-2.5820801,-2.3120801,-1.30208,-1.92208,-2.59208,-2.8020802,-2.91208,-3.5820801,-3.7620802,-3.50208,-3.00208,-1.8220801,-2.0220802,-2.89208,-2.19208,-2.5120802,-2.41208,-2.5120802,-2.67208,-2.5720801,-1.2120801,-1.53208,-1.66208,-1.30208,-1.05208,-0.6820801,-0.52208006,0.53791994,-0.022080079,-0.72208005,-0.6220801,-0.58208007,-0.022080079,-0.14208008,-0.9820801,-0.3420801,0.007919922,-0.16208008,-0.6220801,-0.4920801,-0.27208006,0.9579199,0.07791992,0.17791992,0.36791992,-0.4020801,-0.4620801,1.0179199,1.6779199,1.58792,1.2479199,0.44791993,-0.4920801,-1.1120801,-0.9220801,-0.6720801,0.30791992,-1.3220801,-0.78208005,-0.58208007,0.11791992,-1.3720801
-2.20208,-2.3220801,0.32791993,-2.3320801,-2.5820801,-2.45208,-2.95208,-4.15208,-4.37208,-3.3320801,-2.40208,-1.40208,-1.8520801,-3.35208,-2.71208,-2.0820801,-4.48208,-4.04208,-3.5620801,-1.7620801,0.007919922,1.0279199,1.46792,1.2579199,0.8279199,0.29791993,0.6279199,0.36791992,0.13791992,-0.58208007,-0.59208006,-0.5420801,0.14791992,-0.48208007,-0.13208008,-0.12208008,-0.5020801,0.007919922,0.9479199,0.24791992,0.5779199,-0.012080078,1.1279199,0.5679199,0.36791992,0.85791993,0.5179199,1.32792,0.18791991,-0.09208008,0.8879199,-0.6720801,-0.6220801,-1.1420801,-1.91208,-0.9420801,-3.21208,-1.2420801,-2.3320801,-1.8720801,-1.5720801,-2.23208
-3.37208,-3.19208,-2.8020802,-3.0620801,-3.20208,-3.70208,-4.61208,-4.6420803,-4.19208,-4.51208,0.39791992,0.8079199,0.04791992,-2.88208,-3.11208,-3.16208,-3.5620801,-3.68208,-2.2920802,-0.39208007,1.09792,1.6779199,1.94792,1.68792,1.7379199,2.49792,2.51792,0.47791994,-0.52208006,0.3179199,0.7979199,1.05792,0.4079199,-0.5720801,-0.39208007,0.41791993,0.32791993,0.27791992,0.24791992,0.6979199,1.6179199,0.85791993,0.30791992,0.60791993,0.8179199,-0.42208007,0.35791993,-2.0620801,-2.16208,-1.03208,0.91791993,-1.9920801,-0.6920801,-2.23208,-3.5620801,-3.8120801,-2.99208,-1.79208,-3.16208,-3.66208,-2.5520802,-2.43208
-3.5620801,-3.34208,-2.86208,-3.5320802,-3.88208,-4.32208,-4.12208,-4.25208,-3.5320802,-3.5720801,1.0079199,-0.24208008,-1.5920801,-2.93208,-3.16208,-1.8620801,-2.0520802,0.007919922,2.08792,3.4679198,3.36792,2.49792,1.8979199,2.03792,2.1979198,1.07792,1.7479199,0.6179199,0.14791992,-1.67208,-0.19208008,-0.10208008,1.1279199,1.56792,1.7579199,1.2379199,0.96791995,1.0279199,1.0279199,0.77791995,0.20791993,-0.04208008,0.6879199,-0.19208008,-0.33208007,-0.17208008,0.58791995,-1.69208,0.7379199,-2.0720801,-1.78208,-1.1420801,-4.37208,-1.4920801,-1.2420801,-1.41208,-1.5920801,-1.9520801,-2.74208,-3.20208,-3.23208,-1.16208
-3.38208,-3.3220801,-3.60208,-3.5120802,-4.1820803,-4.09208,-3.40208,-3.88208,-4.28208,-4.30208,-0.022080079,-0.72208005,-1.54208,-1.7020801,-1.8920801,-2.43208,-1.7220801,-1.3620801,1.59792,2.08792,2.7279198,1.2679199,1.59792,1.31792,2.02792,2.81792,0.46791992,1.05792,0.6379199,0.13791992,3.00792,1.6179199,-0.5720801,-0.5020801,-1.5120801,1.4979199,1.5179199,0.72791994,-0.16208008,1.0179199,-0.10208008,-0.6720801,0.107919924,-0.52208006,-1.04208,-0.3720801,-1.7020801,-1.4620801,-0.7620801,-0.09208008,-2.00208,-0.9920801,-0.6120801,-0.30208007,-1.0820801,-1.8620801,-2.16208,-3.34208,-5.8920803,-2.42208,-3.22208,-2.65208
-3.66208,-3.14208,-3.75208,-4.50208,-3.71208,-3.65208,-2.92208,-2.7920802,-3.35208,-4.05208,-0.8720801,-1.30208,-2.5320802,-3.2720802,-3.13208,-3.21208,0.7079199,0.71791995,-0.77208006,1.7579199,3.2179198,2.15792,1.5179199,3.31792,1.32792,1.30792,1.6679199,0.78791994,0.8679199,1.3579199,0.07791992,-1.15208,-1.1020801,-1.41208,-0.78208005,-2.0820801,-2.42208,-0.45208007,0.3179199,2.08792,0.90791994,-0.20208007,-0.19208008,-1.3420801,-0.7020801,0.6279199,-0.8620801,1.1479199,-0.4020801,-1.7720801,-2.50208,-0.58208007,-0.9320801,-1.1220801,-1.6320801,-1.7320801,-1.8920801,-2.5520802,-1.9520801,-2.48208,-0.64208007,-0.022080079
-3.67208,-4.9120803,-5.08208,-4.62208,-4.53208,-3.7620802,-4.53208,-3.16208,-2.87208,-2.62208,-2.49208,-1.8820801,-2.45208,-2.75208,-3.48208,-2.14208,-0.20208007,0.2879199,4.67792,3.37792,4.20792,3.1779199,3.49792,3.56792,2.50792,1.19792,1.7979199,1.3779199,-0.112080075,-0.96208006,-0.6020801,0.057919923,-0.5420801,-2.3220801,-1.3220801,0.19791992,1.1579199,1.82792,1.0379199,1.6479199,2.2279198,1.0479199,0.6979199,-0.3120801,0.7379199,1.44792,-1.79208,-0.032080077,-0.9820801,0.067919925,-1.2320801,-1.6320801,-1.2020801,-1.8820801,-2.16208,-0.33208007,-1.6020801,-0.91208005,-1.28208,-1.28208,-1.05208,-0.26208007
-5.9320803,-5.75208,-5.87208,-5.35208,-4.83208,-3.75208,-3.42208,-3.46208,-4.73208,-2.5620801,-3.95208,-1.41208,-2.0220802,-0.012080078,1.7779199,1.2779199,2.4479198,3.49792,4.07792,4.97792,1.7979199,1.31792,2.76792,1.6079199,1.93792,0.8079199,1.46792,2.05792,-0.28208008,2.2179198,-1.6020801,-2.23208,-0.9420801,-1.7020801,1.2779199,1.0379199,0.18791991,0.9379199,1.84792,1.71792,-0.84208006,-1.05208,-0.3120801,-0.8820801,-1.05208,-0.9220801,-0.062080078,1.06792,-0.25208008,-0.012080078,1.1779199,0.3479199,-0.5420801,-2.10208,-1.7720801,-1.7020801,-3.41208,-3.46208,-1.8920801,-1.6320801,-0.30208007,-0.4620801
-5.62208,-6.27208,-5.82208,-3.64208,-4.6820803,-3.0520802,-3.49208,-4.42208,-4.61208,-4.87208,-1.3320801,1.34792,2.2179198,2.2279198,1.4979199,2.88792,4.15792,4.91792,6.3379197,3.76792,1.2379199,1.0479199,-1.41208,0.5079199,3.15792,2.99792,1.4879199,-0.10208008,-3.68208,-0.15208007,-0.65208006,-0.5720801,0.58791995,-0.0020800782,-0.6820801,0.39791992,2.08792,0.21791992,-1.80208,-1.8220801,0.17791992,-1.0120801,0.3479199,-1.1220801,-0.58208007,-0.17208008,0.21791992,0.44791993,0.5679199,0.9879199,-0.9920801,1.21792,-2.0120802,-4.10208,-3.40208,-1.42208,-5.1420803,-3.87208,-1.79208,0.037919924,-0.13208008,-1.03208
-6.01208,-5.44208,-4.10208,-4.81208,-6.38208,-3.5120802,-3.15208,-2.87208,-3.2820802,-4.90208,2.05792,2.50792,2.6979198,2.05792,2.29792,2.7179198,3.51792,2.2379198,2.87792,5.70792,2.87792,-1.8720801,0.3179199,2.4179199,0.7479199,-0.8520801,0.30791992,-0.7320801,1.0379199,-1.0020801,-1.69208,-3.40208,0.38791993,-0.6720801,2.01792,2.1979198,2.11792,1.2379199,0.5479199,0.44791993,1.0479199,1.5179199,-0.38208008,-1.3220801,0.7979199,0.8879199,0.9379199,1.0179199,-1.67208,-0.23208007,-0.4620801,-0.29208007,-1.67208,-2.20208,-2.13208,-2.75208,-0.8720801,-3.65208,-1.53208,-1.6020801,-0.08208008,-0.13208008
-4.4520802,-5.10208,-4.67208,-5.05208,-6.52208,-3.61208,-2.12208,-3.50208,-3.7720802,-2.5620801,2.04792,2.52792,2.24792,-0.10208008,-0.22208008,-1.30208,3.79792,3.2279198,0.29791993,1.93792,1.33792,0.45791993,2.9479198,0.14791992,-0.7920801,-1.7020801,-1.7220801,1.1279199,1.45792,1.31792,-1.53208,-1.69208,3.55792,4.99792,0.007919922,2.28792,4.98792,1.0079199,1.4879199,1.32792,-0.39208007,1.06792,-1.0920801,0.46791992,-0.21208008,-1.3220801,-0.90208006,-0.5020801,0.13791992,-1.15208,-0.7020801,0.49791992,0.52791995,-0.9520801,-2.24208,-0.7320801,2.6879199,2.04792,2.04792,-2.46208,-1.69208,-0.6120801
-7.26208,-6.56208,-6.3920803,-6.21208,-2.61208,-1.4720801,-2.47208,-1.4820801,-1.3520801,-4.1820803,2.39792,1.9779199,3.4379199,1.95792,2.29792,1.9979199,2.1779199,-3.0520802,4.95792,-0.48208007,-1.2320801,-2.35208,1.2679199,2.29792,1.3979199,0.5179199,-0.19208008,-0.59208006,-0.5520801,0.77791995,2.80792,1.7579199,1.56792,2.88792,3.9179199,0.9379199,1.1179199,-0.28208008,0.42791992,3.14792,1.96792,0.60791993,2.54792,1.05792,1.70792,-0.58208007,-2.5320802,0.9979199,-0.5720801,-0.97208005,-0.90208006,-1.92208,-1.8520801,-0.4020801,-2.2820802,0.2579199,0.49791992,0.91791993,-0.36208007,1.3679199,0.60791993,3.4879198
-7.80208,-6.56208,-1.8320801,1.95792,-0.04208008,-0.15208007,-2.96208,2.33792,-2.0420802,2.57792,-1.3220801,5.3579197,5.88792,4.2979198,2.34792,-0.08208008,-2.11208,2.25792,2.59792,3.35792,-2.72208,3.2179198,-0.6120801,4.22792,1.4879199,1.09792,-1.0220801,-1.8420801,-2.66208,-1.8620801,0.66791993,0.7579199,4.6079197,0.38791993,0.24791992,-0.08208008,0.057919923,-4.24208,-1.3220801,-1.0020801,-0.23208007,-0.6920801,-0.42208007,-1.8920801,0.08791992,0.85791993,-1.9520801,-0.17208008,-2.5820801,-1.8720801,-2.18208,-1.3820801,-1.16208,0.47791994,-1.17208,-1.05208,-1.9620801,-0.5020801,1.68792,0.72791994,2.9579198,4.3579197
-5.2020802,-3.88208,-1.0020801,-0.4620801,-1.80208,-2.20208,-2.3220801,3.6979198,1.45792,0.71791995,4.0679197,3.9179199,4.20792,4.2979198,2.63792,-2.59208,-1.6020801,2.54792,1.9179199,-1.0120801,-1.91208,-0.7920801,-0.77208006,2.24792,0.6979199,-1.8520801,-3.10208,-5.4120803,-7.09208,-0.04208008,-5.77208,-5.1420803,-6.48208,1.46792,-0.20208007,-1.40208,4.13792,-0.84208006,-2.8020802,-1.65208,-0.7920801,3.13792,2.87792,3.35792,3.4679198,-0.26208007,0.35791993,0.07791992,0.8079199,-2.22208,-1.6220801,-0.8720801,-1.3420801,-2.0820801,-2.13208,-0.30208007,0.84791994,1.59792,-0.9220801,0.59791994,3.06792,3.6879199
-3.16208,-3.63208,-0.5520801,-1.53208,-2.69208,-2.87208,-1.3820801,1.3679199,-1.0820801,-0.72208005,3.1779199,4.24792,2.64792,4.11792,0.6179199,4.6079197,-1.28208,-7.2020802,0.32791993,0.6979199,-4.03208,-1.2020801,1.6079199,1.0479199,0.8179199,1.3579199,-1.4920801,0.30791992,2.1879199,-0.59208006,-2.62208,-0.59208006,-2.63208,-6.77208,-2.35208,0.6779199,5.02792,3.4379199,-1.69208,-12.21208,3.1879199,2.37792,3.6879199,5.19792,4.48792,4.28792,1.9079199,3.2079198,2.87792,1.44792,-0.90208006,-1.80208,-2.71208,-2.2920802,-2.17208,-0.77208006,-1.28208,-1.05208,-1.68208,1.2379199,3.07792,3.63792
-4.35208,-2.50208,-2.49208,-3.7720802,-3.2720802,-3.3320801,-1.9520801,-0.9920801,1.34792,3.09792,1.1079199,-0.33208007,0.90791994,0.36791992,1.19792,1.84792,-0.9420801,1.2479199,-1.8920801,-1.4520801,3.2279198,2.1779199,-2.2920802,-0.22208008,-1.0220801,1.1679199,-3.3020802,-2.39208,-0.78208005,-7.6420803,-18.32208,-1.03208,-2.8320801,-4.24208,-8.12208,-1.7220801,3.38792,5.76792,1.96792,-0.112080075,0.29791993,-0.17208008,1.5279199,5.48792,2.99792,2.4179199,3.59792,2.85792,2.2179198,1.7479199,0.067919925,-1.8220801,-2.16208,-2.91208,-2.15208,1.1479199,0.39791992,-0.15208007,-0.83208007,4.47792,4.70792,5.14792
-6.09208,-5.26208,-4.31208,-3.74208,-3.5820801,-5.7020802,2.6679199,-1.1020801,1.2379199,1.6379199,0.41791993,-2.65208,2.7179198,1.1679199,2.10792,0.9979199,2.60792,-1.6320801,-0.7920801,-2.8320801,-3.24208,-2.73208,-5.27208,-2.0620801,-2.40208,1.43792,-1.2020801,-1.3420801,-3.69208,-5.80208,-9.1920805,-2.66208,0.42791992,-5.57208,-3.42208,1.8779199,2.82792,0.42791992,1.6279199,3.1979198,3.4679198,3.24792,2.7379198,-2.13208,-1.4620801,3.74792,1.2679199,1.7379199,-0.77208006,0.85791993,-1.3520801,-1.5220801,-2.73208,-1.06208,0.38791993,-0.022080079,1.0279199,1.5479199,2.6679199,3.2179198,2.51792,3.03792
-6.34208,-7.57208,-1.5120801,-2.89208,-3.84208,-4.12208,1.2279199,-2.37208,-0.8120801,-2.22208,0.22791992,-0.5120801,1.2979199,1.06792,-0.112080075,-1.4820801,0.59791994,1.1579199,3.03792,1.2779199,-0.42208007,0.13791992,-0.9820801,-0.112080075,-3.5720801,4.14792,-7.22208,-6.9520802,-12.00208,-9.35208,-5.85208,-9.09208,-2.34208,0.72791994,-2.35208,-2.65208,-0.9320801,0.16791992,-0.9420801,1.70792,3.35792,4.44792,3.64792,4.48792,4.71792,-1.0220801,-0.7420801,0.5179199,-1.3620801,-3.49208,-4.7020802,-2.45208,-3.0320802,-3.00208,-2.2920802,-0.20208007,0.5079199,1.55792,2.01792,2.83792,3.2279198,1.9879199
-3.21208,-3.42208,-4.02208,-5.87208,-2.44208,-0.032080077,1.9779199,0.6279199,0.97791994,0.067919925,0.2579199,-1.2120801,-2.17208,2.15792,-2.74208,-2.2820802,-1.1420801,1.19792,2.29792,0.7979199,-1.4920801,1.9079199,-0.4320801,-3.16208,-3.99208,-6.33208,-4.69208,-6.11208,-7.11208,-4.19208,-2.7920802,-3.2820802,-1.06208,0.27791992,-0.7420801,0.07791992,1.3979199,-2.46208,1.09792,3.54792,2.88792,3.24792,0.59791994,2.36792,3.38792,3.57792,3.25792,2.50792,-2.39208,-3.15208,0.2879199,-1.56208,0.83791995,1.3979199,-0.64208007,0.7579199,0.65791994,0.007919922,1.7379199,3.6879199,1.5279199,-0.7020801
-1.8320801,-3.7820802,-3.8320801,-3.87208,-4.33208,2.14792,0.007919922,2.1879199,0.19791992,3.64792,2.50792,0.30791992,-1.55208,-1.56208,-0.3120801,-0.8720801,-1.8920801,-1.6320801,-0.35208008,-1.54208,-2.64208,-4.38208,-4.58208,-5.23208,-4.85208,-4.63208,-0.6020801,1.5479199,0.9579199,-1.68208,-3.42208,-7.09208,-2.87208,-3.84208,-0.84208006,-1.6120801,1.4779199,1.43792,1.31792,-0.6020801,2.51792,0.66791993,2.7079198,3.11792,2.1679199,3.13792,2.99792,2.4679198,1.4779199,1.4979199,2.10792,0.18791991,-2.0120802,-0.9420801,3.04792,1.9279199,3.89792,3.89792,2.78792,2.2379198,1.2379199,4.00792
-3.69208,-4.69208,-4.29208,-3.89208,-3.90208,-4.07208,3.2179198,0.7079199,1.7779199,0.41791993,0.90791994,1.59792,2.77792,2.9279199,-0.16208008,-1.56208,-2.61208,-3.2720802,-3.37208,-3.59208,-4.59208,-4.48208,-4.99208,-3.21208,1.1079199,-1.03208,-0.78208005,1.6579199,-3.16208,0.72791994,-1.8320801,-6.53208,-6.36208,-0.032080077,2.4179199,-0.4020801,1.9079199,0.8279199,0.9279199,2.7379198,2.35792,4.64792,4.1079197,2.30792,-2.2820802,1.6779199,0.72791994,0.20791993,-0.7920801,0.5479199,-0.6320801,-0.13208008,2.1679199,2.50792,2.35792,1.44792,1.80792,2.88792,1.08792,0.08791992,3.9279199,2.62792
-3.23208,-4.07208,-2.68208,-4.58208,-4.78208,-0.90208006,2.05792,1.6579199,-0.30208007,-1.16208,-2.25208,1.7579199,0.4379199,0.09791992,-2.69208,-1.7620801,-0.16208008,-0.08208008,-0.48208007,-0.45208007,-0.52208006,1.4979199,-1.28208,-1.1120801,-1.67208,2.27792,-1.0220801,-4.44208,-2.16208,-1.6220801,-0.17208008,-2.50208,-1.5720801,2.75792,0.4379199,-2.5120802,0.91791993,-0.6220801,-2.42208,-1.0020801,-1.3520801,0.5479199,2.74792,2.04792,1.4879199,1.0479199,0.2579199,-1.8820801,3.1979198,1.4979199,1.69792,0.36791992,0.007919922,2.9379199,1.7579199,1.4079199,1.1679199,1.5079199,-0.30208007,-0.6220801,3.6679199,4.41792
-3.25208,-4.03208,-3.18208,-0.10208008,0.44791993,1.3779199,-0.19208008,0.44791993,-1.1120801,-1.4720801,1.7679199,2.31792,-0.112080075,0.7679199,-1.8520801,2.64792,-1.6120801,-1.81208,-1.42208,0.4079199,-1.04208,-1.9520801,-3.84208,-5.67208,2.2279198,-1.8520801,-4.96208,-0.8720801,-0.27208006,0.7579199,-0.20208007,-4.22208,-3.14208,-1.8720801,-1.3520801,0.60791993,1.44792,0.17791992,-0.19208008,1.0179199,0.6779199,1.08792,1.2279199,2.01792,2.15792,1.7579199,0.39791992,-0.012080078,0.97791994,-0.64208007,0.08791992,1.05792,0.91791993,1.2679199,1.8579199,0.7379199,0.11791992,-0.96208006,-2.5820801,0.9379199,7.64792,5.52792
-5.52208,-4.82208,-0.6220801,-3.12208,-2.93208,-4.09208,-3.19208,-2.25208,-0.4320801,-2.59208,-3.16208,-0.7520801,0.44791993,1.3679199,-0.78208005,-3.09208,1.94792,1.05792,-1.7620801,-0.4920801,-0.8520801,-4.99208,-7.63208,-1.29208,-0.7320801,-4.1820803,-3.98208,-1.53208,0.8779199,0.8679199,-3.13208,-7.17208,-0.6120801,-1.0920801,1.70792,0.33791992,-0.9320801,1.1179199,0.30791992,2.4679198,1.31792,-0.23208007,2.83792,0.9579199,0.5679199,0.3179199,0.7079199,-0.7320801,-0.52208006,0.7979199,-0.45208007,1.69792,2.00792,1.71792,0.8279199,0.4079199,0.18791991,0.52791995,1.6379199,14.29792,8.92792,6.86792
