json/gfs_20240720_18.json
{"header": { "discipline":0, "disciplineName":"Meteorological products", "gribEdition":2, "gribLength":79621, "center":7, "centerName":"US National Weather Service - NCEP(WMC)", "subcenter":0, "refTime":"2024-07-20T18:00:00.000Z", "significanceOfRT":1, "significanceOfRTName":"Start of forecast", "productStatus":0, "productStatusName":"Operational products", "productType":1, "productTypeName":"Forecast products", "productDefinitionTemplate":0, "productDefinitionTemplateName":"Analysis/forecast at horizontal level/layer at a point in time", "parameterCategory":2, "parameterCategoryName":"Momentum", "parameterNumber":2, "parameterNumberName":"U-component_of_wind", "parameterUnit":"m.s-1", "genProcessType":2, "genProcessTypeName":"Forecast", "forecastTime":0, "surface1Type":103, "surface1TypeName":"Specified height level above ground", "surface1Value":10.0, "surface2Type":255, "surface2TypeName":"Missing", "surface2Value":0.0, "gridDefinitionTemplate":0, "gridDefinitionTemplateName":"Latitude_Longitude", "numberPoints":65160, "shape":6, "shapeName":"Earth spherical with radius of 6,371,229.0 m", "gridUnits":"degrees", "resolution":48, "winds":"true", "scanMode":0, "nx":360, "ny":181, "basicAngle":0, "lo1":0.0, "la1":90.0, "lo2":359.0, "la2":-90.0, "dx":1.0, "dy":1.0 }, "data":
[rows 0 to 25 of 181, columns 58 to 115 of 360]
5.946089,5.936089,5.916089,5.896089,5.886089,5.866089,5.8360887,5.8160887,5.786089,5.766089,5.7360888,5.706089,5.666089,5.636089,5.596089,5.5660887,5.5260887,5.4860888,5.436089,5.396089,5.346089,5.2960887,5.246089,5.196089,5.146089,5.096089,5.036089,4.976089,4.926089,4.866089,4.7960887,4.7360888,4.676089,4.6060886,4.536089,4.466089,4.396089,4.326089,4.2560887,4.176089,4.1060886,4.0260887,3.9460888,3.8760889,3.796089,3.7060888,3.6260889,3.546089,3.4560888,3.3760889,3.286089,3.1960888,3.1060889,3.016089,2.9260888,2.836089,2.746089,2.6560888
5.0860887,5.056089,5.0260887,4.996089,4.956089,4.916089,4.886089,4.8360887,4.7960887,4.746089,4.706089,4.666089,4.626089,4.5860887,4.5460887,4.496089,4.456089,4.406089,4.366089,4.3160887,4.266089,4.216089,4.166089,4.116089,4.056089,4.0060887,3.9460888,3.8960888,3.846089,3.786089,3.7360888,3.6760888,3.6260889,3.566089,3.506089,3.4460888,3.3760889,3.316089,3.246089,3.1860888,3.1260889,3.056089,2.996089,2.9260888,2.8660889,2.806089,2.746089,2.6860888,2.6260889,2.566089,2.506089,2.4460888,2.3860888,2.326089,2.266089,2.1960888,2.1360888,2.066089
4.616089,4.556089,4.4860888,4.426089,4.366089,4.306089,4.246089,4.196089,4.136089,4.076089,4.016089,3.9660888,3.9060888,3.8560889,3.796089,3.746089,3.6860888,3.6160889,3.556089,3.4860888,3.4160888,3.336089,3.246089,3.1560888,3.066089,2.9760888,2.8860888,2.786089,2.6960888,2.6060889,2.536089,2.4460888,2.3760889,2.306089,2.246089,2.1760888,2.1060889,2.036089,1.9660889,1.9060888,1.8360889,1.7660888,1.7060889,1.6360888,1.5760889,1.5160888,1.4660889,1.4060888,1.3460889,1.2860888,1.2260889,1.1560888,1.0960889,1.0260888,0.9660889,0.89608884,0.8360889,0.7860889
4.5660887,4.476089,4.376089,4.286089,4.186089,4.0860887,3.9860888,3.8960888,3.796089,3.7060888,3.596089,3.496089,3.4060888,3.306089,3.2260888,3.1460888,3.056089,2.9660888,2.8860888,2.796089,2.7160888,2.6560888,2.6260889,2.596089,2.556089,2.516089,2.4760888,2.4160888,2.3660889,2.286089,2.1860888,2.086089,1.9660889,1.8560889,1.7460889,1.6360888,1.5660889,1.5360888,1.5160888,1.4960889,1.4560889,1.4060888,1.2760888,1.1460888,1.0260888,0.9160889,0.82608885,0.76608884,0.69608885,0.64608884,0.6060889,0.57608885,0.5360889,0.51608884,0.50608885,0.48608887,0.44608888,0.42608887
4.7560887,4.636089,4.536089,4.4860888,4.436089,4.346089,4.266089,4.2360888,4.226089,4.206089,4.166089,4.0260887,3.8660889,3.6760888,3.506089,3.3660889,3.246089,3.1660888,3.096089,3.036089,2.9160888,2.786089,2.7160888,2.6460888,2.586089,2.526089,2.4360888,2.346089,2.276089,2.1960888,2.1160889,1.9960889,1.8560889,1.7160889,1.5760889,1.4960889,1.4360889,1.4360889,1.4460889,1.3960888,1.3160889,1.0960889,0.8360889,0.57608885,0.35608888,0.23608887,0.16608886,0.13608886,0.07608887,-0.07391113,-0.24391113,-0.38391113,-0.46391115,-0.5139111,-0.55391115,-0.6439111,-0.7839111,-0.93391114
5.246089,5.176089,5.116089,5.036089,4.916089,4.7960887,4.686089,4.6060886,4.5260887,4.456089,4.376089,4.266089,4.166089,4.056089,3.9760888,3.8860888,3.776089,3.6560888,3.546089,3.4560888,3.3860888,3.306089,3.246089,3.1760888,3.1060889,3.056089,2.996089,2.9460888,2.9160888,2.8860888,2.8560889,2.816089,2.766089,2.6960888,2.596089,2.506089,2.3760889,2.266089,2.1560888,2.056089,1.9960889,1.9460889,1.8760889,1.8060889,1.7060889,1.5760889,1.4260888,1.2460889,1.0860889,0.94608885,0.81608886,0.68608886,0.48608887,0.30608886,0.12608887,0.03608887,-0.06391113,-0.20391113
5.936089,5.886089,5.746089,5.596089,5.4860888,5.406089,5.376089,5.286089,5.146089,4.9860888,4.806089,4.656089,4.536089,4.476089,4.426089,4.416089,4.3360887,4.2360888,4.1060886,3.9760888,3.8860888,3.776089,3.6660888,3.556089,3.4660888,3.3760889,3.246089,3.1460888,3.056089,2.9360888,2.806089,2.6960888,2.6260889,2.596089,2.596089,2.596089,2.6260889,2.6460888,2.6560888,2.6260889,2.6060889,2.596089,2.556089,2.516089,2.496089,2.4160888,2.3560889,2.306089,2.2360888,2.1760888,2.1060889,2.036089,1.9760889,1.9560889,1.9660889,1.9260888,1.8060889,1.6760888
6.216089,6.226089,6.196089,6.116089,6.0260887,5.906089,5.7360888,5.5460887,5.416089,5.376089,5.386089,5.386089,5.306089,5.196089,5.126089,4.996089,4.896089,4.7760887,4.716089,4.646089,4.5660887,4.466089,4.386089,4.306089,4.2560887,4.206089,4.146089,4.096089,4.056089,3.996089,3.9560888,3.9460888,3.9360888,3.9360888,3.9060888,3.8960888,3.8660889,3.816089,3.756089,3.6760888,3.576089,3.506089,3.4460888,3.4260888,3.4660888,3.4660888,3.4860888,3.526089,3.576089,3.596089,3.6060889,3.536089,3.4460888,3.336089,3.1960888,3.066089,2.9760888,2.9060888
6.876089,6.896089,6.806089,6.7360888,6.576089,6.456089,6.396089,6.3560886,6.2760887,6.206089,6.126089,5.9860888,5.896089,5.826089,5.7760887,5.716089,5.596089,5.5660887,5.496089,5.436089,5.3360887,5.2560887,5.206089,5.196089,5.186089,5.216089,5.2360888,5.166089,5.0460887,4.996089,5.0060887,4.996089,5.036089,5.0460887,5.0460887,5.266089,5.246089,5.1060886,5.056089,5.0660887,5.1060886,5.116089,5.156089,5.156089,5.186089,5.226089,5.2760887,5.2960887,5.2760887,5.2960887,5.326089,5.3160887,5.286089,5.2560887,5.216089,5.156089,5.056089,5.036089
4.196089,5.2560887,6.596089,7.946089,8.5160885,6.8160887,7.4860888,8.526089,8.466089,7.706089,6.8160887,6.576089,6.406089,6.3360887,6.206089,6.0260887,5.946089,6.136089,6.386089,5.786089,5.936089,6.116089,6.076089,6.016089,5.786089,5.6060886,5.4860888,5.3360887,5.126089,5.0860887,5.156089,5.076089,4.896089,4.426089,3.6060889,3.566089,4.266089,4.936089,5.176089,4.886089,4.7560887,4.6060886,4.616089,4.9860888,5.146089,5.226089,4.956089,5.206089,5.5860887,5.616089,5.666089,5.696089,5.806089,5.966089,6.016089,5.996089,5.8360887,5.706089
6.626089,7.8160887,7.4860888,7.206089,7.216089,6.766089,6.536089,6.286089,6.3160887,6.496089,6.306089,5.286089,4.7960887,4.936089,4.976089,5.866089,6.016089,5.806089,5.646089,5.396089,5.076089,4.806089,4.0460887,3.526089,3.4560888,3.266089,2.806089,2.816089,2.7160888,3.1860888,3.016089,2.8560889,2.556089,2.546089,2.7360888,2.526089,2.6660888,3.1760888,2.776089,3.336089,2.9160888,3.1060889,3.246089,2.316089,2.036089,3.266089,4.3160887,4.3160887,4.376089,5.0260887,5.516089,5.8560886,6.156089,6.306089,6.2360888,5.726089,5.906089,6.076089
6.0860887,6.5860887,6.426089,6.176089,5.916089,5.766089,5.7360888,4.696089,4.286089,4.426089,4.456089,4.496089,3.6460888,3.9760888,4.436089,4.596089,4.6060886,4.2960887,3.776089,3.346089,3.2060888,3.026089,2.796089,2.6960888,2.836089,2.9660888,2.996089,2.996089,3.066089,3.2260888,3.4360888,3.6460888,3.796089,3.8960888,3.6160889,2.9760888,2.586089,3.1060889,3.8860888,4.3160887,2.6660888,4.556089,2.8860888,0.07608887,2.286089,1.8560889,1.7760888,-0.123911135,0.24608886,1.8660889,3.016089,3.256089,3.6960888,4.076089,4.446089,5.0260887,5.306089,5.666089
4.596089,4.8160887,4.416089,4.746089,5.116089,5.5660887,5.446089,5.536089,4.886089,3.7160888,3.826089,4.2760887,4.616089,4.696089,4.166089,4.306089,4.386089,4.0860887,3.6860888,3.256089,2.9660888,2.816089,2.756089,2.7360888,2.836089,3.096089,3.4360888,3.8760889,4.286089,4.656089,4.906089,5.096089,5.396089,5.696089,6.176089,6.456089,6.216089,5.936089,5.5460887,5.156089,4.3360887,3.9360888,4.726089,5.266089,5.5660887,6.176089,7.326089,8.446089,9.316089,9.716089,9.786089,9.346088,9.296089,7.806089,6.2360888,5.416089,4.896089,4.646089
6.596089,6.666089,6.786089,6.866089,7.0660887,6.966089,6.996089,7.146089,6.5860887,6.3560886,7.886089,8.066089,6.186089,5.446089,5.246089,4.8160887,4.576089,4.326089,4.0660887,3.8860888,3.9760888,4.2360888,4.346089,4.516089,4.766089,5.0460887,5.186089,5.2560887,5.396089,5.426089,4.5660887,4.306089,4.996089,6.216089,6.0060887,5.5860887,5.966089,6.186089,6.466089,6.416089,6.266089,6.0460887,5.716089,5.2360888,4.766089,5.426089,5.366089,6.0860887,6.906089,7.6060886,6.896089,6.716089,7.136089,7.596089,7.746089,7.8560886,7.866089,7.436089
5.476089,6.536089,5.136089,4.476089,7.886089,9.646089,9.556088,10.886089,5.886089,3.1560888,5.056089,5.306089,4.456089,3.7160888,3.826089,4.6060886,5.8560886,6.0860887,6.0260887,5.936089,6.036089,6.1060886,6.286089,6.096089,5.706089,5.3160887,5.0860887,5.3160887,5.656089,5.426089,5.266089,5.036089,4.5660887,5.206089,5.496089,5.5060887,5.116089,4.746089,4.0860887,4.056089,4.166089,3.9660888,2.9560888,2.4160888,3.1960888,2.6660888,1.9560889,3.6360888,3.1060889,2.4560888,1.7860888,1.7660888,4.466089,4.496089,4.126089,4.806089,4.386089,3.816089
5.7960887,8.506089,1.7260889,2.846089,1.1760888,2.6860888,1.1160889,1.8960888,2.4760888,4.216089,3.3960888,3.036089,3.3560889,3.526089,3.786089,3.6660888,3.746089,3.996089,4.286089,5.3160887,4.996089,4.766089,4.646089,4.896089,5.326089,5.7760887,6.036089,5.2760887,3.2260888,2.536089,3.9160888,3.796089,3.6660888,4.096089,4.596089,4.596089,4.696089,4.536089,4.286089,3.4860888,1.6360888,0.67608887,-0.19391114,0.35608888,1.0960889,0.69608885,-1.0339111,0.67608887,1.2960888,2.6560888,3.536089,3.806089,4.306089,2.6460888,0.46608886,-2.663911,-2.0839112,-1.2939111
2.7360888,4.226089,1.6460888,0.80608886,3.336089,3.776089,2.1460888,1.8760889,2.246089,2.516089,2.9660888,3.276089,4.306089,5.406089,6.0060887,5.966089,5.9860888,5.286089,4.996089,5.746089,6.596089,6.626089,6.436089,6.426089,6.056089,5.426089,3.246089,2.3860888,3.6260889,2.3960888,2.576089,3.4660888,3.526089,3.4660888,3.4860888,3.266089,3.056089,2.776089,2.006089,0.55608886,-0.99391115,-0.28391114,-1.0839112,-1.2039112,-0.67391115,-0.56391114,1.4760889,1.8860888,2.1460888,1.7160889,1.9060888,1.9560889,2.806089,3.766089,4.2960887,4.5260887,5.036089,5.456089
1.6060889,-0.6639111,-1.0739112,-0.9639111,-0.8939111,-0.16391113,1.8460889,2.4460888,2.816089,3.526089,4.056089,5.326089,4.1060886,4.016089,5.5260887,6.976089,4.956089,4.5260887,4.826089,6.0060887,7.2760887,6.0660887,3.576089,1.1260889,2.6260889,3.846089,3.246089,0.28608885,-0.6439111,-0.25391114,0.7160889,1.6960889,2.296089,3.4260888,3.1260889,2.596089,1.9260888,2.496089,1.7560889,1.7260889,-0.14391114,-0.5939111,-1.0839112,-0.63391113,-1.3639112,-1.9739112,-1.4739112,-1.1539111,-1.3039111,-1.3739111,-1.2239112,-0.8339111,-0.56391114,-0.29391113,-0.003911133,0.50608885,0.086088866,0.41608888
4.436089,2.086089,-0.9139111,-0.123911135,1.3560889,1.8960888,2.096089,2.2060888,2.586089,2.9260888,4.136089,3.7160888,4.976089,5.386089,5.616089,4.936089,4.096089,4.136089,3.8760889,3.556089,3.6060889,3.1760888,3.066089,2.8960888,3.7360888,2.9360888,0.81608886,-2.0139112,-1.6939111,-1.1039112,-0.26391113,0.28608885,0.6560889,0.63608885,1.3260889,0.62608886,0.80608886,0.16608886,-0.75391114,-1.2339112,-1.6039112,-2.003911,-2.1339111,-2.6239111,-2.6239111,-2.8339112,-2.5939112,-2.153911,-2.8239112,-3.243911,-3.1039112,-2.1039112,-1.5239111,-1.8739111,-1.3339112,-0.7639111,-0.5939111,0.12608887
2.6760888,3.8560889,4.646089,4.056089,3.1260889,2.8760889,2.996089,3.346089,3.3960888,3.6460888,3.516089,3.596089,3.526089,3.4060888,3.556089,3.096089,2.9860888,3.086089,1.7660888,1.8860888,2.3960888,1.8160889,2.296089,1.6360888,1.6160889,1.4660889,2.046089,2.1760888,-1.6639111,-1.8239112,-1.3539112,-1.0039111,-0.9139111,-1.8139111,-2.503911,-2.6239111,-2.5839112,-2.3339112,-2.2839112,-2.0939112,-1.2039112,-1.1239111,-2.503911,-1.9739112,-0.7639111,0.21608886,0.7260889,-1.2239112,-1.4839112,-1.1139112,-0.47391114,0.63608885,-0.09391113,-2.8039112,-3.3239112,-3.0739112,-2.8639112,-2.3239112
7.7360888,3.786089,3.766089,4.016089,5.1060886,4.5660887,2.506089,1.9660889,2.336089,2.6860888,3.306089,3.1960888,3.586089,2.266089,1.9460889,2.8660889,2.1360888,2.276089,0.40608886,0.81608886,1.2460889,1.5660889,1.7760888,1.2260889,0.43608886,0.5460889,1.7460889,1.7860888,-0.053911135,-0.8339111,-1.7339112,-3.1339111,-3.3639112,-4.633911,-4.053911,-2.2839112,-1.3039111,-1.2439111,-1.0639111,-0.9739111,0.24608886,1.3660889,0.33608887,-0.50391114,-1.6239111,-1.1239111,-1.9639112,-1.0639111,-0.48391113,0.32608888,-1.3239112,-1.2439111,-1.3639112,0.7160889,-0.13391113,-2.673911,-2.8039112,-3.963911
5.446089,5.5260887,5.166089,2.516089,2.1660888,1.5560889,0.11608887,0.40608886,1.5160888,2.6560888,2.9660888,3.246089,3.026089,0.80608886,0.36608887,0.9060889,1.3660889,1.0360888,0.50608885,0.57608885,0.6560889,1.2160889,2.046089,0.30608886,0.0060888673,0.9060889,1.7760888,1.8360889,1.3360889,-0.023911133,1.2860888,4.326089,1.4760889,0.15608887,-1.6039112,-1.5539111,-1.0939112,-1.9939111,-1.7439111,-1.4839112,-2.3639112,-0.21391113,-1.2439111,-0.82391113,-0.28391114,-0.67391115,-2.2639112,-2.723911,-2.953911,-2.983911,-6.343911,-5.613911,-6.6839113,-7.593911,-6.193911,-3.7739112,-2.653911,-3.3439112
1.1060889,0.23608887,0.35608888,1.0560889,1.5060889,-2.0139112,-1.7839111,-0.9139111,-1.2539111,1.0160888,1.5460888,2.256089,2.566089,1.0960889,-0.87391114,0.67608887,1.0760889,1.1660888,0.9860889,0.69608885,0.32608888,0.42608887,1.0360888,0.06608887,0.7360889,0.7260889,1.3860888,1.2860888,1.2160889,2.096089,3.056089,-1.9739112,1.9960889,1.4060888,1.4960889,-0.48391113,-1.8139111,-2.0739112,-1.0639111,-1.8739111,-1.4539112,-1.6839111,-1.7739111,0.7960889,-0.9539111,-2.5139112,-0.39391112,-2.963911,-2.5939112,-2.0139112,-1.0339111,-0.94391114,-1.4739112,-4.543911,-4.633911,-6.8939114,-6.323911,-2.753911
-1.7739111,-1.2639111,-0.09391113,-1.5639111,-1.4239111,-0.87391114,0.11608887,0.7760889,0.39608887,-1.5239111,-0.5939111,0.06608887,0.81608886,-0.123911135,-0.46391115,-0.92391115,-0.5939111,1.0160888,0.56608886,0.05608887,0.76608884,0.13608886,0.18608886,0.80608886,0.27608886,0.6060889,0.8460889,0.8460889,0.99608886,1.1760888,1.9160888,1.8960888,1.7860888,1.2660888,0.40608886,-0.9539111,-1.1339111,-1.5739112,-0.42391112,-1.5339111,-1.7339112,-2.233911,-1.2739111,0.39608887,0.41608888,1.6460888,-0.61391115,-1.2139112,-1.2339112,-1.3539112,0.10608887,-1.0239111,-1.5639111,-4.363911,-5.9939113,-6.1439114,-4.553911,-3.753911
-1.8539112,-1.3039111,-3.1339111,-1.1739111,-1.3039111,0.49608886,-1.5339111,-1.9939111,-2.183911,-2.403911,-2.233911,-1.5839112,-1.6239111,-1.7139112,-0.9639111,-0.6639111,0.07608887,0.56608886,0.27608886,-0.42391112,0.19608887,0.03608887,-0.36391112,-0.35391113,0.37608886,0.28608885,0.62608886,1.7960888,1.7660888,1.9660889,1.8060889,0.7260889,1.1960889,1.5860889,0.70608884,-1.0039111,-0.13391113,-1.2639111,-1.0439111,-0.33391112,0.15608887,-0.88391113,-1.0839112,-0.98391116,-0.13391113,1.3660889,0.61608887,-0.47391114,-0.75391114,-0.7139111,-0.98391116,0.6560889,0.6060889,-0.50391114,-0.29391113,-2.1439111,-1.5539111,-3.403911
-1.7039112,-0.8339111,-1.2239112,-0.33391112,-1.2139112,-3.3239112,-2.0639112,-1.4439111,-1.5439111,-2.1039112,-2.2639112,-2.683911,-2.503911,-1.9339111,-1.6139112,-1.7839111,-1.7339112,-1.8939111,-1.4439111,-1.2439111,-0.46391115,-1.4539112,-1.1739111,-1.2039112,-0.73391116,-0.47391114,0.43608886,0.35608888,1.4460889,1.8460889,1.0960889,0.44608888,1.4060888,0.24608886,1.1260889,-0.33391112,-0.8339111,-0.79391116,-0.61391115,-1.2739111,-0.5839111,1.7760888,-0.6439111,-0.92391115,-1.6039112,-1.5939112,-0.8939111,-0.37391114,-0.56391114,-0.87391114,-0.5139111,-0.73391116,-0.81391114,-0.39391112,-1.2139112,-1.2439111,-0.15391113,-0.8439111
