json/gfs_20240723_06.json
{"header": { "discipline":0, "disciplineName":"Meteorological products", "gribEdition":2, "gribLength":79226, "center":7, "centerName":"US National Weather Service - NCEP(WMC)", "subcenter":0, "refTime":"2024-07-23T06:00:00.000Z", "significanceOfRT":1, "significanceOfRTName":"Start of forecast", "productStatus":0, "productStatusName":"Operational products", "productType":1, "productTypeName":"Forecast products", "productDefinitionTemplate":0, "productDefinitionTemplateName":"Analysis/forecast at horizontal level/layer at a point in time", "parameterCategory":2, "parameterCategoryName":"Momentum", "parameterNumber":2, "parameterNumberName":"U-component_of_wind", "parameterUnit":"m.s-1", "genProcessType":2, "genProcessTypeName":"Forecast", "forecastTime":0, "surface1Type":103, "surface1TypeName":"Specified height level above ground", "surface1Value":10.0, "surface2Type":255, "surface2TypeName":"Missing", "surface2Value":0.0, "gridDefinitionTemplate":0, "gridDefinitionTemplateName":"Latitude_Longitude", "numberPoints":65160, "shape":6, "shapeName":"Earth spherical with radius of 6,371,229.0 m", "gridUnits":"degrees", "resolution":48, "winds":"true", "scanMode":0, "nx":360, "ny":181, "basicAngle":0, "lo1":0.0, "la1":90.0, "lo2":359.0, "la2":-90.0, "dx":1.0, "dy":1.0 }, "data":
[rows 26 to 51 of 181, columns 118 to 176 of 360]
-2.0372071,-1.567207,-1.507207,-0.68720704,-2.2872071,-1.017207,-0.93720704,0.832793,2.532793,3.372793,3.502793,-0.68720704,4.772793,1.812793,3.172793,1.762793,0.87279296,1.352793,0.41279298,-0.62720704,-0.44720703,-1.027207,0.81279296,0.94279295,1.882793,0.842793,2.4727929,-0.25720704,2.882793,3.292793,4.632793,4.652793,3.602793,2.882793,3.862793,3.192793,4.202793,3.4627929,2.2227929,2.842793,0.57279295,-0.07720703,-0.09720703,-1.187207,0.522793,-1.437207,-0.837207,-1.4672071,-4.967207,-5.637207,-6.657207,-5.437207,-4.617207,-3.0172071,-1.317207,-1.877207,-0.68720704,-3.927207,-9.047207
-2.687207,-2.237207,-1.747207,-2.637207,-1.7272071,-1.557207,-1.877207,0.20279297,0.902793,1.062793,-0.14720704,-2.197207,-2.0272071,-1.8572071,-0.767207,-0.12720703,0.34279296,0.76279294,0.99279296,2.002793,1.092793,0.17279297,-0.74720705,-0.24720703,2.132793,3.772793,3.432793,4.442793,1.432793,1.512793,2.092793,5.432793,3.112793,1.302793,2.862793,3.192793,0.42279297,3.312793,-2.0172071,3.452793,-4.487207,-1.5972071,0.12279297,-3.197207,-3.057207,-0.14720704,-0.06720703,-2.447207,-2.857207,0.092792965,2.582793,3.582793,-5.227207,-4.317207,-4.357207,-3.607207,-1.157207,-0.03720703,-1.617207
-1.3572071,-2.607207,-2.827207,-2.117207,-1.8272071,-0.79720706,1.0427929,-0.48720703,-1.2272071,-2.597207,-2.387207,-2.747207,-2.637207,-2.567207,-2.687207,-1.307207,-1.9672071,-0.48720703,1.972793,-0.21720703,0.57279295,-0.40720704,-1.127207,1.692793,0.13279296,1.302793,2.102793,0.40279296,1.712793,2.602793,0.99279296,1.252793,1.812793,0.782793,0.70279294,3.092793,1.7727929,0.41279298,-2.507207,-1.997207,0.42279297,-0.04720703,3.742793,3.872793,-2.0272071,1.822793,-0.907207,0.34279296,-0.41720703,0.092792965,2.202793,1.802793,1.492793,-2.087207,-1.747207,-1.0972071,-0.85720706,-1.657207,-2.257207
-2.2772071,-2.197207,-0.88720703,-2.097207,-1.237207,-2.137207,-1.007207,-1.677207,-1.897207,-1.767207,-2.7672071,-1.8472071,-2.137207,-2.457207,-2.887207,-2.737207,-2.567207,-0.69720703,0.26279297,-0.98720706,0.41279298,1.0327929,-0.94720703,0.40279296,-0.15720703,1.202793,1.092793,0.88279295,2.4827929,2.4727929,3.082793,3.832793,1.5327929,2.262793,3.142793,-0.29720703,0.08279297,-1.137207,-1.317207,1.472793,2.602793,3.132793,0.792793,-3.317207,-4.9172072,-5.267207,-0.75720704,-1.547207,-0.06720703,3.772793,2.322793,0.35279298,-0.667207,-2.247207,-2.0372071,-5.387207,-4.777207,-4.927207,-5.637207
-1.9672071,-1.007207,-1.437207,-1.247207,-2.197207,-1.407207,-0.92720705,-1.177207,0.582793,-3.167207,0.732793,-1.777207,-1.907207,-2.7872071,-2.2672071,-3.477207,-2.557207,-1.9572071,-0.63720703,-1.8572071,-0.86720705,-0.707207,0.03279297,0.47279298,1.132793,1.602793,1.132793,-0.28720704,0.07279297,0.11279297,0.56279296,-0.79720706,0.41279298,-0.42720702,-0.06720703,-1.677207,-1.137207,-1.3472071,-2.897207,-4.127207,-5.077207,-5.347207,-5.547207,-2.0272071,-4.3972073,-3.0272071,-1.9672071,-0.46720704,2.252793,1.4027929,-1.8472071,-4.617207,-5.677207,-6.557207,-5.997207,-5.487207,-5.087207,-5.367207,-5.297207
-3.587207,-1.537207,-1.497207,-0.93720704,1.372793,-0.33720702,-0.967207,-1.397207,-2.127207,-1.677207,-0.43720704,-0.67720705,-0.777207,-0.717207,-0.837207,-1.7072071,-1.247207,-2.877207,-1.2172071,-1.247207,-0.787207,-0.647207,-1.197207,0.982793,-0.74720705,-2.207207,-1.5972071,-2.137207,-3.087207,-2.107207,-2.907207,-2.547207,-0.68720704,0.42279297,-2.047207,-2.237207,-3.117207,-6.247207,-1.447207,-3.327207,-3.957207,-4.247207,-3.557207,-2.977207,-1.767207,0.22279297,0.18279296,-3.207207,-3.567207,-5.017207,-5.727207,-5.337207,-4.8972073,-4.507207,-4.697207,-4.617207,-4.4172072,-4.797207,-5.547207
-0.027207032,-5.007207,-2.947207,-1.677207,1.112793,-0.88720703,-1.277207,1.952793,-2.497207,-2.0372071,-1.767207,-0.38720703,-0.27720702,-0.94720703,-0.38720703,-1.947207,-1.747207,-1.867207,-2.227207,-0.81720704,0.05279297,-1.277207,-0.69720703,2.012793,-3.157207,-4.827207,-3.757207,-4.217207,-4.267207,-4.627207,-4.407207,-5.117207,-4.947207,-4.407207,-5.637207,-5.477207,-5.787207,-5.227207,-4.157207,-6.827207,-1.8272071,-3.377207,-4.957207,-2.207207,-3.167207,-3.567207,-3.707207,-3.507207,-3.237207,-3.297207,-3.387207,-3.347207,-3.0372071,-3.5372071,-4.277207,-4.877207,-5.007207,-4.827207,-5.387207
-1.277207,-0.35720703,-1.877207,0.672793,1.442793,-2.467207,-1.1072071,1.2927929,-0.09720703,0.022792969,0.20279297,-1.497207,-0.34720704,-0.55720705,-1.027207,-0.94720703,-1.0872071,-1.067207,-1.747207,-0.09720703,-1.0872071,-3.127207,-4.637207,-4.607207,-4.8972073,-4.707207,-5.377207,-5.507207,-5.507207,-5.617207,-5.367207,-5.267207,-5.1472073,-5.327207,-4.317207,-3.177207,-1.287207,-2.0172071,-0.767207,-1.887207,-4.817207,-3.7672071,-4.1672072,-4.337207,-3.417207,-3.2672071,-2.677207,-2.627207,-2.907207,-2.217207,-2.257207,-2.437207,-2.987207,-3.2672071,-3.797207,-4.777207,-4.727207,-4.817207,-5.107207
-0.23720703,-2.427207,-1.0972071,-1.267207,0.542793,0.24279296,0.44279298,-0.527207,-0.43720704,0.48279297,-1.507207,1.582793,-0.67720705,1.4227929,1.262793,0.652793,0.672793,-0.92720705,-1.537207,-0.727207,-4.447207,-4.117207,-4.8972073,-4.477207,-4.197207,-4.827207,-6.197207,-6.467207,-7.027207,-7.227207,-6.517207,-6.137207,-5.847207,-5.707207,-3.987207,-1.137207,0.582793,1.1427929,2.092793,0.35279298,-2.187207,-2.227207,1.0227929,-2.357207,-1.0772071,-3.127207,-2.677207,-2.547207,-3.147207,-2.557207,-2.467207,-2.817207,-3.217207,-3.847207,-3.617207,-4.107207,-4.437207,-4.797207,-5.487207
-0.27720702,-1.3472071,-0.09720703,1.222793,-0.577207,0.19279297,-1.3472071,0.14279297,0.63279295,1.202793,0.49279296,0.732793,1.7827929,3.342793,-0.19720703,-2.107207,-1.0872071,-1.177207,2.702793,-1.567207,0.63279295,-0.957207,-1.547207,-2.947207,-3.857207,-4.437207,-5.597207,-6.487207,-7.867207,-9.187207,-9.857207,-9.517207,-9.297207,-7.677207,-5.747207,-3.327207,2.272793,3.362793,5.782793,-0.67720705,-2.207207,-1.0772071,-1.987207,-1.117207,-1.4572071,-2.727207,-2.667207,-2.167207,-3.097207,-1.5872071,-2.0272071,-2.407207,-2.057207,-2.497207,-2.727207,-3.297207,-4.1472073,-4.847207,-4.277207
-1.127207,-2.147207,0.0027929686,-0.847207,-0.967207,-1.647207,-0.29720703,0.532793,0.20279297,-1.737207,-0.39720702,-1.867207,-1.417207,-3.917207,-2.7872071,-3.2772071,-0.94720703,-1.697207,0.092792965,0.20279297,3.782793,1.4027929,1.222793,2.652793,-0.94720703,-0.767207,-5.427207,-6.787207,-8.597207,-9.457207,-10.227207,-10.087207,-9.497207,-9.177207,-7.947207,-4.287207,-2.797207,0.56279296,4.652793,-3.257207,-0.42720702,-2.0372071,-1.537207,-3.797207,-4.207207,-3.477207,-2.457207,-1.317207,-1.9772071,-1.527207,-1.197207,-1.0972071,-1.557207,-1.367207,-1.367207,-1.6072071,-2.067207,-2.597207,-2.427207
-2.727207,-3.047207,-2.497207,-3.047207,-2.2672071,-1.677207,-1.657207,-0.19720703,-1.407207,-0.37720704,-0.16720703,-1.387207,-1.2172071,-3.457207,-2.0272071,-1.127207,-1.117207,-1.447207,-0.44720703,-0.29720703,0.522793,3.072793,1.472793,3.742793,3.4827929,0.21279296,-3.067207,-5.807207,-8.137207,-9.1572075,-9.267207,-9.677207,-9.677207,-9.077207,-9.327207,-6.517207,-6.477207,-4.517207,-2.877207,-7.497207,-3.797207,-3.7872071,-5.877207,-4.657207,-3.857207,-3.7672071,-3.797207,-3.0272071,-1.997207,-0.54720706,-0.25720704,-0.07720703,-0.517207,-0.34720704,-0.717207,0.81279296,0.17279297,-0.80720705,-1.527207
-3.407207,-1.417207,-2.957207,-3.197207,-3.697207,-1.9572071,-2.317207,-1.817207,-1.8472071,-2.117207,-1.647207,-2.457207,-2.957207,-0.79720706,-1.067207,-1.687207,-0.79720706,-2.327207,-0.42720702,-0.10720703,-0.24720703,1.5427929,2.892793,1.882793,2.452793,0.25279295,0.87279296,-2.297207,-6.6672072,-8.887207,-9.917207,-10.127207,-10.697207,-9.297207,-9.077207,-8.467207,-10.387207,-1.537207,-7.707207,-9.6572075,-3.477207,-5.587207,-5.997207,-6.007207,-5.467207,-4.117207,-3.997207,-3.357207,-2.317207,-1.0772071,0.46279296,1.362793,1.732793,2.162793,2.662793,2.782793,2.342793,3.742793,4.632793
-5.077207,-2.117207,0.522793,-0.47720703,0.48279297,-0.49720705,-2.467207,-3.547207,-3.5272071,-2.2672071,-1.927207,-1.947207,0.45279297,-1.257207,-2.927207,-1.117207,-3.797207,-1.317207,-0.25720704,2.282793,1.0427929,0.772793,1.2727929,6.472793,1.692793,0.33279297,6.862793,4.182793,-1.247207,-4.1672072,-4.477207,-5.867207,-8.347207,-8.727207,-8.587207,-7.187207,-5.867207,-12.557207,-16.287207,-11.807207,-9.607207,-8.577207,-6.877207,-7.767207,-5.877207,-4.027207,-2.647207,-1.3272071,-1.3372071,-1.007207,0.38279298,1.442793,2.912793,4.062793,4.092793,4.442793,4.882793,5.202793,5.052793
-4.677207,-2.497207,-3.927207,-1.907207,-0.38720703,-0.73720706,-4.677207,-2.587207,-1.0972071,-3.047207,-0.29720703,0.092792965,1.9227929,-1.737207,0.29279298,-1.737207,-2.437207,-2.5272071,-1.0772071,-3.367207,0.672793,1.132793,1.462793,-0.657207,1.972793,2.842793,0.33279297,7.232793,7.982793,7.482793,3.092793,0.20279297,-2.997207,-3.837207,-6.797207,-7.357207,-11.677207,-13.237207,-6.867207,-7.637207,-8.887207,-7.767207,-6.577207,-5.467207,-4.117207,-2.477207,-0.20720702,1.5227929,2.122793,2.362793,1.602793,1.322793,2.062793,3.242793,3.9727929,4.572793,4.982793,5.342793,5.492793
-5.187207,-5.507207,-4.1672072,-3.947207,-3.807207,-3.5272071,-1.057207,-2.997207,-2.947207,-3.5372071,-1.3472071,0.04279297,0.602793,-0.31720704,-1.127207,-1.907207,-2.427207,-3.457207,-4.057207,-1.127207,-0.43720704,0.47279298,0.38279298,-3.597207,1.982793,-1.437207,-0.46720704,2.762793,6.1027927,7.172793,6.162793,3.492793,-0.027207032,-1.417207,-2.717207,-5.757207,-7.317207,-2.747207,-3.087207,-2.057207,-3.697207,-3.247207,-2.977207,-0.967207,-0.21720703,0.23279297,0.912793,1.1427929,2.752793,3.552793,4.032793,4.452793,4.672793,4.222793,4.432793,3.912793,4.242793,4.942793,5.062793
-6.127207,-3.407207,-4.867207,-2.317207,-3.157207,-3.177207,-1.237207,-2.5272071,-4.857207,-4.117207,-1.877207,-2.127207,-2.217207,-3.457207,-3.207207,-3.917207,-3.367207,-4.517207,-0.67720705,0.522793,0.15279298,-1.897207,-2.947207,-2.397207,3.452793,1.5327929,-3.357207,-3.117207,1.202793,4.562793,5.342793,4.782793,1.812793,0.48279297,-1.0972071,0.27279297,-0.957207,-0.28720704,-1.407207,0.55279297,-0.87720704,-2.167207,-3.077207,-1.987207,0.47279298,1.512793,1.472793,1.502793,2.342793,2.802793,3.4727929,4.6027927,4.892793,5.3527927,6.162793,6.202793,6.182793,5.892793,5.552793
-3.367207,-6.627207,-4.767207,-0.787207,-2.957207,-1.7272071,0.11279297,2.492793,-1.947207,0.06279297,1.852793,-1.867207,-1.407207,-3.087207,-4.787207,-4.807207,-0.49720705,-1.267207,0.50279295,-0.12720703,-1.657207,-4.467207,-7.277207,-4.967207,1.7927929,2.432793,5.822793,5.232793,5.5827928,6.062793,4.872793,4.8527927,2.072793,-1.397207,-2.797207,0.95279294,1.1727929,1.202793,1.5427929,0.76279294,-0.04720703,-1.517207,-2.047207,-1.507207,-0.717207,-0.18720703,1.1627929,2.162793,1.2727929,1.822793,2.092793,3.592793,4.162793,4.822793,5.522793,5.542793,5.682793,5.652793,5.5827928
-6.227207,-6.257207,-5.717207,-4.317207,-3.2872071,-2.667207,-4.027207,-1.547207,0.672793,1.232793,2.162793,-2.167207,-0.62720704,-1.7172071,-1.937207,1.082793,-0.45720702,0.99279296,0.792793,-0.667207,0.88279295,0.04279297,-4.197207,-4.137207,2.932793,6.362793,7.622793,6.622793,4.5827928,4.662793,6.412793,1.3927929,4.212793,2.152793,0.19279297,-0.06720703,0.11279297,-0.16720703,0.39279297,0.42279297,-0.16720703,-0.587207,-0.527207,-1.1072071,-0.907207,0.20279297,0.63279295,1.6727929,2.412793,2.902793,3.022793,3.252793,3.562793,3.912793,4.212793,4.442793,4.422793,4.342793,4.622793
-0.99720705,-1.787207,-2.227207,-3.117207,-3.147207,-1.907207,-3.157207,-4.317207,-1.987207,-1.007207,0.912793,0.87279296,0.13279296,-1.127207,-0.46720704,-0.577207,-0.31720704,-1.497207,-1.1072071,2.702793,2.682793,3.522793,5.172793,3.992793,3.862793,5.272793,6.1027927,6.972793,4.022793,2.342793,4.3527927,3.4827929,3.412793,3.762793,3.502793,2.582793,1.632793,1.6427929,-0.13720703,-0.30720702,-1.127207,-0.67720705,0.76279294,-0.61720705,-0.07720703,0.092792965,0.842793,0.68279296,1.242793,1.752793,2.702793,2.762793,3.342793,3.162793,2.9627929,3.102793,3.282793,3.822793,3.052793
-1.257207,-2.367207,-3.657207,0.972793,0.842793,1.6727929,-0.30720702,1.232793,-1.9672071,-2.047207,0.07279297,1.332793,2.132793,0.82279295,0.602793,-0.62720704,-0.54720706,-0.30720702,-1.2172071,-0.647207,-0.12720703,2.412793,2.7127929,6.452793,3.872793,4.062793,1.9127929,0.21279296,-0.587207,-0.897207,3.132793,5.152793,6.162793,4.882793,5.622793,4.432793,2.772793,1.702793,0.772793,1.132793,-0.35720703,-0.28720704,0.55279297,-0.61720705,-1.427207,-1.267207,-0.827207,-0.68720704,-0.61720705,-0.32720703,0.08279297,0.25279295,1.062793,1.012793,0.912793,1.0227929,0.922793,0.95279294,-0.04720703
6.552793,-4.717207,-2.337207,0.842793,3.7327929,0.522793,3.752793,3.402793,3.092793,1.432793,-0.86720705,1.492793,2.092793,1.302793,1.6727929,-0.657207,-1.137207,3.132793,0.722793,0.22279297,-1.527207,-0.03720703,3.082793,-0.07720703,-0.93720704,3.4727929,4.762793,4.742793,4.922793,4.372793,6.3327928,7.0827928,6.292793,7.542793,6.252793,5.642793,3.782793,2.352793,1.632793,0.44279298,1.5227929,1.212793,0.80279297,-0.27720702,-2.047207,-2.407207,-2.007207,-2.627207,-2.047207,-2.2672071,-2.497207,-2.657207,-2.5372071,-2.507207,-3.0272071,-2.327207,-3.057207,-2.927207,-3.757207
5.662793,2.162793,1.752793,2.322793,0.19279297,4.842793,3.902793,1.582793,0.792793,3.372793,3.902793,2.422793,-0.30720702,6.192793,6.232793,7.072793,7.122793,3.202793,4.432793,5.912793,4.952793,2.612793,1.082793,-0.54720706,5.882793,2.9627929,8.232793,7.912793,5.662793,6.592793,6.442793,5.292793,5.462793,4.712793,5.152793,5.372793,4.042793,2.242793,2.102793,1.872793,1.332793,2.282793,1.442793,2.072793,1.882793,0.16279297,-2.397207,-2.5172071,-2.737207,-2.5272071,-2.597207,-3.067207,-3.107207,-3.757207,-4.237207,-4.4172072,-3.797207,-5.327207,-4.097207
3.412793,5.222793,2.522793,-1.6072071,3.542793,-1.407207,-0.99720705,0.662793,2.552793,2.912793,3.662793,2.772793,-0.45720702,3.322793,6.162793,7.022793,9.472793,7.442793,6.0827928,6.612793,7.292793,6.132793,6.242793,5.672793,-1.757207,1.342793,3.312793,3.852793,5.462793,4.5827928,5.212793,4.782793,4.232793,4.502793,3.992793,4.362793,4.222793,2.392793,1.962793,1.212793,-0.647207,-0.777207,-0.17720704,1.4027929,1.942793,2.442793,1.512793,-1.777207,-2.5372071,-3.497207,-3.197207,-2.617207,-3.067207,-3.627207,-4.547207,-4.4172072,-5.017207,-6.857207,-5.767207
4.722793,2.762793,1.972793,0.80279297,1.132793,-0.30720702,-0.49720705,0.782793,2.332793,3.602793,7.022793,9.532793,11.512793,7.612793,7.942793,7.922793,7.552793,8.332793,7.862793,8.0927925,6.632793,5.232793,3.182793,4.222793,2.042793,1.582793,1.2727929,2.892793,4.192793,4.232793,4.322793,3.4627929,3.772793,3.4727929,4.012793,4.562793,4.092793,3.272793,2.942793,1.012793,-1.2072071,-1.677207,-1.737207,-1.4772071,-0.957207,-1.007207,0.33279297,2.142793,0.852793,-1.177207,-1.387207,-1.987207,-2.157207,-1.817207,-1.777207,-3.337207,3.072793,6.162793,4.092793
-2.7872071,-1.3472071,1.5227929,0.832793,0.63279295,-1.2272071,-1.567207,1.512793,0.22279297,1.5327929,7.172793,5.982793,3.662793,6.972793,8.062793,8.262793,8.822793,8.602793,8.562793,7.442793,4.362793,2.4727929,3.7327929,3.652793,-0.0072070314,4.272793,2.942793,4.182793,3.162793,3.4827929,3.762793,3.202793,3.352793,3.502793,4.382793,4.242793,3.702793,3.9627929,3.7327929,0.75279295,-1.7272071,-0.68720704,-1.8472071,-1.927207,-1.447207,-0.847207,-1.197207,-0.50720704,1.122793,2.9827929,3.842793,4.072793,4.882793,6.402793,6.592793,6.792793,6.3527927,6.202793,6.3527927
