json/gfs_20240718_18.json
{"header": { "discipline":0, "disciplineName":"Meteorological products", "gribEdition":2, "gribLength":79962, "center":7, "centerName":"US National Weather Service - NCEP(WMC)", "subcenter":0, "refTime":"2024-07-18T18:00:00.000Z", "significanceOfRT":1, "significanceOfRTName":"Start of forecast", "productStatus":0, "productStatusName":"Operational products", "productType":1, "productTypeName":"Forecast products", "productDefinitionTemplate":0, "productDefinitionTemplateName":"Analysis/forecast at horizontal level/layer at a point in time", "parameterCategory":2, "parameterCategoryName":"Momentum", "parameterNumber":3, "parameterNumberName":"V-component_of_wind", "parameterUnit":"m.s-1", "genProcessType":2, "genProcessTypeName":"Forecast", "forecastTime":0, "surface1Type":103, "surface1TypeName":"Specified height level above ground", "surface1Value":10.0, "surface2Type":255, "surface2TypeName":"Missing", "surface2Value":0.0, "gridDefinitionTemplate":0, "gridDefinitionTemplateName":"Latitude_Longitude", "numberPoints":65160, "shape":6, "shapeName":"Earth spherical with radius of 6,371,229.0 m", "gridUnits":"degrees", "resolution":48, "winds":"true", "scanMode":0, "nx":360, "ny":181, "basicAngle":0, "lo1":0.0, "la1":90.0, "lo2":359.0, "la2":-90.0, "dx":1.0, "dy":1.0 }, "data":
[rows 27 to 53 of 181, columns 0 to 59 of 360]
6.656045,6.426045,6.556045,5.536045,5.106045,3.7860448,2.7760448,1.526045,-1.4039551,-0.8039551,-0.7739551,-1.5039551,-1.2939551,-2.843955,-2.7439551,-4.223955,-2.603955,-0.16395508,0.86604494,-0.50395507,-0.58395505,-1.593955,-0.7339551,1.1260449,1.396045,1.6960449,2.2460449,1.7260449,2.476045,0.93604493,2.426045,1.046045,1.146045,2.0560448,0.7160449,0.026044922,-1.3739551,-0.45395508,0.30604494,0.6960449,-0.7939551,-0.31395507,-1.0639551,-1.6739551,-1.3139551,-1.5139551,-1.1339551,-1.203955,-1.0139551,-1.5339551,-1.5539551,-1.323955,-1.6739551,-0.5439551,-2.013955,-1.3739551,-1.733955,-1.1539551,-1.1339551,-0.12395508
7.806045,7.386045,6.926045,7.076045,5.9160447,4.656045,-0.34395507,-0.36395508,-1.343955,-2.333955,-1.7939551,-3.4539552,-4.5839553,-6.013955,-2.1939552,-2.303955,-3.2539551,-1.8839551,-4.6039553,-5.493955,-1.8939551,-2.7139552,0.3660449,1.656045,1.276045,0.74604493,1.1960449,1.2260449,2.3060448,2.116045,2.136045,1.6960449,1.5560449,1.786045,0.91604495,-1.9239551,-2.083955,-0.6839551,1.6160449,0.99604493,0.18604492,-1.593955,-0.36395508,-0.053955078,0.3660449,0.6260449,-1.4439551,-1.473955,-1.323955,-1.3739551,-1.3139551,-1.6639551,-1.473955,-0.11395508,-1.1539551,-1.5439551,-0.15395507,2.376045,-0.12395508,0.10604492
6.236045,6.6860447,6.6260448,6.216045,4.926045,2.676045,-0.6239551,-0.36395508,-1.9439551,-2.2439551,-0.043955076,-0.89395505,-2.2339551,-2.313955,-2.7539551,-1.0039551,-3.4739552,-3.073955,-4.6039553,-5.213955,-4.163955,-0.24395508,2.166045,3.0160449,3.096045,2.636045,3.406045,3.196045,2.916045,2.636045,1.5060449,1.2460449,2.646045,0.4560449,-0.2639551,-0.24395508,-0.51395506,0.86604494,1.7460449,0.92604494,1.7160449,0.60604495,-0.063955076,-0.9639551,-1.473955,0.67604494,-1.3839551,-1.843955,-1.593955,-1.5639551,-1.733955,-1.203955,-1.1639551,-1.5439551,-1.093955,-1.073955,1.286045,-0.50395507,-0.23395509,-0.64395505
5.796045,6.1860447,7.956045,6.836045,5.1860447,2.7460449,-0.7139551,-0.28395507,-3.283955,-0.81395507,0.13604492,1.4460449,0.026044922,-1.6739551,-2.6939552,-1.843955,-0.9239551,-1.823955,-1.713955,-2.2339551,-3.353955,0.24604492,5.636045,6.806045,4.906045,4.216045,1.8560449,1.6860449,2.856045,1.1160449,1.026045,0.44604492,0.13604492,-0.7939551,-0.64395505,0.076044925,1.166045,0.05604492,2.0660448,-0.39395508,-0.16395508,1.766045,0.22604492,-0.75395507,-1.1539551,-0.7439551,-0.9239551,-1.4339551,-1.323955,-1.3739551,-1.083955,-1.323955,-1.7739551,-1.3939551,-0.8539551,-1.073955,-0.42395508,-0.9739551,-1.1339551,-1.6939551
7.736045,6.1460447,5.806045,6.6260448,5.366045,2.5060449,-0.27395508,-1.593955,-0.7339551,0.29604492,2.336045,6.576045,2.206045,4.066045,4.6660447,0.49604493,-1.353955,-1.4139551,-1.103955,-0.2939551,1.6860449,4.246045,5.696045,5.366045,2.396045,2.366045,3.206045,1.9560449,2.0560448,1.2160449,1.1860449,1.4760449,0.6560449,0.9060449,0.41604492,0.41604492,0.44604492,0.9560449,1.6260449,0.30604494,-0.4139551,-1.0639551,1.2160449,0.15604492,-0.94395506,-1.3039551,-1.7739551,-2.153955,-2.033955,-1.8839551,-1.8139551,-1.8139551,-1.6839551,-1.453955,-1.6739551,-1.2439551,0.19604492,-1.6239551,-0.9039551,-0.8039551
6.066045,5.746045,5.846045,6.096045,5.056045,3.2960448,-0.44395506,-1.4139551,1.786045,3.616045,4.3960447,4.786045,1.6860449,1.286045,0.7860449,0.35604492,-0.24395508,-0.81395507,0.30604494,1.4360449,2.096045,6.726045,8.156045,5.466045,2.096045,-0.03395508,-0.18395507,1.2060449,2.2960448,1.4860449,1.0660449,1.266045,0.3660449,-0.57395506,-0.81395507,-1.1239551,-1.2839551,0.18604492,-0.24395508,-0.69395506,-0.36395508,0.3660449,-0.37395507,-0.6539551,-1.1239551,-1.2839551,-1.6739551,-1.843955,-1.853955,-2.093955,-3.303955,-2.9739552,-2.623955,-2.353955,-1.6739551,-0.63395506,-1.1539551,-1.9039551,-0.17395508,-0.95395505
5.786045,6.006045,6.036045,6.096045,5.506045,3.946045,2.326045,1.1860449,0.7260449,0.38604492,0.9560449,1.0860449,0.8360449,0.7160449,0.22604492,0.06604492,-0.15395507,0.7660449,1.0760449,3.2560449,4.4360447,5.6860447,2.5160449,1.6060449,1.7060449,1.1160449,1.1160449,1.0960449,1.0660449,1.0860449,-0.13395508,-0.6739551,0.5160449,-1.473955,-1.863955,-1.7939551,-2.383955,-1.0639551,0.006044922,-0.76395506,-0.70395505,-1.8739551,-1.8839551,-2.613955,-1.1339551,-1.853955,-2.143955,-3.1839552,-2.123955,-3.0039551,-2.853955,-1.833955,-2.5039551,-1.7739551,-1.8839551,-2.163955,-1.6239551,-1.9239551,-0.50395507,-1.5639551
4.1260448,6.6460447,7.466045,6.6860447,5.486045,4.256045,2.676045,1.3760449,-0.23395509,-0.3539551,-0.45395508,2.846045,2.206045,0.5260449,-0.7839551,-0.82395506,0.4860449,1.8760449,2.106045,2.436045,2.736045,2.0560448,1.656045,0.55604494,0.28604493,0.06604492,0.5060449,0.11604492,-1.1439551,0.5260449,-0.45395508,-1.2439551,-1.223955,-2.773955,-2.4739552,-2.2239552,-2.143955,-2.083955,-0.16395508,-1.7939551,-1.9239551,-1.573955,-1.1639551,-1.9939551,-2.9539552,-2.063955,-1.863955,-2.4739552,-1.8939551,-2.6839552,-3.573955,-3.013955,-2.873955,-1.7839551,-2.663955,-2.7339551,-2.393955,-1.723955,-0.4839551,0.9460449
4.566045,6.486045,6.556045,6.156045,5.006045,3.946045,1.9860449,0.25604492,-0.8639551,-1.1939551,-1.5639551,0.31604493,-1.0039551,-1.7439551,0.49604493,0.3960449,0.8460449,0.05604492,0.4560449,-0.31395507,-0.5939551,-1.1539551,-0.8639551,-1.0039551,-0.3839551,-1.9239551,-0.7239551,-1.9939551,-1.2639551,-2.1939552,-0.34395507,-1.8839551,-2.623955,-1.973955,-1.6639551,-2.2039552,-2.663955,-1.9139551,-1.7439551,-1.7739551,-2.393955,-1.843955,-0.8639551,-2.563955,-2.0039551,-2.533955,-2.2039552,-1.973955,-1.7739551,-3.173955,-3.053955,-3.283955,-2.4739552,-2.2339551,-1.843955,-2.663955,-1.823955,-0.49395508,0.14604492,0.43604493
4.136045,6.1260448,5.826045,5.276045,3.426045,1.296045,-0.47395507,-1.5539551,-2.7239552,-2.423955,-1.5239551,-1.5339551,-1.8039551,-2.043955,-2.883955,-2.343955,-1.9439551,-1.7539551,-1.9239551,-2.523955,-2.9539552,-2.9639552,-3.113955,-1.8139551,-2.803955,-2.643955,-0.8439551,-2.2139552,-2.163955,-1.963955,-1.603955,-2.363955,-3.263955,-2.673955,-1.3739551,-2.103955,-2.2139552,-3.323955,-3.513955,-2.063955,-1.5539551,-1.983955,-1.713955,-2.5039551,-2.343955,-3.053955,-2.053955,-1.953955,-2.893955,-2.9439552,-2.773955,-2.2439551,-2.273955,-2.143955,-2.293955,-1.3039551,-1.9239551,0.32604492,-0.21395507,-0.9639551
2.426045,4.066045,5.496045,2.866045,0.44604492,-1.9439551,-1.723955,-1.3139551,-2.273955,-1.5339551,-0.4839551,2.0160449,0.32604492,-1.1639551,-1.2939551,-1.3739551,-1.1939551,-1.353955,-0.30395508,-2.4839551,-2.533955,-2.4739552,-2.913955,-2.2239552,-1.8739551,-2.083955,-2.7039552,-3.303955,-2.613955,-2.2039552,-1.9939551,-2.163955,-1.9139551,0.17604493,-3.043955,-1.2739551,-2.543955,-3.313955,-3.623955,-3.2539551,-2.403955,-2.2339551,-2.063955,-2.833955,-2.833955,-2.033955,-1.603955,-1.083955,-1.3139551,-2.533955,-0.043955076,-2.2439551,-2.113955,-1.5339551,-2.173955,-3.333955,-0.94395506,-0.44395506,0.21604492,-0.0039550783
3.4960449,2.856045,2.076045,-0.7339551,-2.9839551,0.006044922,0.47604492,-0.46395507,-0.22395508,-1.1239551,-0.6039551,-1.5439551,-0.51395506,-0.69395506,-0.82395506,-2.103955,-1.573955,-1.0339551,-0.9339551,-1.7939551,-1.0239551,-0.8039551,-2.573955,-3.4339552,-4.703955,-5.523955,-2.263955,-0.30395508,-1.7439551,-2.403955,-1.713955,-2.053955,0.4560449,-2.2039552,-2.0039551,-4.1039553,-2.113955,3.5060449,-0.6539551,-4.443955,-2.4539552,-3.0039551,-2.4639552,-3.593955,-2.533955,-3.273955,-1.5239551,0.13604492,-2.7139552,-2.663955,-1.2439551,-1.593955,-0.89395505,-1.3939551,-2.6839552,-2.7339551,-1.3939551,-0.24395508,-1.233955,-2.5039551
2.2860448,-0.2639551,-2.403955,-3.4639552,1.1060449,-0.39395508,-1.583955,0.016044922,0.4260449,-1.0039551,-0.27395508,-0.7739551,-0.7439551,-1.0639551,-0.83395505,-0.023955079,-0.47395507,-1.573955,-2.103955,-2.4339552,-1.6839551,-0.7839551,-1.7639551,-2.083955,-2.133955,-2.373955,-1.1539551,-1.4939551,-1.4239551,-3.093955,-1.973955,-2.163955,-3.0039551,-2.763955,-4.143955,-4.433955,-3.2139552,-5.3339553,-6.153955,-2.4439552,-3.533955,-2.2039552,-1.6839551,-1.4139551,-2.313955,-2.9339552,0.6260449,2.356045,0.80604494,-1.733955,0.28604493,0.30604494,-2.663955,-2.573955,-3.423955,-0.5539551,-0.82395506,0.2660449,0.8460449,0.85604495
-0.94395506,-0.9339551,0.22604492,0.12604493,0.29604492,0.93604493,-1.0039551,0.11604492,-0.043955076,0.026044922,-2.153955,-1.0639551,-1.6539551,-1.113955,-1.853955,-1.7539551,-1.843955,-1.723955,-3.783955,-0.12395508,-2.363955,-3.4639552,-2.843955,-2.553955,-1.9339551,-0.23395509,-2.4639552,-2.773955,-3.7339551,-2.4339552,-3.103955,-4.613955,-3.543955,-4.723955,-7.173955,-4.543955,-2.9439552,-4.033955,-1.703955,-0.6839551,1.3360449,-1.2839551,0.60604495,-0.20395508,-1.4039551,-1.3939551,1.1860449,-1.4239551,-1.593955,-2.603955,-0.9639551,-1.5439551,-3.643955,-3.403955,-2.4739552,-1.8839551,0.25604492,-0.37395507,-0.51395506,-2.7239552
1.5860449,0.6960449,-0.9139551,0.60604495,-0.6739551,-0.07395508,-0.22395508,-1.323955,-2.4639552,-2.123955,-1.9339551,-0.6639551,-0.75395507,-0.14395508,0.44604492,-0.56395507,-2.593955,-2.9439552,-2.353955,-1.0239551,-0.57395506,-2.273955,-1.7939551,-1.703955,-0.83395505,-2.6939552,-4.003955,-4.523955,-4.703955,-4.863955,-4.983955,-4.593955,-7.173955,-4.243955,-3.353955,-7.243955,-2.553955,-2.563955,-2.4939551,-1.113955,-2.763955,-3.383955,-1.2639551,-2.813955,-3.2239552,-2.893955,-3.2139552,-2.553955,-2.303955,-1.4239551,-0.25395507,0.38604492,-2.843955,-2.793955,-0.7339551,-2.153955,0.68604493,-2.4339552,-1.613955,-2.343955
-0.20395508,-0.25395507,-1.0139551,-0.89395505,-1.073955,0.30604494,-1.603955,0.2660449,-0.8639551,-0.39395508,-1.6439551,-1.353955,-0.7139551,-1.1339551,-1.0439551,-0.24395508,-1.073955,-4.723955,-2.4339552,-0.6639551,-0.7839551,-3.143955,-4.723955,-3.273955,-1.5239551,-1.103955,-3.9639552,-1.1239551,-3.2039552,-5.553955,-7.703955,-6.5639553,-7.893955,-3.7239552,-4.453955,-4.943955,-3.2239552,-3.393955,-2.893955,-0.8439551,1.3160449,1.7560449,3.116045,0.7860449,1.516045,-1.4039551,-0.47395507,-1.703955,-3.773955,-3.263955,-5.243955,-2.4639552,-3.603955,-1.2439551,0.86604494,-0.81395507,-3.403955,-2.833955,-2.4639552,-2.923955
-1.7539551,-1.3139551,-1.5539551,-2.793955,-0.103955075,-1.203955,-1.353955,-0.28395507,-0.46395507,-1.453955,-1.713955,-0.89395505,-2.373955,-0.94395506,0.17604493,0.38604492,-1.963955,-4.903955,-1.343955,0.23604493,-3.2139552,-4.663955,-3.843955,1.3460449,-1.4039551,-0.9639551,-0.09395508,0.06604492,-1.733955,-3.2239552,-3.653955,-6.403955,-5.243955,-0.25395507,-3.293955,2.076045,1.6060449,0.18604492,-0.7139551,-1.7639551,0.6360449,1.0060449,-1.1739551,2.116045,3.0460448,1.046045,-1.8739551,-3.573955,-3.7339551,-4.073955,3.426045,3.606045,0.9460449,-0.19395508,-0.7439551,-2.763955,-2.2539551,-0.75395507,-3.083955,-1.5639551
-0.9639551,-1.733955,-0.9939551,-0.7839551,-0.08395508,-0.44395506,0.16604492,-1.6739551,-0.30395508,0.9060449,1.146045,0.92604494,0.43604493,-1.973955,-0.39395508,-1.703955,-1.583955,0.046044923,-0.3839551,-1.343955,-1.0039551,-3.4539552,-2.4339552,0.23604493,1.266045,0.30604494,-1.9439551,-1.9139551,-10.653955,-6.533955,-4.413955,-4.133955,0.09604492,-1.613955,0.076044925,3.616045,-1.8039551,-4.573955,-4.133955,-0.76395506,0.44604492,-0.39395508,-0.8639551,0.27604493,-1.8939551,-2.653955,-1.9039551,-0.16395508,2.666045,5.6260448,4.486045,3.126045,0.6560449,-2.523955,-4.453955,-3.2139552,-2.583955,-2.153955,-2.123955,1.676045
-1.1839551,-0.6239551,0.05604492,-0.81395507,-0.9939551,-2.383955,-1.1439551,-0.023955079,-1.1739551,-1.3839551,-1.6639551,-1.353955,-1.453955,-3.543955,-1.093955,-1.1839551,-0.5939551,-0.6039551,0.5260449,-2.293955,-3.4639552,-3.793955,-1.1739551,-2.373955,-1.4439551,-1.1739551,-3.423955,-4.573955,-7.543955,-0.34395507,-0.7439551,-3.053955,-4.433955,-3.783955,2.936045,-1.463955,-5.223955,-6.773955,-4.473955,-3.2239552,-0.15395507,2.3160448,1.7160449,1.7560449,0.9060449,2.2760448,4.466045,4.566045,3.946045,1.9460449,0.91604495,-2.2339551,-3.273955,-3.653955,-1.983955,-2.883955,-2.893955,-4.493955,2.5460448,0.4560449
-0.16395508,-1.5439551,-2.893955,0.43604493,3.7560449,0.27604493,-0.5939551,1.786045,0.7560449,-0.28395507,-2.4639552,-1.853955,-0.7839551,0.8360449,-5.213955,-4.463955,-4.033955,-1.2939551,2.166045,2.666045,1.8160449,-0.6839551,-2.1839552,-3.163955,-6.383955,-5.773955,-3.7139552,-5.943955,1.6160449,0.09604492,-1.4439551,-2.123955,-3.093955,-3.513955,-5.163955,-5.963955,-6.483955,-12.483955,3.126045,1.7160449,-0.9339551,2.416045,1.6260449,1.4760449,2.7860448,2.726045,3.0460448,2.896045,2.8160448,-0.7239551,-3.843955,-4.043955,-5.343955,-5.993955,-2.9639552,-4.203955,-3.2439551,-3.323955,1.1260449,-0.30395508
-1.4939551,-1.2539551,-0.03395508,1.526045,4.506045,2.716045,1.3260449,1.2360449,1.0060449,1.7160449,-5.533955,-0.5939551,0.24604492,-1.9239551,-4.153955,-2.883955,-4.613955,-0.6739551,-1.7439551,-2.7339551,-0.07395508,-2.833955,-0.14395508,-3.373955,-1.0339551,-3.2339551,0.006044922,0.9660449,-2.2139552,-2.173955,-3.323955,-3.9839551,-1.963955,-1.4139551,-2.533955,-2.4439552,-1.8839551,0.28604493,0.09604492,-0.023955079,-1.093955,-2.083955,-1.1439551,-1.7439551,3.196045,2.156045,2.686045,1.286045,0.2660449,-0.9639551,-2.4639552,-2.4439552,-2.133955,-3.633955,-3.273955,-4.133955,-4.193955,-3.593955,-1.1839551,-1.4939551
4.046045,2.5260448,2.926045,2.976045,4.096045,1.9360449,-0.30395508,-1.233955,-1.6739551,-0.21395507,1.526045,-2.593955,-1.983955,-0.063955076,-1.4139551,-2.283955,1.3160449,-3.013955,-2.283955,-1.573955,-0.42395508,-2.4439552,-1.2539551,-1.9139551,0.5160449,1.9660449,-1.1939551,-1.6839551,-2.173955,-5.243955,-5.823955,-4.733955,-5.503955,-1.2639551,3.466045,1.9660449,-1.2639551,-1.4339551,-0.46395507,0.18604492,0.86604494,2.726045,1.2460449,1.9560449,2.186045,0.18604492,-2.9639552,1.3160449,0.80604494,-2.363955,-2.9339552,-4.783955,-5.403955,-5.433955,-4.453955,-0.16395508,-0.9339551,-5.0839553,-5.173955,-4.3539553
2.966045,2.5660448,2.186045,1.3360449,2.466045,0.8160449,-1.1539551,-2.613955,-3.563955,0.38604492,-2.023955,0.25604492,-3.363955,-4.673955,1.0860449,0.17604493,-2.173955,-2.413955,-1.213955,-2.363955,-1.483955,-2.413955,-0.7839551,0.66604495,-1.823955,0.28604493,-3.033955,-3.263955,-5.553955,-4.613955,-2.0039551,-1.3039551,-0.043955076,-1.7439551,-2.843955,-2.2039552,-0.75395507,0.35604492,0.29604492,1.536045,0.076044925,0.8360449,-2.1839552,-0.8639551,-2.9639552,0.74604493,0.80604494,-2.143955,-1.5639551,-0.3539551,-5.883955,-7.703955,-5.513955,-6.903955,-3.023955,-4.493955,-4.183955,-4.483955,-0.7339551,-1.5439551
2.156045,2.416045,1.426045,-0.83395505,1.886045,-0.19395508,-2.1939552,-3.9339552,-6.443955,-2.873955,0.5060449,-2.133955,-1.983955,-3.393955,-4.0839553,-2.5039551,0.14604492,-1.7439551,-4.213955,-6.113955,-3.893955,-0.82395506,2.876045,0.7760449,-2.633955,-3.163955,-2.013955,-2.343955,-3.4639552,-2.073955,-1.853955,-2.573955,-3.343955,-6.003955,-4.793955,-4.133955,-2.553955,-2.663955,-3.4439552,-1.4439551,-3.643955,-0.63395506,-1.9439551,-0.20395508,0.7860449,-3.573955,2.0160449,2.0160449,4.706045,-1.0239551,-5.173955,-6.553955,-5.863955,-7.993955,-4.3139553,-3.263955,-4.023955,-4.343955,-2.9939551,-3.573955
3.186045,3.586045,0.8760449,-0.17395508,-0.6039551,-1.2439551,-2.593955,-4.383955,-6.453955,-2.303955,0.21604492,-1.833955,-2.353955,-2.4839551,-1.4039551,0.67604494,-0.5939551,0.3660449,-6.173955,-6.053955,-4.983955,0.38604492,0.3660449,-0.7839551,-3.063955,-7.403955,-4.493955,-5.0839553,-6.0839553,-5.763955,-6.673955,-3.583955,-7.433955,-6.033955,-1.5539551,-1.343955,-2.913955,-7.5839553,-3.273955,-1.603955,-2.133955,0.55604494,-1.953955,-2.7539551,-0.9339551,-1.5139551,-1.603955,0.27604493,0.54604495,2.866045,-2.9939551,-4.453955,-4.133955,-3.623955,-2.123955,-2.363955,-2.533955,-4.8139553,-4.463955,-4.3139553
-2.533955,-1.733955,-0.9139551,-1.0539551,-0.7839551,-1.983955,-2.793955,-3.093955,-4.223955,-3.103955,-2.1939552,-3.1939552,-5.1039553,-3.163955,-1.103955,-1.6239551,-0.8039551,-2.293955,-4.163955,-5.293955,-4.8339553,-7.273955,-1.9439551,-1.473955,-3.863955,-7.543955,-9.103955,-4.803955,-1.1739551,-1.1939551,-1.603955,-2.273955,-4.073955,-3.4439552,-4.943955,-3.4939551,-2.333955,-3.4639552,-5.8739552,-4.173955,-2.793955,-3.373955,-1.5639551,-0.7239551,-1.603955,1.676045,-5.003955,-2.063955,-2.613955,0.32604492,-1.7639551,-2.763955,-2.5039551,-2.6939552,-3.353955,-2.863955,-1.1839551,-3.053955,-1.5539551,-5.393955
-3.783955,-3.383955,-1.573955,-2.853955,-3.603955,1.656045,-2.273955,-1.2639551,-1.1939551,-1.9039551,-2.563955,-4.143955,-6.003955,-0.95395505,0.6260449,-1.713955,0.006044922,-4.013955,-5.5839553,-5.8339553,-6.363955,-2.923955,-1.973955,-4.633955,-6.993955,-7.243955,-7.823955,3.846045,1.1260449,0.006044922,-1.8139551,0.55604494,-1.2939551,-2.083955,-5.893955,2.5260448,4.476045,-1.6639551,-6.6239552,-3.423955,-1.0239551,0.7060449,1.2360449,0.11604492,0.38604492,-1.7639551,-3.803955,-0.50395507,-1.8139551,-3.093955,-0.8639551,-1.1339551,-1.6439551,-1.0039551,-0.0039550783,0.73604494,-6.363955,-3.1839552,-2.533955,-2.833955
