json/gfs_20240718_00.json
{"header": { "discipline":0, "disciplineName":"Meteorological products", "gribEdition":2, "gribLength":79790, "center":7, "centerName":"US National Weather Service - NCEP(WMC)", "subcenter":0, "refTime":"2024-07-18T00:00:00.000Z", "significanceOfRT":1, "significanceOfRTName":"Start of forecast", "productStatus":0, "productStatusName":"Operational products", "productType":1, "productTypeName":"Forecast products", "productDefinitionTemplate":0, "productDefinitionTemplateName":"Analysis/forecast at horizontal level/layer at a point in time", "parameterCategory":2, "parameterCategoryName":"Momentum", "parameterNumber":2, "parameterNumberName":"U-component_of_wind", "parameterUnit":"m.s-1", "genProcessType":2, "genProcessTypeName":"Forecast", "forecastTime":0, "surface1Type":103, "surface1TypeName":"Specified height level above ground", "surface1Value":10.0, "surface2Type":255, "surface2TypeName":"Missing", "surface2Value":0.0, "gridDefinitionTemplate":0, "gridDefinitionTemplateName":"Latitude_Longitude", "numberPoints":65160, "shape":6, "shapeName":"Earth spherical with radius of 6,371,229.0 m", "gridUnits":"degrees", "resolution":48, "winds":"true", "scanMode":0, "nx":360, "ny":181, "basicAngle":0, "lo1":0.0, "la1":90.0, "lo2":359.0, "la2":-90.0, "dx":1.0, "dy":1.0 }, "data":
[rows 78 to 103 of 181, columns 57 to 113 of 360]
9.867729,10.75773,10.697729,11.60773,10.617729,10.38773,10.10773,9.827729,11.05773,11.10773,11.367729,11.407729,11.76773,11.617729,11.737729,12.18773,11.72773,10.84773,9.47773,2.3477294,2.1577294,0.7977295,1.8477294,7.3777294,10.027729,10.527729,9.2977295,11.59773,13.697729,13.577729,11.00773,10.88773,9.89773,7.8077297,9.987729,8.67773,8.287729,7.7877293,7.2377295,8.50773,8.157729,7.9677296,2.1277294,4.3877296,9.13773,7.6277294,1.4077295,-0.24227051,1.3077295,1.3577294,-0.23227051,0.6177295,1.4977295,6.4377294,5.0477295,5.7277293,5.6277294
9.56773,9.85773,9.60773,10.18773,9.63773,10.2977295,11.077729,10.84773,10.907729,10.327729,10.627729,10.457729,10.987729,11.117729,11.60773,11.747729,10.327729,11.14773,10.92773,2.4577296,3.2377295,5.5877295,5.3877296,8.087729,9.747729,10.01773,11.59773,9.21773,11.237729,10.26773,9.60773,10.01773,9.26773,8.577729,8.037729,8.75773,7.5577297,7.7677293,7.2377295,8.167729,8.667729,8.077729,3.1177294,9.737729,9.81773,7.0377293,6.3677297,1.9577295,3.0277295,2.0877295,0.9377295,1.9177295,8.077729,6.4277296,5.0277295,7.5177293,5.4877295
8.92773,8.837729,9.247729,9.487729,8.97773,10.09773,9.63773,9.027729,9.527729,10.157729,9.60773,10.087729,10.43773,9.72773,10.127729,10.38773,8.987729,10.087729,10.5477295,10.85773,3.3277295,1.3077295,4.1277294,9.207729,11.00773,11.0477295,9.26773,9.077729,9.657729,8.087729,9.47773,9.50773,10.0477295,8.407729,7.2977295,8.38773,7.0177293,7.3477297,7.1577296,7.7077293,8.417729,7.8677297,1.3077295,8.64773,7.3477297,7.2577295,6.8877296,8.457729,7.8877296,1.4977295,7.5177293,7.2277293,6.5877295,7.0777297,5.3877296,5.2277293,4.6477294
7.4077296,8.0477295,9.43773,9.55773,9.197729,8.737729,8.127729,8.537729,9.55773,9.76773,9.5477295,9.64773,9.42773,9.01773,8.837729,9.17773,8.987729,9.35773,9.087729,8.667729,0.4777295,5.2577295,8.31773,7.2677293,6.7877293,9.867729,10.26773,8.497729,8.09773,8.087729,8.56773,9.087729,7.8377295,8.627729,7.1777296,7.6677294,6.1277294,6.3677297,6.8277297,7.4977293,7.6177297,7.9077296,0.03772949,0.9977295,3.2777295,6.4677296,6.5177293,6.8777294,1.7677295,5.2677293,5.3577294,5.2877293,5.7777295,6.0677295,6.3377295,6.0777297,4.6777296
7.0877295,7.7677293,9.18773,8.76773,8.10773,8.247729,8.34773,8.277729,8.867729,9.037729,8.35773,9.457729,8.457729,9.06773,8.747729,9.10773,8.85773,9.277729,8.487729,7.7777295,5.6677294,8.55773,9.05773,4.6077294,6.3677297,8.34773,4.8077297,6.0577297,8.207729,8.60773,8.59773,7.7677293,7.1277294,7.1077294,6.8577294,6.2377295,5.2277293,5.6477294,6.8077297,6.9477296,5.5477295,5.0777297,2.7477295,1.4077295,3.8677294,5.1177297,5.2377295,3.6477294,3.4977295,3.6577294,3.8277295,3.9177294,3.4577296,3.5377295,2.7277296,1.3077295,3.1777296
6.2677293,6.9877295,7.9977293,7.6477294,7.3677297,8.42773,8.487729,8.43773,8.417729,8.457729,8.577729,8.47773,8.247729,8.417729,8.38773,8.367729,8.197729,8.05773,7.5677295,6.9677296,7.2077293,6.5877295,6.5777297,-0.032270506,2.2477295,5.6877294,7.6877294,6.8277297,7.5077295,7.0977297,6.7677293,6.8577294,6.3177295,5.9577293,6.4177294,5.9177294,5.1777296,4.5877295,5.8877296,7.0477295,1.7377295,-2.0422704,-0.3722705,0.17772949,2.3877294,-0.38227051,-2.4922705,-1.3422705,1.0977294,1.2077295,2.2377295,2.1577294,2.4577296,2.8077295,2.5277295,2.0977294,2.6777296
4.8877296,5.8777294,6.6077294,7.4377294,7.7877293,8.197729,8.487729,7.9777293,8.25773,7.8877296,8.027729,8.2977295,7.7477293,8.197729,8.037729,8.14773,7.4577293,6.8377295,5.8677297,6.1477294,5.5277295,5.9877295,6.7777295,6.1377296,7.5977297,8.17773,7.3077297,6.4977293,6.3277297,6.0177293,6.1377296,5.9877295,5.2877293,5.8877296,5.5377293,5.0877295,4.2077293,3.3677294,3.6877296,0.047729492,1.2177294,-0.5422705,-0.47227052,0.7977295,-0.25227052,0.1977295,-0.05227051,0.027729493,0.6677295,1.0377295,0.7377295,1.1777295,2.1577294,2.9777296,1.9677294,2.1477294,2.9777296
3.6877296,6.0777297,6.8677297,7.1477294,6.9177294,7.2977295,6.8777294,6.6677294,7.3977294,7.1777296,7.3377295,8.10773,6.9877295,7.2477293,7.5077295,7.0677295,6.0977297,5.3177295,4.5077295,4.4677296,4.7277293,5.5977297,5.0277295,6.5277295,6.1577296,6.4277296,6.8677297,6.4377294,5.5577297,4.9177294,5.4877295,5.1977296,4.1077294,4.8577294,4.4377294,4.0477295,2.5377295,1.2277294,-3.4622705,-0.1622705,0.7277295,-0.2722705,0.2277295,-1.8322705,-0.5022705,0.6777295,0.4877295,0.027729493,-0.09227051,0.5877295,0.9177295,1.2977295,2.4177294,1.3777295,2.1477294,2.8977294,3.1877296
4.7977295,4.9577293,6.2577295,6.1477294,5.9177294,5.2177296,5.6377296,5.3077297,6.3677297,5.9277296,6.7477293,6.4977293,5.0577297,5.7477293,5.8477297,6.1177297,4.1477294,3.2777295,3.4277296,3.3077295,2.5477295,3.0577295,3.6277294,4.5777297,4.7977295,4.8777294,4.4877295,4.5377293,3.9577296,3.7177296,3.5777295,3.3877294,3.5577295,2.5177295,2.9377296,2.4077294,1.7877295,-0.2622705,-2.4122705,-3.0022705,-0.5622705,1.5077295,-1.5922705,-5.2222705,-1.3822705,-0.10227051,0.7577295,0.007729492,-0.3922705,0.14772949,0.9677295,0.9277295,2.5777295,2.3777294,2.9677296,2.7777295,2.5077295
3.9277296,3.0777295,4.2877293,4.1777296,4.0377293,3.9577296,4.4977293,4.1877294,5.2977295,4.4577293,3.9377296,3.7777295,3.6077294,3.9377296,3.6177294,2.9277296,1.6977295,1.3877295,1.1277295,0.6477295,1.1377295,0.7277295,1.9677294,2.0777295,2.5277295,2.8277295,2.2877295,2.6677294,3.3377295,3.0377295,1.9177295,1.5077295,1.9777294,1.5577295,1.1977295,0.2677295,-0.032270506,-1.2922705,-2.2422705,-1.7122705,-2.6122706,-0.23227051,1.2877295,-0.5222705,-1.8322705,-0.12227051,0.3877295,0.107729495,-1.1022705,0.007729492,1.0877295,1.3277295,1.7377295,2.6177294,2.5977294,1.9877295,-0.28227052
0.69772947,2.5577295,2.2777295,2.5877295,2.7577295,2.5277295,2.6677294,2.4677296,3.0477295,2.9177294,2.0077295,1.4877295,0.6077295,0.36772949,0.9277295,0.067729495,-0.4322705,-1.0022705,-0.5422705,-1.0422705,-1.5322706,-0.1422705,0.107729495,1.1577295,0.6577295,0.8177295,0.3577295,1.7277294,1.4177295,0.9877295,1.0977294,0.5277295,0.6177295,0.9777295,0.4777295,-0.44227052,-1.5322706,-2.3622706,-2.1222706,-2.3222704,-2.2422705,-2.8022704,0.2577295,0.2577295,-0.38227051,-1.0522705,-0.31227052,0.1977295,-2.2522705,-1.1322705,-0.3022705,0.5677295,1.6077294,0.2677295,1.5277295,-0.28227052,-0.24227051
0.69772947,1.1877295,0.3977295,0.9677295,1.3077295,1.4877295,0.5177295,0.9377295,1.2277294,1.0377295,0.2177295,-0.112270504,-0.5222705,-0.3622705,-0.7422705,-1.7322705,-1.9422705,-2.7322705,-2.2222705,-2.4322705,-1.6622705,-2.6522706,-1.6522706,-1.2122705,-0.7122705,-1.1422706,-0.8822705,-0.5022705,-0.20227051,-0.6622705,-0.3322705,-0.31227052,-0.3522705,-0.9722705,-0.9622705,-1.5022705,-1.6422706,-2.8522706,-3.3922706,-3.7122705,-2.8122704,-0.9122705,-1.2222705,0.82772946,-0.1922705,-0.3522705,-0.6522705,-0.7922705,-2.1522706,-2.1022706,-1.3722705,-0.5822705,-0.44227052,0.1677295,-0.23227051,-0.1722705,-0.1922705
-1.2322705,-0.61227053,-0.13227051,-0.2222705,0.03772949,-0.6422705,-0.7422705,-0.1622705,-0.80227053,-0.3322705,-0.6322705,-1.1122705,-0.4322705,-1.0822705,-1.1922705,-2.4322705,-3.4122705,-4.2722707,-3.7122705,-3.2122705,-3.3422706,-3.0622704,-2.9322705,-2.5922706,-2.5622704,-2.3122704,-2.0822706,-2.4722705,-1.7022705,-1.2722706,-1.0122705,-0.9022705,-1.8022705,-2.4922705,-1.4922705,-1.6722705,-2.2622705,-3.7022705,-3.5722704,-4.2922707,-3.4222705,-3.2022705,-2.8222704,-1.0522705,0.4277295,-0.3922705,-0.4022705,-2.1122706,-1.4522705,-2.4422705,-2.7722704,-2.2822704,-2.3622706,0.14772949,0.017729493,-0.5922705,-0.18227051
-2.0622704,-1.7722706,-1.5022705,-1.6922705,-1.3422705,-1.9522705,-1.9122705,-1.5922705,-1.8422705,-1.6222705,-1.3222705,-1.3122705,-1.2822706,-1.1822705,-1.6122705,-3.6222706,-5.3422704,-5.2322707,-4.9922705,-3.8922706,-4.3422704,-4.2122707,-4.9422703,-4.5222707,-4.0122705,-3.9922705,-2.9522705,-2.7722704,-3.2122705,-2.3922706,-2.6922705,-2.1522706,-2.8322706,-2.5422704,-3.1422706,-2.3022704,-2.6122706,-3.1122706,-4.0522704,-3.4822705,-4.5522704,-3.8322706,-0.92227054,-3.3022704,0.8077295,-0.55227053,-0.2922705,-0.8422705,-3.3822706,-3.9722705,-4.1522703,-4.2522707,-4.6222706,-0.2922705,-0.4922705,-0.3422705,0.2577295
-3.3222704,-2.8622706,-2.5922706,-2.6122706,-2.5622704,-2.9222705,-2.7322705,-2.3922706,-2.5722704,-1.8922706,-2.1622705,-1.7722706,-1.7622705,-2.1822705,-3.5122705,-5.4822707,-6.5022707,-5.6622705,-5.8122706,-5.5922704,-5.2422705,-5.8722706,-6.3622704,-6.0622706,-6.0922704,-5.3622704,-5.1822705,-4.9722705,-4.3922706,-4.0522704,-3.6922705,-3.6122706,-3.7922704,-3.7922704,-3.6722705,-4.0222707,-4.0222707,-3.6822705,-3.8622706,-4.0422707,-3.8022704,-4.2522707,-4.5622706,-4.6822705,-1.2622705,0.8077295,-0.4622705,-0.7222705,-2.3322706,-0.2922705,-4.9922705,-5.7122707,-5.4422703,-5.0922704,-1.0522705,-0.1922705,-0.5822705
-4.0022707,-3.6822705,-3.9522705,-3.8122704,-4.2122707,-4.0722704,-3.0722704,-3.5922706,-3.2422705,-2.8522706,-2.4222705,-1.8822705,-1.9322705,-3.3422706,-5.2622705,-6.7522707,-7.3422704,-6.7622705,-6.6122704,-6.4622707,-5.9722705,-7.0222707,-6.9022703,-6.8822703,-6.1722703,-5.6822705,-5.3022704,-5.4222703,-4.7022705,-4.7922707,-4.8122706,-5.2822704,-4.6622705,-6.3022704,-4.2922707,-4.6322703,-5.5022707,-4.8722706,-4.3822703,-4.3622704,-4.5122705,-4.5822706,-4.7422705,-4.7322707,-4.5622706,-0.9322705,-0.4622705,-0.8822705,-0.7522705,-2.2922704,-5.4122705,-2.3422706,-7.3722706,-7.4222703,-3.1122706,-1.7022705,-2.7522705
-4.9722705,-5.0522704,-4.7622705,-4.3222704,-4.6622705,-4.6822705,-4.1422706,-4.4922705,-3.6422706,-3.7722704,-3.6222706,-3.5022705,-3.9922705,-6.0522704,-7.3822703,-7.0922704,-8.502271,-8.012271,-7.7622705,-6.0122705,-5.9122705,-8.11227,-8.042271,-7.7822704,-7.6022706,-7.4922705,-7.6322703,-6.7322707,-7.0422707,-6.6922703,-6.2922707,-6.6322703,-5.6622705,-6.2722707,-5.8222704,-5.6622705,-5.8922706,-6.0422707,-5.2322707,-5.0222707,-5.2422705,-5.3422704,-4.9322705,-4.5622706,-4.8022704,-3.5522704,-0.55227053,-0.7622705,-0.9822705,-5.3422704,-6.9222703,-8.012271,-8.512271,-8.52227,-8.23227,-7.9922705,-8.222271
-5.2522707,-5.6322703,-5.6122704,-4.9822707,-5.3022704,-5.3022704,-4.5322704,-5.1322703,-4.3022704,-4.6022706,-5.3922706,-5.6122704,-7.2922707,-7.5322704,-8.172271,-7.7022705,-8.172271,-7.8922706,-7.9122705,-8.262271,-7.6622705,-8.32227,-9.042271,-8.752271,-8.48227,-8.35227,-8.372271,-8.24227,-7.3122706,-7.0322704,-7.0722704,-7.6122704,-6.5322704,-6.5422707,-6.8222704,-6.3622704,-6.7522707,-6.4922705,-6.9622707,-6.3122706,-6.1322703,-5.3122706,-6.0922704,-6.3322706,-6.0622706,-5.2222705,-4.2522707,-0.5422705,-0.5022705,-4.4922705,-7.5422707,-9.06227,-8.40227,-8.27227,-8.422271,-8.962271,-8.872271
-5.4622707,-6.0822706,-6.0222707,-5.5022707,-5.6522703,-5.9622707,-5.2622705,-5.0422707,-5.9422703,-6.5022707,-7.4422703,-8.18227,-8.44227,-9.35227,-8.65227,-8.39227,-8.43227,-8.722271,-9.74227,-9.502271,-8.832271,-8.82227,-9.07227,-9.60227,-9.222271,-8.462271,-9.052271,-7.5522704,-7.9122705,-7.6122704,-7.6322703,-7.6622705,-7.1522703,-6.8122706,-6.9122705,-7.5922704,-7.4722705,-7.2822704,-7.1822705,-6.8622704,-6.4622707,-6.9922705,-7.4322705,-7.7322707,-6.9622707,-6.6822705,-5.9622707,-6.0522704,-4.2322707,-1.6122705,-4.0422707,-5.5722704,-4.2022705,-8.48227,-7.3622704,-8.722271,-10.132271
-6.1222706,-6.3022704,-6.3322706,-6.0922704,-6.1622705,-6.0222707,-6.1622705,-6.5222707,-6.8422704,-7.9922705,-8.93227,-9.382271,-10.24227,-10.31227,-9.622271,-8.802271,-9.012271,-8.60227,-9.802271,-9.222271,-9.922271,-9.35227,-9.69227,-9.27227,-9.11227,-8.65227,-8.56227,-8.89227,-8.472271,-8.132271,-8.57227,-8.35227,-8.002271,-6.8122706,-6.6422706,-6.7222705,-7.7822704,-7.9422703,-7.6622705,-7.8322706,-7.1122704,-7.0822706,-8.132271,-8.802271,-8.39227,-7.9122705,-7.7322707,-7.1522703,-6.9722705,-6.4622707,0.43772948,-0.2722705,-0.1422705,-0.5122705,-1.4422705,-0.12227051,-2.6022706
-6.9122705,-7.0622706,-6.5022707,-6.4022703,-6.4422703,-6.1822705,-7.1822705,-8.052271,-8.35227,-8.60227,-9.14227,-9.73227,-10.172271,-10.19227,-10.002271,-9.60227,-8.85227,-9.2022705,-9.82227,-10.162271,-9.842271,-10.27227,-10.2022705,-9.52227,-8.36227,-8.302271,-8.762271,-8.222271,-8.622271,-8.98227,-8.252271,-9.49227,-9.042271,-7.4522705,-6.1222706,-6.6622705,-7.0722704,-7.5622706,-8.24227,-8.78227,-8.48227,-8.2022705,-8.61227,-9.64227,-9.06227,-8.802271,-8.542271,-7.9722705,-8.212271,-7.5722704,-8.24227,-7.9822707,-7.2322707,-4.6122704,-1.2622705,-0.3622705,-0.21227051
-7.3322706,-7.4022703,-6.9622707,-6.9422703,-6.0022707,-6.7822704,-7.3922706,-8.27227,-9.23227,-9.212271,-9.382271,-10.052271,-10.372271,-10.372271,-10.65227,-10.672271,-10.122271,-9.962271,-9.972271,-10.4522705,-10.69227,-10.48227,-9.672271,-8.82227,-8.52227,-8.4522705,-8.49227,-8.542271,-8.74227,-8.56227,-8.382271,-9.31227,-9.372271,-8.81227,-7.7122707,-6.9222703,-7.7522707,-7.3122706,-8.092271,-8.74227,-8.422271,-8.422271,-9.40227,-9.43227,-9.582271,-9.092271,-8.712271,-9.24227,-8.592271,-8.9522705,-9.042271,-8.69227,-7.9322705,-7.8322706,-7.9322705,-6.8022704,-5.7222705
-7.8422704,-7.7422705,-7.5522704,-6.5522704,-6.6922703,-6.8522706,-7.7422705,-8.85227,-9.552271,-9.61227,-9.57227,-10.162271,-10.302271,-10.69227,-10.73227,-11.092271,-10.53227,-10.712271,-11.14227,-10.832271,-11.632271,-10.89227,-10.882271,-9.9522705,-9.77227,-9.372271,-9.4522705,-9.35227,-9.252271,-8.68227,-8.422271,-9.56227,-9.27227,-9.23227,-8.972271,-8.132271,-7.9922705,-8.39227,-8.06227,-8.4522705,-7.8622704,-8.372271,-8.65227,-8.86227,-8.65227,-9.162271,-8.74227,-8.68227,-9.23227,-8.502271,-8.332271,-8.40227,-8.662271,-8.10227,-8.302271,-7.0822706,-7.2322707
-7.5722704,-7.9222703,-7.6722703,-6.8822703,-7.3322706,-7.9622707,-8.35227,-8.81227,-9.832271,-9.672271,-10.082271,-10.332271,-10.60227,-11.28227,-10.972271,-11.002271,-11.172271,-10.77227,-10.98227,-11.252271,-11.65227,-11.86227,-11.292271,-10.802271,-10.02227,-10.36227,-10.24227,-10.132271,-9.832271,-9.962271,-10.02227,-10.03227,-10.082271,-9.32227,-8.14227,-8.302271,-8.592271,-8.32227,-8.722271,-7.4422703,-6.9022703,-9.002271,-7.8522706,-8.882271,-8.422271,-8.74227,-7.7222705,-6.4322705,-7.9222703,-8.372271,-8.292271,-8.092271,-6.8022704,-8.252271,-7.0822706,-7.8822703,-7.6322703
-8.57227,-8.07227,-7.8922706,-7.9122705,-7.8822703,-8.552271,-8.85227,-9.28227,-10.042271,-9.03227,-9.792271,-10.64227,-10.90227,-11.342271,-11.24227,-11.07227,-11.15227,-11.262271,-10.99227,-10.73227,-10.94227,-11.03227,-11.002271,-11.60227,-11.302271,-11.052271,-11.23227,-10.57227,-10.02227,-10.39227,-10.7022705,-10.18227,-9.65227,-9.19227,-9.172271,-9.14227,-7.8622704,-7.9522705,-8.15227,-7.5722704,-6.3122706,-7.9122705,-6.8622704,-7.6422706,-7.7522707,-7.2022705,-6.3922706,-3.5522704,-5.9922705,-7.4622707,-8.90227,-7.9422703,-7.0022707,-5.8322706,-5.9222703,-7.3622704,-7.4322705
-8.28227,-9.002271,-8.53227,-8.7022705,-8.98227,-9.15227,-9.35227,-9.922271,-9.632271,-8.842271,-9.7022705,-10.52227,-11.052271,-11.422271,-11.332271,-10.912271,-10.722271,-11.02227,-10.962271,-10.14227,-10.4522705,-10.832271,-10.82227,-11.132271,-11.73227,-10.85227,-10.4522705,-10.002271,-9.74227,-10.002271,-10.24227,-10.19227,-9.82227,-9.52227,-8.462271,-8.372271,-8.28227,-7.3022704,-8.31227,-7.4622707,-5.9322705,-6.6622705,-6.8422704,-6.6622705,-8.252271,-7.3722706,-6.7522707,-3.1622705,-4.7722707,-6.8822703,-8.06227,-6.4122705,-6.9922705,-6.6122704,-5.0122705,-6.2722707,-6.0522704
