json/gfs_20240718_12.json
{"header": { "discipline":0, "disciplineName":"Meteorological products", "gribEdition":2, "gribLength":79978, "center":7, "centerName":"US National Weather Service - NCEP(WMC)", "subcenter":0, "refTime":"2024-07-18T12:00:00.000Z", "significanceOfRT":1, "significanceOfRTName":"Start of forecast", "productStatus":0, "productStatusName":"Operational products", "productType":1, "productTypeName":"Forecast products", "productDefinitionTemplate":0, "productDefinitionTemplateName":"Analysis/forecast at horizontal level/layer at a point in time", "parameterCategory":2, "parameterCategoryName":"Momentum", "parameterNumber":2, "parameterNumberName":"U-component_of_wind", "parameterUnit":"m.s-1", "genProcessType":2, "genProcessTypeName":"Forecast", "forecastTime":0, "surface1Type":103, "surface1TypeName":"Specified height level above ground", "surface1Value":10.0, "surface2Type":255, "surface2TypeName":"Missing", "surface2Value":0.0, "gridDefinitionTemplate":0, "gridDefinitionTemplateName":"Latitude_Longitude", "numberPoints":65160, "shape":6, "shapeName":"Earth spherical with radius of 6,371,229.0 m", "gridUnits":"degrees", "resolution":48, "winds":"true", "scanMode":0, "nx":360, "ny":181, "basicAngle":0, "lo1":0.0, "la1":90.0, "lo2":359.0, "la2":-90.0, "dx":1.0, "dy":1.0 }, "data":
[rows 52 to 77 of 181, columns 57 to 113 of 360]
2.4896557,-0.5703442,2.5196557,4.049656,3.4296558,3.5996559,3.3396559,4.5996556,2.5896559,3.4496558,6.4496555,3.6496558,0.36965576,4.1196556,2.9996557,3.0696557,8.859655,11.249656,-1.2703443,-3.6603441,-3.3803442,-2.1703444,-5.220344,-2.5803442,-1.3803443,4.439656,1.3396558,2.1196558,-2.9903443,-3.3203442,-0.5003442,-0.15034424,-1.5103443,-2.8703442,-5.7503443,-2.2903442,2.1696558,-3.5203443,2.4496558,-2.3703442,-0.29034424,-1.2503443,-3.6503441,-1.9203442,-0.15034424,4.839656,0.84965575,-10.180345,-4.0703444,-4.310344,-0.84034425,-2.3903441,-3.6203442,-2.0703442,-2.1203442,1.2496557,-3.1003442
1.9596558,-2.1603441,-3.7203443,1.7596557,1.8296558,0.91965574,1.2296557,1.8796557,0.71965575,3.9296558,8.619656,7.8696556,5.799656,3.6596558,4.3296556,3.9396558,2.7396557,0.72965574,0.11965576,-0.64034426,0.38965577,-0.31034425,1.2596557,9.829656,1.7296557,5.569656,5.939656,0.9996558,0.6796558,0.15965576,2.5596557,-6.8803444,-4.530344,-7.6303444,-2.3603442,-3.3303442,0.20965576,-0.29034424,-0.42034423,0.60965574,0.8196558,0.41965577,-2.1803443,-3.0403442,-3.6603441,-1.9003443,-0.030344239,-2.8503442,-6.2303443,-5.700344,-2.5803442,-0.08034424,-4.330344,-1.4603442,-1.2503443,-0.34034425,-1.7903442
-0.72034425,0.73965573,-7.6903443,-5.030344,-0.85034424,0.09965576,0.8796558,-2.9503443,-0.92034423,0.60965574,1.9996557,3.7896557,1.5596558,1.9696558,3.7796557,4.4796557,0.66965574,2.6496558,0.5096558,1.6296557,2.5596557,4.8896556,-0.51034427,-0.8203442,-1.5403442,2.4496558,-0.19034424,0.77965575,1.4396558,-2.2003443,-3.2003443,-3.9703443,-4.780344,-3.5303442,-0.23034424,-7.100344,-5.7103443,-1.4203442,0.22965576,-3.1903443,0.9296558,-1.1803442,0.17965576,-1.0303442,-2.8303442,-1.4703442,-2.0003443,-3.0503442,-3.4803443,-2.2503443,-4.1103444,-1.7003442,-1.2203442,-0.5503442,-1.0103443,-1.0203443,0.07965576
0.15965576,-0.47034425,-5.720344,-7.580344,-3.7603443,-3.9403443,-3.4003441,2.6296558,0.5596558,2.8496559,-4.0703444,-1.4003443,0.53965575,-0.54034424,-2.4403443,0.39965576,1.4196558,0.58965576,2.6696558,-0.19034424,1.5596558,3.3996558,7.299656,10.339656,11.859655,8.039656,6.379656,-0.6303442,6.529656,4.0196557,-3.2603443,0.27965575,3.0696557,4.0396557,2.6396558,-3.0003443,-3.5103443,-1.0703442,-4.2703443,-3.6103442,-3.5503442,-2.2603443,0.28965577,-1.2203442,-0.77034426,-0.61034423,-0.89034426,-2.4303443,-3.4403443,-2.0203443,-3.4423827E-4,-2.8403442,-1.3103442,-2.5203443,-2.1203442,-1.3303442,-1.2303443
-5.310344,2.6796558,-4.890344,-6.930344,-3.9003441,-6.310344,-3.4403443,0.059655763,3.8696558,4.339656,3.7396557,2.5296557,-0.24034424,-0.36034423,-2.4303443,-0.73034424,2.7496557,0.9496558,-1.1303443,3.4096558,3.3996558,7.2896557,8.949656,10.299656,9.079656,5.339656,6.189656,5.9996557,7.5596557,-4.0703444,1.5796558,7.9496555,3.2596557,1.7096558,-1.1003442,-2.5303442,-2.5103443,-1.1003442,-1.1203443,0.78965575,1.9296558,2.8496559,-1.8003442,-3.0303442,-1.0803442,-0.6903442,0.39965576,-1.9503442,-1.7903442,-0.10034424,-0.27034423,0.73965573,-0.33034423,-1.3803443,-0.05034424,0.37965575,-1.2403443
1.3896557,1.7596557,-3.9903443,-3.7803442,0.13965577,1.6596558,1.5296558,1.4696558,0.20965576,3.2896557,3.5996559,-0.32034424,1.4496558,0.25965577,1.4596558,-2.6003442,-1.2103442,3.5496557,1.3696557,0.91965574,3.2196558,7.4296556,10.599656,12.499656,9.139656,7.919656,6.719656,-3.1603441,6.009656,-4.0503445,3.1196558,2.3196557,1.4996557,-3.8803442,-3.2603443,0.11965576,1.2996558,6.239656,-0.27034423,-0.86034423,0.8096558,-0.37034425,-0.61034423,-0.95034426,-2.5103443,-1.7603443,-2.4903443,-1.0903442,-1.7503443,0.60965574,-0.52034426,-1.3103442,0.03965576,0.019655762,0.35965577,-0.17034423,1.4296558
-0.97034425,-1.5203443,1.6296557,-5.810344,3.5196557,6.7296557,1.9296558,1.1896558,3.7796557,1.3996558,5.5796556,2.3296556,-10.020344,-4.5503445,-4.8603444,-3.8803442,-3.5803442,-0.9303442,-0.83034426,-2.7803442,1.2596557,2.8296556,5.4296556,8.369656,9.449656,8.379656,3.9296558,1.5396558,-4.7503443,1.3896557,-1.8103442,2.1896558,0.23965576,-5.680344,-2.4803443,-1.9603442,1.4096558,1.1996558,-0.35034424,-1.7003442,-0.30034423,0.58965576,-0.37034425,-1.3603443,-0.98034424,-0.58034426,-1.4903443,-0.73034424,-0.77034426,-1.1503443,-1.2503443,-0.15034424,0.49965575,0.44965577,0.32965577,-0.43034422,0.23965576
-3.1103442,0.58965576,4.509656,-3.5403442,0.06965576,7.189656,5.1196556,0.96965575,0.07965576,1.0496558,3.7896557,6.209656,2.8596559,-3.6403441,1.4296558,-8.960344,-0.23034424,-1.6303443,1.7696557,-0.7503442,1.0996557,1.1496558,3.7696557,4.299656,3.6396558,6.959656,3.4796557,0.9296558,-0.05034424,7.3496556,3.3996558,2.5596557,-0.8703442,4.319656,-0.24034424,0.8796558,-1.1003442,-0.30034423,0.66965574,-0.20034423,1.1296557,-0.8703442,0.0096557615,-1.0703442,-0.70034426,-1.5603442,-0.84034425,-3.1603441,-1.7003442,-3.0603442,-2.0103443,-1.2703443,-2.1403441,0.029655762,0.42965576,-1.1203443,-0.73034424
-0.5703442,-0.27034423,3.4096558,3.4696558,-2.2103443,7.649656,8.409656,8.449656,5.3496556,7.239656,2.6996558,0.38965577,4.2296557,-2.1303442,-2.8403442,-3.3303442,-3.5903442,-1.8503442,-1.8103442,0.24965577,-3.0703442,-2.4503443,1.4496558,0.38965577,1.6996558,0.82965577,4.899656,0.9296558,1.4796557,2.8596559,3.1896558,0.19965576,-0.31034425,0.72965574,-0.28034425,-1.4003443,-2.4103441,-1.2303443,-1.7203442,1.7196558,2.3596559,-1.1703442,-0.10034424,0.36965576,-0.8803442,-1.2803442,-0.98034424,-1.5003443,0.029655762,0.9396558,-1.7803442,-2.2703443,-1.3103442,-0.44034424,1.7396557,-0.36034423,0.47965577
-0.32034424,-4.8603444,0.8796558,6.109656,-1.3203442,3.5996559,6.5196557,7.719656,7.299656,7.5196557,-1.5003443,-3.3903441,-2.9903443,3.0096557,-2.6703444,-2.2703443,-3.9303443,-4.600344,-5.580344,-5.310344,4.109656,-2.6503441,-2.8403442,-1.7103442,0.52965575,0.9996558,2.2796557,2.4196558,0.9496558,2.1396558,4.629656,3.6896558,-2.5003443,1.1796558,-0.6903442,-2.2403443,-2.1403441,-1.2303443,0.58965576,0.71965575,1.1796558,-1.2303443,0.27965575,0.59965575,-0.59034425,-1.0103443,-1.1303443,-0.20034423,-1.2503443,-0.08034424,-2.2003443,-1.0103443,0.0096557615,0.19965576,0.54965574,-1.6103443,0.49965575
0.91965574,2.1096559,-2.2803442,0.6196558,-3.5503442,-2.2803442,1.1796558,4.779656,10.669656,7.5396557,-4.5503445,-5.3203444,-2.6603441,-2.1503441,-1.1803442,-0.46034423,-0.35034424,-2.3703442,-4.5203443,-1.7103442,-2.0803442,1.6896558,-4.100344,-2.3103442,-3.4503443,-0.12034424,0.45965576,-0.28034425,0.60965574,0.6796558,0.88965577,1.5296558,0.19965576,0.70965576,-0.60034424,1.3396558,-0.8203442,-0.31034425,-0.5003442,-0.13034424,0.14965576,0.09965576,1.1396557,0.43965575,-0.72034425,0.29965577,-0.46034423,-0.67034423,-0.6903442,-3.0403442,-1.9603442,-1.4203442,0.15965576,0.0096557615,-0.64034426,0.71965575,0.51965576
4.4496555,-4.600344,-2.6103442,2.2296557,4.459656,-3.4603443,-1.1803442,2.6696558,4.5596557,0.59965575,-0.37034425,-6.450344,-2.3603442,-0.5503442,0.25965577,-0.9303442,-2.4403443,-2.2403443,-6.0703444,-2.1903443,0.6796558,-2.0603442,-2.4603443,-4.4003444,-2.3403442,-3.8803442,-3.2503443,-2.0403442,-1.5103443,-2.0603442,0.5096558,0.65965575,0.27965575,0.16965576,-0.16034424,-0.10034424,-0.060344238,-1.7503443,-1.2003442,-0.29034424,-0.13034424,-0.12034424,1.2596557,-0.70034426,-1.1503443,0.12965576,-0.78034425,-0.66034424,-0.010344238,-1.2503443,-0.32034424,0.54965574,-0.83034426,-0.23034424,-1.6303443,-0.47034425,0.41965577
-2.1603441,4.759656,3.1996558,2.4596558,1.9196558,7.089656,1.7196558,4.919656,4.9096556,-10.680345,6.1996555,-1.8803443,-1.6903442,-1.1003442,-1.2703443,-7.060344,0.9996558,-3.6803443,4.899656,2.0796556,-4.100344,-2.2403443,-1.8303442,-3.5103443,-3.0203443,-4.040344,-2.8503442,-2.4403443,-3.2103443,-3.7703443,-2.8803442,-3.3503442,-2.7003443,-0.66034424,-2.0603442,-0.9903442,-0.34034425,0.6896558,0.12965576,0.029655762,-0.07034424,-0.5503442,0.9996558,0.35965577,-0.84034425,-0.7503442,-0.08034424,-2.3403442,-1.2003442,-2.0203443,-1.8103442,0.43965575,-0.53034425,-1.6303443,1.9096558,-0.32034424,-0.090344235
-4.780344,-3.4703443,-2.7303443,-0.67034423,2.3496559,3.8396559,6.4796557,5.529656,7.319656,8.729656,7.2696557,7.6196556,-0.15034424,-1.6503443,0.8196558,1.5396558,-2.4803443,4.0796556,-0.20034423,-1.1403443,-1.1103443,-2.4903443,-2.1003442,-3.0803442,-1.8303442,-2.6303442,-4.3603444,-2.0303442,-3.0003443,-4.1703444,-2.7903442,-1.4403442,-3.5103443,0.73965573,0.17965576,0.48965576,-0.46034423,0.019655762,0.8696558,0.27965575,0.58965576,0.65965575,-0.29034424,0.31965578,-0.10034424,-0.42034423,-1.0903442,-2.3703442,-1.5203443,0.45965576,-1.4603442,-0.89034426,-3.4423827E-4,-0.7503442,-0.67034423,-1.3103442,-0.35034424
-3.4703443,-5.9403443,-5.040344,-2.7203443,0.36965576,3.6396558,2.7096558,4.319656,6.1196556,7.779656,8.169656,9.429656,8.169656,-2.3503442,0.47965577,-3.3503442,-0.97034425,0.6796558,2.0696557,1.0796558,2.1996558,-2.1403441,-0.010344238,-1.3403442,-2.4303443,-1.7103442,-3.0403442,0.019655762,-3.0603442,-2.4103441,-3.4503443,-2.9103441,-2.3703442,2.3396559,-1.0003443,0.9296558,-0.77034426,-0.8103442,-0.23034424,0.11965576,0.82965577,0.8196558,0.22965576,0.06965576,0.17965576,-0.8103442,-1.8203442,-2.6803443,-1.9703442,-1.3003442,-1.4703442,-0.51034427,-1.4903443,-2.3303442,-0.97034425,-0.61034423,-0.47034425
5.0396557,-5.470344,-2.1003442,-5.310344,0.06965576,3.8696558,3.4296558,3.0696557,5.0596557,8.249656,4.799656,8.319655,8.079656,0.53965575,-2.6803443,-3.3103442,-1.6903442,0.6796558,2.1896558,2.7396557,1.8896557,3.5796556,2.4296558,-1.7903442,-2.9303443,-2.3003442,-0.46034423,-2.7203443,-4.1303444,-2.4903443,-4.370344,-3.6803443,-2.6203442,-2.4403443,0.82965577,1.5796558,-0.35034424,0.49965575,-0.27034423,-0.90034425,0.45965576,-0.060344238,-0.54034424,1.0396558,-1.0603442,-1.2803442,-1.1403443,-0.7403442,-0.54034424,-1.4303442,-2.5303442,-2.9003441,-1.7303443,-1.4603442,-4.620344,-1.8603443,-1.0303442
5.819656,6.089656,0.6296558,-2.3003442,2.7096558,3.3796558,2.3596559,2.7596557,5.6996555,5.959656,4.8096557,7.8296556,6.2296557,7.009656,4.4496555,-5.910344,-1.0103443,2.4196558,3.3796558,2.9996557,2.5396557,2.5496557,-1.4503442,0.8196558,-1.6503443,-2.0703442,-3.6603441,-3.0303442,-3.4403443,-3.0703442,-4.310344,-8.230344,-8.470345,-6.430344,-3.9603443,0.71965575,-0.35034424,0.7596558,-1.0303442,-1.3203442,0.83965576,0.15965576,-0.07034424,-0.36034423,-0.61034423,-0.29034424,-0.83034426,-1.9003443,-0.58034426,-0.90034425,-0.58034426,-1.5003443,-4.530344,-4.1103444,-1.9603442,-1.7103442,-2.8103442
4.2496557,5.2496557,-3.3203442,1.6496558,2.4496558,1.9396558,2.9096558,5.7896557,6.259656,7.2696557,8.509656,9.599656,11.499656,11.939655,8.769656,9.389656,3.8596559,6.629656,5.469656,5.569656,4.6396556,2.3996558,2.0596557,-0.30034423,-0.47034425,-3.2103443,-2.3503442,-2.7303443,-5.720344,-7.200344,-8.470345,-9.850345,-9.2603445,-8.180345,-7.1303444,-6.640344,-0.49034423,-0.7403442,-1.2303443,-1.4903443,-0.18034424,0.12965576,-0.92034423,0.059655763,0.34965575,-0.13034424,-0.7403442,-1.1403443,-0.43034422,-2.7703443,-2.3203442,-7.760344,-9.040344,-4.890344,-8.890345,-6.740344,-6.410344
5.7696557,2.6196558,1.2196558,1.4196558,3.6096559,5.3296556,7.609656,8.169656,8.839656,8.769656,9.499656,9.839656,10.939655,11.929656,11.129656,11.649655,3.2696557,8.049656,8.759656,6.8696556,5.239656,3.7596557,4.2696557,2.1696558,0.63965577,-1.4103442,-1.5303442,-1.7003442,-2.5503442,-5.9203444,-7.680344,-8.850345,-7.830344,-7.2303443,-6.6503444,-5.6703444,-4.3403444,-0.58034426,-2.5803442,-2.0503442,0.41965577,-0.38034424,-0.77034426,-0.31034425,-0.31034425,0.22965576,0.03965576,-1.0203443,-1.1703442,-4.180344,-6.910344,-2.4703443,-7.5503445,-5.510344,-6.3403444,-7.3803444,-6.720344
-1.6803442,6.0196557,7.419656,6.7296557,6.6596556,8.049656,8.419656,9.119656,9.629656,10.159656,10.619656,11.329656,11.429656,12.699656,12.559656,10.969656,7.4996557,7.1596556,8.839656,8.349656,7.089656,5.859656,4.899656,2.1096559,0.83965576,0.9396558,1.3496557,-0.78034425,-2.8603442,-4.310344,-6.2303443,-6.430344,-3.3503442,-1.8003442,-1.9503442,0.6996558,-0.24034424,-1.4603442,-2.1703444,-0.9403442,1.2996558,0.03965576,-0.52034426,-0.44034424,-1.1603442,-0.44034424,-0.15034424,-0.04034424,-1.3903443,-3.9703443,-4.180344,-5.260344,-1.1103443,-0.53034425,-4.950344,-5.620344,-5.350344
10.669656,11.449656,13.549656,12.179656,10.449656,10.779655,11.299656,10.7396555,11.299656,11.419656,12.199656,12.149655,11.379656,12.209656,12.359655,10.299656,6.7896557,3.0596557,4.9496555,8.229656,8.789656,6.439656,7.1396556,3.8596559,0.9996558,0.7596558,0.45965576,6.009656,7.899656,8.109655,5.129656,4.219656,4.529656,4.189656,8.229656,9.009656,6.6996555,2.3596559,1.2596557,-1.0903442,-0.59034425,0.6896558,0.84965575,-0.37034425,1.6696558,-0.73034424,0.7496558,-2.2603443,-0.7403442,-0.6903442,-4.350344,-5.7503443,-7.6903443,-3.1803443,-4.580344,-3.4003441,-4.310344
11.379656,13.019656,14.559656,14.249656,13.299656,12.929656,13.049656,13.119656,11.879656,12.079656,13.009656,12.879656,12.319655,12.259656,12.569655,11.899655,10.649655,5.379656,5.969656,9.379656,7.959656,7.9796557,7.459656,3.9296558,5.419656,4.339656,9.9896555,8.439655,9.829656,10.199656,9.779655,10.249656,10.049656,8.899655,9.359655,9.179656,6.649656,5.969656,1.6996558,0.5696558,-0.70034426,-0.34034425,1.8396558,-0.5703442,0.83965576,0.21965577,1.0796558,-0.13034424,-0.86034423,-0.11034424,-1.9803443,-3.0403442,-3.1803443,-3.5903442,-0.8103442,-3.4603443,-3.5403442
11.839656,12.959656,14.549656,14.069655,14.569655,14.179656,14.259656,13.109655,12.929656,13.029655,12.729656,13.229656,13.559656,13.4896555,12.929656,12.389656,12.079656,3.7596557,7.419656,8.569655,7.489656,8.939655,7.7496557,6.029656,2.5196557,9.139656,10.759656,11.499656,13.189655,14.409656,14.159656,12.4896555,10.549656,11.079656,11.229656,9.679656,7.8296556,7.5996556,3.0696557,5.8896556,4.529656,0.33965576,1.3396558,0.59965575,0.70965576,3.0396557,5.239656,1.5596558,2.0596557,-0.23034424,0.44965577,0.66965574,0.0096557615,-0.46034423,-1.9503442,-3.1003442,-3.0803442
10.589656,13.299656,14.629656,14.519656,14.289656,14.679656,13.379656,14.159656,12.9896555,12.7396555,12.369656,13.149655,13.769656,13.669656,12.969656,11.959656,12.249656,9.339656,5.509656,8.539656,8.9896555,9.619656,8.479656,9.089656,11.339656,11.079656,12.379656,12.149655,12.7396555,13.269656,12.9896555,11.9896555,10.609655,10.799656,9.839656,7.719656,8.249656,7.419656,6.5796556,6.6396556,7.4296556,0.23965576,1.7596557,4.0796556,1.7996558,4.009656,2.1096559,1.6496558,0.79965574,-0.79034424,-0.42034423,1.0796558,2.5796556,-0.24034424,-0.8003442,0.8696558,-0.8103442
12.319655,13.929656,14.029655,14.789656,14.679656,14.019656,12.889656,12.509656,12.379656,12.479656,11.849656,12.709656,13.509656,13.339656,13.679656,12.399655,11.779655,10.589656,4.3496556,7.609656,8.609655,8.689655,9.539656,6.2496557,7.7496557,10.569655,11.359655,11.329656,12.899655,12.859655,13.109655,10.849656,11.419656,9.719656,10.039656,9.169656,7.9096556,7.2296557,7.259656,8.029655,8.059656,5.149656,1.2396557,4.989656,2.2196558,1.6396557,1.0796558,0.6296558,0.54965574,0.019655762,0.78965575,2.3096557,2.4396558,4.109656,1.4696558,2.4396558,0.8196558
11.729656,12.789656,13.729656,13.139656,13.309656,13.129656,12.229656,11.849656,11.629656,12.519656,12.259656,11.899655,12.349656,12.7396555,12.649655,12.109655,11.259656,10.749656,5.009656,8.319655,6.319656,7.989656,7.209656,6.6196556,11.169656,11.149655,11.439655,11.299656,11.449656,13.169656,12.9896555,11.679656,10.629656,10.359655,11.179656,7.919656,7.489656,7.459656,7.899656,7.6196556,7.379656,7.5396557,1.5796558,2.6796558,6.7696557,-0.36034423,1.5996557,3.8996558,0.90965575,1.2796558,1.1896558,0.39965576,2.5796556,-0.32034424,3.3196557,4.8296556,2.4996557
