json/gfs_20240723_00.json
{"header": { "discipline":0, "disciplineName":"Meteorological products", "gribEdition":2, "gribLength":79393, "center":7, "centerName":"US National Weather Service - NCEP(WMC)", "subcenter":0, "refTime":"2024-07-23T00:00:00.000Z", "significanceOfRT":1, "significanceOfRTName":"Start of forecast", "productStatus":0, "productStatusName":"Operational products", "productType":1, "productTypeName":"Forecast products", "productDefinitionTemplate":0, "productDefinitionTemplateName":"Analysis/forecast at horizontal level/layer at a point in time", "parameterCategory":2, "parameterCategoryName":"Momentum", "parameterNumber":3, "parameterNumberName":"V-component_of_wind", "parameterUnit":"m.s-1", "genProcessType":2, "genProcessTypeName":"Forecast", "forecastTime":0, "surface1Type":103, "surface1TypeName":"Specified height level above ground", "surface1Value":10.0, "surface2Type":255, "surface2TypeName":"Missing", "surface2Value":0.0, "gridDefinitionTemplate":0, "gridDefinitionTemplateName":"Latitude_Longitude", "numberPoints":65160, "shape":6, "shapeName":"Earth spherical with radius of 6,371,229.0 m", "gridUnits":"degrees", "resolution":48, "winds":"true", "scanMode":0, "nx":360, "ny":181, "basicAngle":0, "lo1":0.0, "la1":90.0, "lo2":359.0, "la2":-90.0, "dx":1.0, "dy":1.0 }, "data":
[rows 130 to 155 of 181, columns 240 to 299 of 360]
3.591233,3.411233,2.411233,1.8712329,1.1712329,2.481233,3.7712328,2.0012329,2.0512328,-0.6887671,-1.1787671,-2.6987672,-2.158767,-2.378767,-2.578767,-1.088767,-0.8187671,0.9012329,2.971233,3.7712328,2.921233,4.951233,2.371233,1.5512329,-11.038767,-10.6087675,-9.988767,-9.298767,-8.158767,-6.3887672,-5.318767,-3.2087672,-3.2087672,-2.048767,-1.5787671,-1.2787671,-0.1987671,1.0912329,1.9912329,2.871233,4.021233,3.5012329,5.241233,6.021233,7.781233,7.491233,-0.6887671,1.1812329,-0.2887671,0.6312329,1.021233,-2.2387671,1.0112329,-1.5687671,-3.778767,-3.788767,-4.028767,-3.7287672,-4.708767,-4.198767
5.681233,3.901233,2.0412328,0.5612329,0.5112329,0.3712329,1.021233,2.0112329,1.5012329,0.23123291,-2.318767,-3.278767,-3.418767,-2.9887671,-2.798767,-2.608767,-2.1887672,-0.57876706,1.151233,3.201233,3.461233,4.831233,2.141233,2.2712328,3.391233,-10.428767,-11.478767,-10.978767,-9.948767,-8.428767,-6.5587673,-5.128767,-4.068767,-3.7387671,-2.858767,-1.7387671,-1.2387671,-0.57876706,-0.09876709,0.67123294,1.6912329,2.711233,4.1512327,5.811233,6.201233,7.1712327,-0.17876709,0.7112329,-0.4487671,0.15123291,-0.20876709,-1.108767,1.791233,1.4812329,0.38123292,0.7012329,-2.808767,-1.5287671,-1.3987671,-1.8787671
8.921233,8.591233,5.391233,2.151233,-0.5987671,-2.118767,-1.6587671,-0.6487671,-0.3187671,-0.2287671,-1.348767,-2.798767,-3.408767,-3.6887672,-4.188767,-4.018767,-2.548767,-2.518767,0.4212329,1.2412329,1.6812329,3.131233,4.251233,1.9212329,2.161233,1.9812329,-11.088767,-11.958767,-11.678767,-10.728767,-9.588767,-7.878767,-6.508767,-5.398767,-3.9687672,-3.168767,-1.9287671,-1.728767,-1.2887671,-1.0587671,-0.42876709,1.5712329,2.141233,4.281233,5.201233,7.071233,-1.1387671,8.401233,1.541233,0.3412329,-0.9887671,0.9412329,1.021233,-1.7887671,-1.858767,-1.1187671,-0.9287671,-1.358767,0.6612329,1.041233
8.991233,9.921233,8.011233,7.4412327,4.771233,-0.63876706,-4.718767,-3.768767,-2.618767,-3.148767,-3.0087671,-1.8687671,-3.388767,-4.408767,-4.278767,-4.158767,-3.128767,-1.458767,-0.4887671,0.8812329,1.891233,1.5112329,2.421233,1.1312329,0.8812329,1.2612329,0.8512329,-12.248767,-12.408767,-12.728767,-11.988767,-11.008767,-9.078767,-8.1087675,-6.358767,-4.718767,-3.408767,-2.878767,-2.7087672,-2.138767,-1.848767,-0.1387671,2.2912328,3.981233,4.071233,4.6712327,1.2512329,4.961233,-0.7687671,0.35123292,-0.9787671,-4.0787673,-1.858767,-1.4887671,0.08123291,0.35123292,2.451233,2.621233,0.9512329,1.041233
9.781233,9.571233,7.871233,8.021233,6.931233,4.931233,-3.788767,-7.1387672,-4.5587673,-3.288767,-4.438767,-2.848767,-2.548767,-3.7287672,-3.598767,-3.628767,-3.2287672,-1.4187671,-0.2487671,0.4312329,1.521233,1.9312329,2.371233,0.7212329,-0.88876706,-0.23876709,-0.7687671,-1.6287671,-14.078767,-13.748767,-13.888767,-13.168767,-12.178767,-10.618767,-8.658767,-7.378767,-5.8487673,-5.358767,-4.428767,-3.798767,-4.008767,-3.0087671,-0.00876709,2.151233,2.831233,3.171233,1.771233,1.8412329,-1.1187671,-2.768767,-0.14876708,-1.8987671,-0.5887671,-0.50876707,2.0212328,0.9512329,2.331233,2.381233,3.0512328,4.121233
10.161233,10.271233,8.441233,9.461233,7.371233,6.981233,-0.7387671,-10.178767,-6.748767,-5.268767,-4.408767,-5.198767,-3.7587671,-3.408767,-2.4687672,-2.4287672,-1.3087671,-0.63876706,0.07123291,0.4812329,3.111233,4.1512327,3.621233,1.8612329,0.13123292,-2.558767,-2.4287672,-4.958767,-9.328767,-15.158767,-15.468767,-15.318768,-14.218767,-13.088767,-11.208767,-9.968767,-8.528767,-7.518767,-6.298767,-5.818767,-5.3887672,-4.3687673,-3.348767,-2.038767,-1.838767,-2.158767,0.4212329,0.5812329,-1.6187671,-1.1587671,-4.518767,-2.108767,1.391233,1.771233,0.25123292,-2.278767,-1.4487671,-0.63876706,0.5312329,0.3012329
10.821233,10.731233,10.071233,9.131233,7.6912327,10.151233,6.101233,-5.708767,-4.5587673,-2.398767,-1.5687671,-5.438767,-5.858767,-4.1387672,-4.168767,-3.898767,-1.0687671,-0.4487671,0.8312329,1.7512329,4.051233,5.101233,4.931233,5.391233,1.8212329,-0.8187671,-5.338767,-9.8587675,-13.208767,-18.108767,-17.448767,-17.088768,-16.408768,-14.908767,-13.418767,-11.748767,-10.6087675,-9.598767,-8.478767,-7.458767,-6.998767,-6.568767,-5.318767,-5.008767,-5.498767,-2.098767,-1.0287671,-1.6287671,-0.11876709,-1.1787671,-3.398767,-0.2987671,-3.318767,2.5212328,1.2012329,0.11123291,-0.3887671,-0.5287671,0.21123292,0.28123292
11.151233,11.621233,11.051233,9.321233,9.491233,8.991233,6.331233,4.601233,2.2912328,1.391233,-0.2487671,-4.518767,-7.608767,-5.788767,-6.1187673,-4.338767,-2.5087671,-0.4787671,1.031233,3.161233,5.221233,6.011233,7.6712327,7.731233,6.771233,-0.9587671,-13.658767,-18.188766,-18.998768,-20.478767,-19.948767,-18.558767,-18.388767,-17.038767,-15.038767,-13.288767,-11.718767,-10.438767,-10.078767,-9.8587675,-10.488767,-9.748767,-8.368767,-6.3287673,-8.968767,-8.258767,-1.0087671,-1.1787671,-3.068767,-3.418767,0.3612329,-0.5287671,-3.568767,0.4612329,-1.0087671,-0.6187671,-0.5487671,0.86123294,1.3112329,1.3812329
10.421233,11.331233,10.841233,9.821233,10.831233,11.991233,9.211233,5.871233,4.291233,3.161233,-1.598767,-7.318767,-8.248767,-7.858767,-6.238767,-3.658767,-3.2287672,-0.5987671,0.9112329,2.901233,6.121233,9.511233,10.651233,14.071233,18.491234,-7.418767,-16.658768,-23.488768,-24.788767,-24.158768,-22.138767,-20.038767,-18.628767,-17.658768,-16.348766,-15.3587675,-13.648767,-12.798767,-11.598767,-10.758767,-10.568768,-10.488767,-11.188767,-9.968767,-8.718767,-1.9287671,-0.7187671,-1.2987671,-2.638767,-3.2387671,-4.088767,-2.878767,-0.9187671,-0.14876708,1.6712329,5.011233,5.601233,4.1112328,2.191233,1.391233
11.901233,11.511233,10.231233,10.181232,10.571233,10.011233,10.011233,10.311233,10.501233,3.3112328,-2.288767,-10.508767,-7.648767,-6.8687673,-5.148767,-4.298767,-1.478767,0.7312329,1.8112329,4.351233,4.461233,10.541233,14.071233,18.301233,24.181232,-5.728767,-15.3587675,-21.448767,-23.318768,-24.628767,-23.008766,-20.958767,-19.628767,-18.508766,-17.118767,-15.568768,-14.898767,-13.948767,-13.258767,-12.938767,-13.348767,-12.668767,-11.648767,-11.698767,-12.558767,-2.4487672,-3.028767,-1.0587671,-2.388767,-2.638767,-2.338767,-1.7587671,-0.3887671,-1.4887671,0.35123292,0.61123294,0.47123292,-0.05876709,1.1712329,3.421233
12.721233,12.601233,9.611233,9.371233,10.751233,11.481233,11.371233,10.181232,11.561233,11.231233,0.3912329,-9.758767,-7.438767,-6.5987673,-4.128767,-1.7987671,-0.15876709,0.7212329,0.8312329,2.671233,5.641233,7.6312327,13.3912325,16.361233,19.491234,20.691233,-12.238767,-17.008766,-19.498768,-19.518766,-19.918768,-20.108767,-19.568768,-18.928766,-17.718767,-16.598766,-15.878767,-14.748767,-13.948767,-13.928767,-13.388767,-13.088767,-12.908767,-12.688767,-13.498767,-5.788767,-2.858767,-3.818767,-0.7187671,-3.6787672,-3.9887671,-2.038767,-3.548767,-2.1987672,-2.4787672,-0.8087671,1.161233,1.3212329,1.6312329,2.0212328
12.111233,11.831233,9.691233,9.151233,10.981233,10.901233,11.821233,11.6412325,11.471233,12.991233,-0.9087671,-6.8287673,-6.5987673,-5.0587673,-3.368767,-1.228767,-0.01876709,0.3412329,0.5312329,3.861233,5.451233,5.891233,8.6412325,13.351233,15.351233,16.351233,15.001233,-3.7587671,-16.368767,-15.688767,-16.808767,-17.048767,-17.718767,-18.518766,-17.558767,-17.548767,-15.658767,-15.3587675,-15.168767,-14.668767,-13.468767,-12.278767,-10.828767,-10.168767,-10.398767,-7.728767,-4.548767,-1.9487671,-1.4087671,-5.0587673,-5.038767,-2.058767,-2.1987672,-0.14876708,-0.5387671,-0.9287671,-0.4487671,-1.1687671,0.18123291,1.8412329
12.491233,10.461233,11.441233,8.471233,10.451233,12.041233,10.531233,10.551233,10.881233,11.6412325,10.011233,1.1912329,-4.008767,-5.1387672,-3.058767,-0.5387671,1.2312329,-0.12876709,1.0512329,3.0412328,5.891233,5.051233,4.6512327,8.061233,11.8912325,12.631233,10.791233,10.191233,7.661233,3.701233,-2.068767,0.9812329,-0.3787671,-8.328767,-14.058767,-15.018767,-14.128767,-12.728767,-11.158767,-10.818768,-10.488767,-10.1087675,-9.488767,-9.698767,-10.318768,-10.828767,-7.0587673,-0.11876709,1.9312329,2.621233,2.611233,2.701233,1.7212329,0.9512329,0.9812329,0.6212329,-0.2587671,-1.098767,0.7212329,2.331233
12.001233,11.201233,9.771233,8.971233,9.601233,10.981233,10.741233,9.911233,10.061233,9.511233,9.771233,8.571233,8.001233,6.591233,3.661233,2.881233,2.5712328,2.381233,1.3412329,1.7012329,4.261233,5.081233,1.791233,2.7412329,4.6512327,6.871233,8.221233,7.711233,5.041233,6.4012327,3.111233,0.4812329,-0.9787671,-1.468767,-0.5387671,-0.94876707,-5.568767,-7.968767,-8.598767,-9.198767,-9.588767,-9.548767,-9.548767,-9.418767,-8.918767,-8.468767,-5.568767,-3.888767,-2.018767,-0.94876707,0.7512329,0.9312329,2.0312328,1.9812329,1.6212329,0.4912329,-0.33876708,0.5012329,1.5012329,2.5612328
11.401233,11.601233,12.381233,12.211233,11.581233,10.481233,9.541233,8.791233,8.171233,7.791233,7.591233,8.181232,7.3612328,6.101233,5.431233,5.541233,5.601233,6.1112328,4.6712327,2.851233,1.3812329,2.7412329,0.1612329,1.2312329,-1.3687671,-0.9587671,0.9312329,2.581233,3.171233,3.481233,2.691233,-1.968767,-0.2887671,-0.4087671,-1.3287671,-2.2487671,-1.848767,-1.338767,-1.858767,-3.608767,-4.8287673,-5.298767,-5.738767,-5.6387672,-5.768767,-5.288767,-4.8287673,-4.518767,-1.208767,1.5612329,0.92123294,1.141233,1.8712329,1.781233,0.9112329,0.4812329,0.9812329,0.6212329,3.0412328,2.941233
9.181232,10.261233,11.421233,12.821233,13.251233,12.8912325,13.131233,13.411233,10.671233,7.801233,7.201233,6.6912327,3.4912329,3.0212328,3.5512328,3.831233,3.9912329,4.561233,6.201233,2.9912329,0.47123292,-0.9687671,-1.228767,-0.01876709,-0.50876707,-0.6587671,-3.888767,-1.3687671,-2.2587671,-3.1887672,-3.7387671,-3.7187672,-4.418767,-4.3687673,-4.158767,-3.638767,-4.5987673,-4.0787673,-3.9487672,-4.718767,-4.508767,-3.898767,-3.798767,-4.278767,-3.6887672,-3.5087671,-3.1887672,-2.128767,-1.718767,-1.458767,-1.1187671,-0.5987671,2.331233,3.0312328,4.371233,7.051233,5.3612328,6.781233,7.461233,6.351233
6.621233,8.021233,9.191233,10.411233,11.6412325,12.121233,12.651233,12.871233,12.681232,12.701233,12.401233,12.671233,5.3612328,4.301233,3.681233,3.5412328,3.7612329,1.771233,1.1012329,3.681233,2.0612328,-1.358767,-3.368767,-3.098767,-3.2587671,-4.878767,-3.0087671,-1.3887671,-0.36876708,-0.11876709,-0.9087671,-1.5487671,-1.5487671,-0.7187671,-0.5587671,-0.5887671,-4.208767,-4.128767,-3.848767,-3.798767,-2.338767,-2.7387671,-3.2187672,-2.4287672,-1.848767,-1.4487671,-0.5587671,-1.0787671,-1.218767,-0.42876709,-0.20876709,3.161233,6.181233,7.271233,8.441233,8.961233,8.811233,9.381233,9.261233,9.921233
4.4212327,5.821233,7.3812327,9.021233,9.001233,10.161233,10.831233,11.601233,11.211233,11.291233,11.901233,8.941233,10.051233,9.381233,8.501233,7.6512327,5.301233,2.221233,0.23123291,-0.9687671,0.2712329,1.7612329,-4.358767,-4.718767,-4.3687673,-5.128767,-4.768767,-3.4287672,-3.788767,-2.7387671,-0.4187671,0.15123291,0.6812329,0.8712329,2.881233,2.861233,-3.328767,-3.528767,-4.418767,-3.4687672,-2.348767,-3.668767,-1.608767,-1.1687671,0.86123294,1.2112329,2.7712328,3.5212328,2.851233,3.411233,3.5212328,4.811233,5.961233,6.9212327,8.431232,8.291233,8.881233,9.661233,10.1412325,10.411233
2.0712328,3.831233,5.291233,7.251233,8.841233,8.651233,9.701233,9.601233,10.051233,10.371233,11.701233,11.421233,11.101233,12.6412325,11.491233,10.731233,7.341233,3.861233,1.291233,-2.658767,-3.1987672,-0.6887671,-1.8887671,-3.6887672,-3.6887672,-4.8887672,-3.278767,-2.7187672,-2.7487671,-4.198767,-0.3587671,-0.8787671,0.2212329,0.8512329,-0.5287671,-0.42876709,0.17123291,-1.9887671,-3.888767,-3.4887671,-4.688767,-3.778767,-3.268767,-1.4087671,0.02123291,1.4712329,2.201233,3.2712328,4.221233,4.911233,5.851233,7.4412327,8.211233,8.301233,9.351233,9.591233,9.121233,9.841233,10.741233,11.931232
0.8412329,2.0512328,4.041233,5.181233,6.201233,6.731233,7.391233,8.101233,8.461233,8.871233,9.351233,10.241233,11.051233,12.571233,11.531233,12.901233,10.011233,7.161233,2.111233,-2.798767,-4.478767,-4.3887672,-2.298767,-2.338767,-1.7687671,-2.098767,-2.398767,-3.838767,-6.258767,-3.268767,-2.338767,2.221233,5.321233,4.331233,-1.0587671,-2.838767,-2.768767,-3.2087672,-5.708767,-6.298767,-4.908767,-2.878767,-1.5087671,-0.42876709,0.8512329,1.7412329,2.931233,4.281233,6.081233,7.081233,7.911233,8.741233,9.291233,9.091233,9.941233,9.951233,10.431232,10.681232,10.651233,10.861233
-1.0487671,1.0512329,2.2612329,3.601233,4.791233,5.621233,6.3612328,6.6512327,7.081233,7.791233,8.331233,9.221233,10.111233,11.031233,10.201233,12.741233,9.571233,12.531233,5.4212327,-0.7687671,-3.9387672,-3.268767,-2.4687672,-1.0287671,0.05123291,0.28123292,-1.2787671,-2.7087672,-2.378767,-3.6787672,-1.1687671,3.0012329,8.851233,14.421233,-4.0987673,-8.1087675,-6.918767,-7.128767,-6.008767,-4.1187673,-2.848767,-1.4387671,-0.2587671,0.80123293,1.901233,3.3112328,4.081233,6.3612328,7.321233,7.4012327,8.291233,9.101233,9.911233,10.101233,10.311233,10.751233,10.361233,10.811233,10.8912325,10.771233
-2.148767,-0.49876708,0.7312329,1.901233,3.101233,2.7612329,4.531233,5.451233,5.911233,5.9412327,6.541233,7.051233,8.341233,9.301233,11.261233,7.591233,10.211233,8.461233,6.391233,5.931233,5.081233,2.661233,0.21123292,1.161233,1.2112329,0.86123294,-4.0787673,-6.158767,-4.978767,-3.408767,-1.6487671,0.03123291,2.361233,2.711233,2.651233,1.021233,-1.1487671,-2.668767,-2.658767,-2.168767,-1.228767,-0.63876706,0.28123292,1.0712329,2.3112328,3.621233,5.241233,5.491233,7.371233,8.131233,8.8912325,9.451233,10.351233,10.881233,11.441233,11.901233,12.631233,13.091233,11.381233,8.031233
-3.4887671,-1.958767,-0.57876706,0.41123292,1.8012329,2.201233,3.5312328,4.1512327,4.391233,5.081233,5.081233,5.431233,6.051233,6.971233,8.731233,5.951233,3.201233,4.121233,4.681233,5.451233,5.911233,5.571233,6.4412327,6.741233,1.3612329,-4.528767,-5.3287673,-4.478767,-2.9487672,-2.068767,-0.42876709,0.17123291,0.2712329,0.5112329,0.3912329,-0.06876709,-0.8087671,-1.2487671,-1.1187671,-0.9687671,-1.0187671,-1.088767,-0.10876709,0.9412329,2.0212328,3.981233,5.561233,7.051233,7.831233,8.591233,9.451233,9.771233,10.3912325,10.991233,12.381233,12.981233,13.701233,12.911233,6.1712327,-4.288767
-3.9587672,-2.6987672,-1.2587671,-0.30876708,0.8712329,2.0612328,2.421233,2.841233,3.151233,3.861233,4.011233,3.921233,4.4012327,4.6112328,5.961233,7.521233,7.591233,1.9712329,3.961233,6.181233,5.041233,3.2912328,3.5312328,2.211233,0.6012329,-0.21876709,-0.9887671,-0.9187671,0.31123292,1.411233,1.7212329,1.3612329,0.80123293,0.4512329,0.4312329,0.6312329,0.6212329,0.1612329,-0.05876709,0.3412329,0.3712329,0.6812329,2.391233,1.2512329,3.721233,4.991233,6.081233,6.3612328,7.551233,8.681232,8.831233,9.461233,10.181232,10.041233,11.051233,11.821233,11.161233,8.8912325,2.5312328,2.2912328
-3.858767,-2.848767,-1.4287671,-0.11876709,0.3712329,1.281233,2.0512328,2.231233,2.7812328,3.0212328,3.3112328,3.601233,3.0312328,3.2412329,3.3012328,4.281233,4.621233,4.161233,3.4912329,3.7912328,4.241233,4.491233,3.2812328,1.6012329,-1.2687671,-1.3087671,-1.6787671,-2.1987672,-0.9887671,-0.8687671,-0.42876709,-0.07876709,0.4812329,1.4812329,1.291233,0.6312329,0.5312329,0.20123291,0.5912329,0.6912329,-0.46876708,-1.2387671,-0.39876708,-0.00876709,1.0012329,1.6212329,2.581233,4.9012327,7.201233,7.481233,6.071233,6.221233,6.741233,7.001233,7.061233,7.9412327,8.091233,7.6912327,1.391233,1.4912329
-1.6987671,-0.82876706,-0.1987671,1.151233,2.0012329,2.091233,2.0312328,2.101233,2.5712328,3.181233,3.0212328,3.471233,3.081233,2.0112329,2.221233,2.0112329,2.371233,3.5312328,3.161233,3.101233,2.891233,3.0112329,3.111233,2.971233,2.7512329,2.671233,2.0612328,0.9812329,-0.8987671,-0.6087671,-1.0387671,-1.2387671,0.23123291,0.8412329,-0.03876709,-0.7987671,-0.2287671,0.4612329,1.141233,-1.8287671,-3.098767,-2.6887672,-1.4887671,-0.5287671,0.4212329,1.4512329,1.9612329,2.711233,4.1712327,4.991233,5.471233,5.261233,5.6712327,5.6112328,5.301233,8.381233,4.8812327,2.231233,-0.1387671,-1.1387671
