json/gfs_20240720_00.json
{"header": { "discipline":0, "disciplineName":"Meteorological products", "gribEdition":2, "gribLength":79574, "center":7, "centerName":"US National Weather Service - NCEP(WMC)", "subcenter":0, "refTime":"2024-07-20T00:00:00.000Z", "significanceOfRT":1, "significanceOfRTName":"Start of forecast", "productStatus":0, "productStatusName":"Operational products", "productType":1, "productTypeName":"Forecast products", "productDefinitionTemplate":0, "productDefinitionTemplateName":"Analysis/forecast at horizontal level/layer at a point in time", "parameterCategory":2, "parameterCategoryName":"Momentum", "parameterNumber":2, "parameterNumberName":"U-component_of_wind", "parameterUnit":"m.s-1", "genProcessType":2, "genProcessTypeName":"Forecast", "forecastTime":0, "surface1Type":103, "surface1TypeName":"Specified height level above ground", "surface1Value":10.0, "surface2Type":255, "surface2TypeName":"Missing", "surface2Value":0.0, "gridDefinitionTemplate":0, "gridDefinitionTemplateName":"Latitude_Longitude", "numberPoints":65160, "shape":6, "shapeName":"Earth spherical with radius of 6,371,229.0 m", "gridUnits":"degrees", "resolution":48, "winds":"true", "scanMode":0, "nx":360, "ny":181, "basicAngle":0, "lo1":0.0, "la1":90.0, "lo2":359.0, "la2":-90.0, "dx":1.0, "dy":1.0 }, "data":
[rows 52 to 77 of 181, columns 57 to 113 of 360]
-0.2288623,1.0911376,-3.5888624,-2.4488623,-3.0188622,0.2211377,-0.5488623,-0.6688623,-0.2688623,-2.0188622,2.4311378,-0.9888623,-1.7188623,-3.0688622,1.3911377,-0.9388623,1.2011377,1.6311377,-0.6388623,0.011137695,1.3211377,3.1311376,3.7511377,-0.1488623,-2.8488624,-3.7388623,-3.8988624,-4.638862,-4.0688624,-1.5188622,-0.2688623,0.8311377,2.9211378,-0.31886232,4.321138,0.4111377,4.3911376,5.051138,2.0511377,-0.4488623,3.4211378,3.3011377,-0.15886231,1.2211376,-1.4088624,1.2611377,6.4511375,0.1611377,-6.7988625,-3.6888623,-1.5688623,-2.4788623,-2.7388623,-1.6188623,-0.6088623,-0.3888623,-0.5288623
-1.2688622,-2.6388624,-1.3988624,1.9311377,-2.2688622,-3.4588623,-2.9788623,1.1611377,1.8511376,2.2711377,4.551138,0.9211377,0.8911377,0.8311377,-0.9888623,1.6611377,0.6111377,1.7211376,-0.068862304,-0.9788623,-0.3588623,-1.2988623,1.0111377,3.4311378,1.7311378,-3.9788623,-2.3588624,-1.1388623,0.5111377,-0.4188623,0.9811377,0.8311377,-0.2288623,1.3211377,-0.18886231,-1.4388623,3.0711377,6.2411375,7.1611376,5.0111375,0.2111377,1.9711376,0.7011377,1.6811377,-0.67886233,-0.86886233,0.7811377,0.4811377,-0.2788623,-3.4588623,-1.4888623,-1.0188622,-1.5788623,-1.6088623,-1.1088623,-0.9588623,0.3511377
-6.308862,-5.9688625,-3.4688623,-0.3288623,1.1811377,-2.0288622,-1.9688623,-2.1088624,-0.15886231,1.2911377,-0.028862305,0.3011377,-0.7288623,0.6611377,-0.7688623,-0.1288623,1.2811377,2.3711376,0.5411377,0.6211377,0.1511377,-1.3788623,-0.7988623,0.2411377,-0.28886232,2.1211376,-1.3888623,0.2911377,-1.3988624,-1.6388623,-5.3188624,-4.558862,-2.1888623,-2.9088624,-1.7588623,0.3211377,-1.3488623,-1.4488623,0.7211377,1.6711377,-2.0888624,-1.4188623,2.8011377,0.1811377,-1.8588623,-0.098862305,0.09113769,-1.3588623,-1.8588623,0.7611377,-1.6488624,-0.048862305,-1.5588623,-0.6488623,-1.6288623,-1.2688622,-0.61886233
-8.668862,-6.2188625,-3.9888623,-2.4188623,0.2311377,-1.2688622,2.2611377,0.4211377,-0.4488623,-1.7488623,-0.9788623,-0.1788623,0.3811377,1.0011377,-0.048862305,-1.1588624,-2.2988622,0.4211377,0.2411377,1.8711377,0.4711377,1.3011377,0.4711377,-0.7088623,-2.1188624,-3.4888623,-2.2288623,-1.6788623,-4.8388624,-5.3988624,-4.0088625,-3.4388623,-4.7288623,-3.4488623,-3.8388624,-2.5188622,-3.0688622,-1.6588624,-3.4088624,1.8911377,-1.4188623,-2.1088624,-0.038862303,0.9611377,-0.9488623,-0.28886232,0.7411377,-0.3788623,-1.2888623,-0.5888623,-0.4388623,-1.1588624,-1.0588623,-2.3388624,-0.9188623,0.8611377,1.8711377
-4.0088625,-1.8288623,-2.5488622,0.7711377,-4.7588625,-1.6388623,-2.3188622,-2.0388622,-0.7988623,-0.4188623,-0.4188623,0.0011376953,-0.3688623,-0.3588623,0.9211377,-0.8788623,-2.1088624,-1.9788623,-0.8488623,0.011137695,2.1011376,2.2911377,1.8711377,1.9511377,0.0011376953,-2.5088623,-1.3388623,0.6211377,0.4811377,-2.6588624,0.3811377,-0.9888623,-0.1988623,-0.7688623,-1.4388623,-0.3588623,0.3111377,-0.5888623,-0.2988623,0.43113768,-0.6288623,-0.1988623,-0.5788623,-0.2688623,0.7311377,-0.3688623,0.6711377,0.5411377,-0.25886232,-0.1688623,-0.47886232,-0.28886232,0.7411377,0.2611377,0.7811377,0.5511377,0.5511377
-1.5188622,-6.4988623,-3.8088622,2.0311377,3.6011376,-0.18886231,-2.1988623,-3.3788624,-2.5688622,-0.9788623,1.2711377,-1.6688623,-1.8888623,0.3911377,-3.3888624,-2.4988623,-3.1388624,-1.6288623,-2.5288622,-0.13886231,0.12113769,1.6411377,1.0211377,2.2311378,1.9011377,0.8611377,0.2311377,-0.4988623,0.4711377,-1.0988623,-0.0088623045,-0.7288623,-0.8088623,-0.7788623,-1.3388623,-0.8188623,0.6411377,0.63113767,-0.21886231,0.7211377,0.0711377,-0.018862305,-1.1688623,0.031137696,-0.6488623,0.061137695,-0.24886231,-0.4388623,-0.1188623,-0.61886233,-1.0388623,-1.1688623,-0.2088623,1.1311377,0.5011377,0.09113769,1.0611377
-2.5888624,0.9811377,-5.2188625,1.5211377,5.8711376,3.9911377,-0.6688623,-4.4388623,-1.6888623,-0.5288623,0.20113769,-0.7388623,-0.3988623,0.9211377,-0.3888623,0.7411377,0.57113767,0.7411377,-1.5488623,-2.3388624,0.7511377,1.9611377,2.5811377,2.6111376,0.09113769,1.8311377,-0.15886231,-1.0888623,-5.428862,2.8711376,0.7011377,-1.7288623,-2.2588623,-2.2588623,-2.7888622,0.031137696,-0.1488623,-0.7988623,-0.2288623,-0.3888623,-0.2088623,0.9611377,0.051137697,-0.2388623,-0.5088623,-0.5288623,0.3711377,0.3911377,-1.2688622,-1.0588623,-0.8288623,-0.1988623,-0.1988623,0.7111377,0.4111377,0.7011377,1.4111377
-0.9788623,2.2611377,-5.2688622,-2.9388623,4.9811378,6.111138,6.6211376,3.5111377,0.8611377,-0.5788623,-0.13886231,1.6211377,0.8111377,1.2411377,0.2511377,-0.6688623,0.7411377,0.2511377,-0.3088623,-1.7388623,-1.1188623,-0.098862305,-0.4288623,0.9111377,-0.86886233,1.5811377,0.82113767,2.4111376,-0.0088623045,0.3211377,-0.13886231,0.9211377,-0.47886232,-0.5988623,0.5011377,-0.5588623,-1.9988623,-0.068862304,0.3311377,0.8011377,-0.6888623,0.7011377,0.3911377,0.061137695,-0.4288623,-0.61886233,-0.4688623,-1.5288624,-3.0888624,-2.5388622,-1.2688622,-1.5388623,-2.2188623,0.2611377,1.0211377,0.6911377,0.1511377
-3.0688622,2.7611377,-0.4588623,-4.328862,1.3211377,5.551138,6.461138,7.571138,3.8011377,-0.8988623,-1.5888623,0.3711377,0.6011377,1.5311377,0.7411377,-0.5588623,-0.9388623,-0.24886231,-2.9388623,-3.5988624,-2.8088622,-1.1388623,-0.068862304,-0.7388623,0.1011377,0.6811377,0.2911377,1.9411377,1.3711377,0.9111377,-2.4688623,0.5111377,-0.6088623,-1.0388623,-0.1988623,-1.5988623,-1.2988623,-0.6988623,-0.8488623,1.1511377,-1.3888623,0.9811377,-0.3688623,1.2011377,-0.7488623,0.021137696,-0.5588623,0.88113767,-2.9088624,-1.2188623,-1.4288623,-1.7788624,-0.6288623,-0.1188623,1.6011376,2.7911377,1.3711377
-0.7188623,-0.3088623,-1.0588623,-4.4688625,0.7711377,3.5711377,2.4311378,-0.8888623,-1.2188623,-1.0988623,-0.61886233,-2.4288623,0.7511377,1.0711377,-1.2688622,0.9711377,-2.5288622,-1.6088623,1.8811377,-2.3188622,-3.0688622,-2.1088624,-2.0888624,-1.1688623,0.3811377,-0.5788623,1.0711377,1.3511376,0.5411377,1.1811377,0.7611377,1.2311378,-1.3288623,0.5211377,-1.5588623,-0.5188623,-1.2588623,-0.058862306,-0.5288623,-0.4188623,1.5911376,-1.1488624,-0.1788623,0.9811377,0.49113768,0.43113768,-0.2088623,0.43113768,0.0011376953,-0.4388623,-2.3388624,-1.1688623,-1.0688623,0.5011377,3.9611378,1.4611377,0.0011376953
-0.9588623,0.2511377,-0.7088623,0.2811377,-3.7288623,0.3511377,7.7411375,5.651138,0.1511377,-0.47886232,-0.6688623,-3.4188623,-0.4688623,0.8311377,-3.1688623,-3.6488624,-0.2688623,-3.4088624,-1.5088623,-1.5188622,-1.9288623,-1.9988623,-2.2988622,-2.2888622,-2.1088624,-1.1088623,-0.8888623,0.5311377,-0.2288623,-0.3088623,0.9511377,0.3911377,0.5611377,-0.13886231,-0.18886231,0.9211377,-0.1088623,0.6611377,0.4811377,-0.67886233,-0.1788623,-0.5988623,0.88113767,1.7411377,-0.2288623,-0.018862305,0.5011377,0.8711377,-0.3088623,-2.9588623,-2.5088623,-1.7688622,-0.5488623,0.9011377,0.1811377,1.1211377,0.4511377
-0.1288623,-1.1988623,0.8711377,1.0111377,-2.7388623,0.9911377,-0.5888623,0.9611377,1.5111377,1.0911376,0.5111377,-0.8588623,0.6211377,1.7311378,1.5111377,-0.6588623,-0.1988623,1.4011377,0.6911377,-1.3988624,-2.1288624,-3.1488624,-2.7988622,-2.3988624,-2.4688623,-3.3888624,-2.9788623,-2.9988623,-2.9688623,-0.6088623,-0.8588623,-1.2688622,-0.9088623,0.8411377,0.14113769,0.3211377,-0.2788623,1.3411376,0.7411377,-0.2388623,0.2111377,-0.048862305,1.1511377,0.4511377,0.27113768,0.9011377,-0.92886233,1.3511376,-0.6988623,1.0911376,0.8611377,0.6211377,-0.9488623,-0.068862304,0.7511377,0.3611377,0.011137695
-5.0188622,-3.4488623,-0.61886233,-2.6788623,-1.3888623,0.6411377,1.6911377,1.0611377,0.061137695,-0.7688623,1.1211377,-0.028862305,-0.038862303,-0.9888623,-1.7088623,-0.4988623,0.041137695,-1.0988623,0.4411377,-0.1188623,-1.3488623,-2.1488624,-2.8888624,-2.5088623,-2.8888624,-3.7788622,-3.5888624,-3.5988624,-4.1688623,-4.2588625,-3.4688623,-2.8788624,-1.9688623,-0.3388623,0.5511377,-0.2288623,-0.28886232,-1.2188623,-0.2688623,0.3811377,-0.4688623,-0.92886233,0.9011377,0.88113767,-0.4388623,0.3111377,1.7111377,0.3511377,0.2411377,0.3611377,-1.4888623,-0.3088623,-0.31886232,-0.6088623,1.2711377,0.3511377,0.5811377
-7.2088623,-8.7588625,-8.028862,-6.678862,-4.678862,-1.6288623,1.9511377,3.3611376,4.631138,5.711138,4.5211377,5.6211376,2.8511376,-2.4188623,-3.0188622,-0.9388623,0.27113768,1.0211377,2.2311378,1.1311377,0.3111377,-0.7988623,0.7711377,-3.0088623,-2.0388622,-2.7988622,-2.7088623,-3.4088624,-4.4988623,-4.2688622,-4.2188625,-3.4588623,-3.8988624,-3.8388624,-2.6588624,0.9211377,-0.5488623,-0.47886232,0.061137695,0.111137696,0.3311377,1.0111377,0.4011377,-0.4888623,-0.038862303,0.031137696,-0.068862304,-0.2688623,-0.8888623,-0.7488623,-0.8288623,-0.8588623,0.7311377,-0.3688623,-0.4488623,-0.3288623,-0.31886232
-1.9088624,-4.1088624,-6.5488625,-5.4788623,-1.6488624,1.2711377,2.8311377,3.8911376,5.6811376,5.671138,5.611138,5.611138,4.691138,1.6611377,-4.038862,-4.198862,-0.2388623,1.1611377,3.5311377,3.5411377,1.6511377,1.4011377,0.7211377,0.7711377,-0.6388623,-1.3888623,-2.4288623,-2.2888622,-2.4888623,-3.5088623,-4.7688622,-4.2088623,-4.7188625,-4.0188622,-2.1088624,-0.08886231,-0.5988623,-0.3488623,-1.0488623,0.7111377,-0.3488623,0.3411377,0.4111377,-0.3488623,-0.6388623,-0.048862305,-0.1688623,0.17113769,-1.2288623,-0.7188623,-1.0288624,-0.6088623,-0.8188623,-1.6388623,-0.47886232,-1.0988623,-0.7588623
-2.2588623,0.1611377,2.8711376,-2.6088624,2.2211378,4.2811375,4.9511375,5.9511375,7.4311376,7.6411376,7.6411376,7.111138,5.171138,2.5311377,2.8011377,1.3111377,-0.86886233,1.4111377,3.3511376,2.8911376,2.0211377,1.8111377,3.6211376,2.0011377,-0.9488623,-0.28886232,-1.8488623,-3.3688624,-4.4188623,-2.8088622,-4.558862,-5.0888624,-4.8588624,-3.9988623,-4.178862,-0.7588623,-0.7888623,-0.098862305,-1.7188623,0.0711377,0.011137695,-0.0088623045,-0.028862305,-0.3288623,-0.8988623,-0.5288623,-0.8388623,0.4111377,-0.2288623,-0.9088623,-0.21886231,-3.4188623,-1.3088623,-1.1188623,-1.5388623,-1.5888623,-2.8688624
-3.4988623,-3.7388623,3.3811376,5.8311377,6.171138,5.801138,6.7011375,7.1411376,8.791138,7.631138,7.4711375,7.4711375,7.051138,3.6911378,3.0911376,2.8911376,-1.0588623,-0.068862304,3.2411377,3.0211377,0.43113768,1.7211376,1.4811378,1.1111377,-0.6288623,-1.7688622,-1.6788623,-3.4088624,-2.1188624,-2.9188623,-4.558862,-6.2588625,-4.6888623,-5.0688624,-6.2288623,-2.1088624,-1.0188622,0.5911377,-1.4988623,-1.0188622,-0.21886231,-0.3288623,0.5011377,0.20113769,-0.3488623,-0.3588623,-0.47886232,-1.1388623,-0.3888623,-0.4288623,-0.24886231,-1.1088623,-4.2488623,-4.2588625,-1.9888623,-1.4588623,-4.2588625
3.3411376,-1.4388623,4.0311375,6.7411375,8.361137,7.5611377,8.821137,8.7411375,10.051138,7.6411376,7.611138,7.4811378,8.291138,8.351138,4.7411375,7.8711376,0.8911377,4.0311375,1.1711377,3.7811377,3.7911377,5.4711375,4.0011377,2.3711376,-0.86886233,-1.9288623,-0.3688623,0.3911377,0.27113768,-2.9188623,-9.088862,-7.198862,-4.428862,-3.0788622,-3.3488624,-5.7288623,0.041137695,1.0011377,-2.5688622,-1.1888623,-0.048862305,-0.018862305,-0.058862306,0.5611377,0.5111377,0.12113769,-0.4488623,-0.4288623,0.021137696,-2.0388622,-1.4588623,-2.6488624,-5.7288623,-4.2188625,-4.8988624,-6.058862,-6.6688623
3.9911377,1.1211377,6.5111375,6.9511375,10.711138,7.401138,10.361137,10.181138,10.601138,10.731137,10.451138,9.591138,9.921138,9.831138,10.171138,10.051138,3.1211376,6.441138,4.3111377,4.8111377,5.401138,4.691138,7.5411377,5.4111376,0.4811377,2.7211378,0.4711377,-0.4288623,0.051137697,1.1011376,-4.2488623,-3.5088623,-1.0688623,0.3611377,0.041137695,0.4811377,-1.1588624,-0.8788623,-2.1788623,-1.4688623,-0.1488623,-0.13886231,0.1511377,0.011137695,0.2911377,0.111137696,-0.3988623,-0.3388623,0.111137696,-1.0488623,-0.9488623,-0.8488623,-3.5788622,-4.0888624,-2.4988623,-4.5188622,-6.7288623
2.6411376,7.0611377,8.481137,7.8711376,7.211138,8.921138,9.801138,11.261138,11.421138,10.891138,11.011138,11.021137,11.591138,11.901137,11.681138,10.901137,7.2711377,6.941138,6.961138,5.2611375,3.3211377,4.8111377,6.841138,6.341138,2.8011377,3.0711377,1.8511376,-0.4388623,3.7911377,3.1011376,2.8411376,1.8511376,3.4611378,4.071138,3.7111378,4.3911376,4.5011377,-0.018862305,-1.2188623,-1.1088623,0.6511377,0.17113769,-0.1288623,0.2211377,-0.1688623,-0.1288623,-0.098862305,0.12113769,0.8011377,4.7811375,-1.5088623,-3.4188623,-0.8488623,-0.048862305,-2.3888624,-4.808862,-6.2488623
9.341138,8.441137,9.221138,9.131138,8.381138,9.261138,10.551138,11.891138,12.7411375,12.481137,11.911138,10.721138,11.4911375,11.781137,11.301138,11.601138,7.211138,5.4311376,3.7011378,5.9111376,6.881138,5.5811377,9.831138,7.9911375,6.5311375,2.0011377,1.4411377,10.231137,12.891138,13.081138,12.161138,6.9511375,5.921138,5.941138,4.901138,5.3311377,5.9911375,6.3111377,0.1311377,-1.0988623,-0.92886233,0.4111377,0.3811377,-0.21886231,1.3211377,0.6911377,-2.0288622,-1.5988623,-0.4588623,-0.1088623,1.9911377,-2.3688624,-5.5888624,-3.6788623,-3.3788624,-2.8888624,-5.2688622
10.371138,9.401137,9.181138,9.901137,10.2411375,10.4911375,10.951138,11.701138,12.331138,12.801138,12.101138,10.961138,11.691137,11.221138,10.891138,10.511138,9.681138,7.8311377,10.7411375,9.931138,6.8511376,6.3311377,8.781137,7.1011376,10.701138,8.471138,16.941137,16.241138,15.351138,14.321137,12.591138,10.031137,9.691137,5.631138,5.5211377,5.5011377,7.4511375,6.5811377,2.6911378,1.8311377,0.3511377,-0.86886233,0.9511377,-1.0288624,1.2311378,0.9911377,0.6911377,0.3511377,-0.4488623,-0.1688623,1.2711377,-1.5188622,-1.7688622,-2.8288622,-3.3588624,-2.8188622,-3.5788622
10.151137,9.681138,9.591138,9.811138,10.641138,11.091138,11.201138,11.611137,12.321137,12.381138,12.341138,11.811138,11.761138,11.671138,11.441137,10.581138,9.971138,3.3811376,7.4311376,9.041138,8.081138,7.441138,8.501138,2.9211378,3.8811376,14.091138,16.301138,16.391138,15.4911375,14.801138,12.721138,11.681138,12.7411375,7.651138,6.921138,6.1411376,7.9511375,6.6211376,2.9011376,6.4911375,4.1411376,-0.8188623,0.9011377,0.6011377,1.1511377,2.1211376,4.571138,2.4311378,1.9311377,-0.28886232,0.4811377,1.1811377,2.8011377,-0.7688623,-0.2988623,-0.4888623,-0.8988623
10.631138,10.211138,10.211138,10.561138,11.261138,10.941137,11.351138,11.321137,12.041138,12.151137,12.401137,12.271137,12.401137,12.711138,12.481137,11.471138,10.221138,7.861138,5.941138,7.8311377,8.481137,7.9311376,9.111137,7.071138,12.071137,14.731137,14.421138,15.141138,17.061138,15.231137,12.511138,12.091138,10.731137,9.261138,9.201138,7.861138,7.131138,5.6611376,5.6211376,5.341138,4.361138,-0.3088623,0.7011377,0.5911377,0.5211377,3.2311378,2.2311378,2.1411376,0.7911377,0.011137695,-0.4288623,1.0611377,2.6111376,2.3111377,1.1211377,1.5611377,2.8011377
10.831138,9.951138,10.221138,10.931138,10.811138,10.971138,10.751138,11.481137,11.641138,11.621138,12.571137,12.611137,12.521137,12.901137,12.721138,11.931138,11.111137,10.191137,4.4711375,8.521137,9.771137,9.791138,8.821137,6.1211376,9.2411375,11.471138,11.481137,11.461138,12.121138,12.331138,11.961138,10.261138,9.211138,9.601138,9.231137,8.521137,7.4311376,5.6611376,6.381138,7.341138,5.301138,2.4511378,1.0311377,1.2411377,2.1911378,0.3611377,2.2911377,1.5711377,0.1311377,0.2311377,0.5811377,1.7811377,2.6411376,7.131138,5.7211375,2.2711377,6.6611376
9.451138,10.641138,10.611137,10.231137,10.301138,10.4911375,10.371138,10.681138,11.181138,11.471138,11.471138,11.851138,11.861137,11.791138,11.351138,11.181138,10.391138,9.621138,3.6411376,7.7511377,5.861138,8.131138,8.021137,6.4811378,9.181138,10.211138,9.2411375,9.4911375,9.851138,9.9911375,9.2411375,8.951138,8.541138,8.931138,7.571138,8.081138,6.1811376,6.6611376,6.461138,6.0111375,5.651138,4.131138,0.6611377,0.6011377,4.8111377,-0.25886232,1.3811377,2.7411377,-0.068862304,0.5311377,1.6311377,0.8011377,4.3111377,11.051138,10.181138,6.921138,7.711138
