json/gfs_20240719_18.json
{"header": { "discipline":0, "disciplineName":"Meteorological products", "gribEdition":2, "gribLength":79643, "center":7, "centerName":"US National Weather Service - NCEP(WMC)", "subcenter":0, "refTime":"2024-07-19T18:00:00.000Z", "significanceOfRT":1, "significanceOfRTName":"Start of forecast", "productStatus":0, "productStatusName":"Operational products", "productType":1, "productTypeName":"Forecast products", "productDefinitionTemplate":0, "productDefinitionTemplateName":"Analysis/forecast at horizontal level/layer at a point in time", "parameterCategory":2, "parameterCategoryName":"Momentum", "parameterNumber":2, "parameterNumberName":"U-component_of_wind", "parameterUnit":"m.s-1", "genProcessType":2, "genProcessTypeName":"Forecast", "forecastTime":0, "surface1Type":103, "surface1TypeName":"Specified height level above ground", "surface1Value":10.0, "surface2Type":255, "surface2TypeName":"Missing", "surface2Value":0.0, "gridDefinitionTemplate":0, "gridDefinitionTemplateName":"Latitude_Longitude", "numberPoints":65160, "shape":6, "shapeName":"Earth spherical with radius of 6,371,229.0 m", "gridUnits":"degrees", "resolution":48, "winds":"true", "scanMode":0, "nx":360, "ny":181, "basicAngle":0, "lo1":0.0, "la1":90.0, "lo2":359.0, "la2":-90.0, "dx":1.0, "dy":1.0 }, "data":
[rows 104 to 129 of 181, columns 174 to 231 of 360]
-3.0143359,-2.954336,-3.904336,-4.564336,-6.6843357,-8.094336,-6.004336,-5.174336,-4.424336,-5.4143357,-5.784336,-5.864336,-6.264336,-6.6443357,-6.564336,-7.134336,-7.204336,-7.064336,-6.844336,-6.784336,-6.594336,-6.374336,-6.044336,-5.384336,-4.854336,-4.424336,-3.5043359,-2.484336,-1.8543359,-0.33433592,0.30566406,0.68566406,0.57566404,-0.5343359,1.2556641,1.065664,1.2956641,1.115664,1.835664,1.695664,0.16566406,-0.37433594,-0.42433593,-1.404336,0.17566407,-0.28433594,1.085664,2.095664,-0.8443359,-2.394336,-1.634336,-0.60433596,-4.884336,-5.194336,-5.274336,-5.424336,-6.334336,-8.264336
0.41566408,-1.924336,-1.4443359,-3.414336,-4.764336,-4.514336,-6.024336,-4.744336,-4.104336,-3.624336,-4.804336,-5.484336,-5.654336,-6.424336,-6.634336,-6.584336,-6.534336,-6.634336,-6.194336,-6.234336,-6.1643357,-6.074336,-5.634336,-5.114336,-4.294336,-3.084336,-2.2743359,-1.3243359,-0.54433596,0.27566406,1.0356641,1.445664,2.2456641,2.275664,1.585664,2.375664,1.575664,3.4356642,3.855664,3.4956641,3.065664,2.325664,1.365664,1.095664,1.075664,2.345664,2.585664,3.4856641,-2.094336,-0.93433595,-2.144336,-0.99433595,-3.8043358,-4.354336,-3.474336,-3.954336,-5.844336,-7.584336
3.505664,-0.86433595,-1.1143359,-2.624336,-4.354336,-3.8143358,-2.104336,-3.354336,-3.394336,-3.224336,-2.704336,-3.854336,-4.454336,-5.964336,-6.044336,-5.784336,-5.954336,-5.944336,-5.484336,-5.474336,-5.4343357,-5.724336,-4.594336,-3.914336,-2.604336,-1.8543359,-1.1943359,-0.76433593,-0.034335937,1.065664,0.95566404,1.205664,1.945664,2.7356641,3.175664,3.4556642,4.0856643,4.695664,4.665664,6.035664,5.735664,5.8556643,4.125664,2.655664,2.335664,3.025664,2.385664,2.665664,1.0556641,-2.714336,-0.74433595,-2.2543359,-3.084336,-4.574336,-2.734336,-3.184336,-5.124336,-6.114336
0.36566406,5.025664,-0.25433594,-2.174336,-2.114336,-0.04433594,0.13566406,-0.87433594,-2.5043359,-3.5043359,-2.594336,-2.214336,-3.234336,-4.334336,-5.484336,-5.134336,-5.514336,-4.844336,-5.064336,-6.4343357,-5.764336,-5.084336,-4.734336,-3.894336,-2.934336,-2.704336,-1.644336,-0.33433592,-1.014336,-0.34433594,-0.55433595,-0.32433593,-0.16433594,1.065664,3.035664,4.715664,5.385664,5.825664,6.6056643,6.775664,7.015664,6.525664,6.785664,5.645664,4.555664,3.765664,4.135664,3.1956642,3.2456641,-1.3543359,-2.594336,-1.2343359,-1.9643359,-5.094336,-2.744336,-1.414336,-4.6643357,-4.1643357
-0.51433593,2.145664,4.8556643,0.5356641,0.33566406,1.105664,0.21566406,1.4256641,-0.60433596,-1.3543359,-2.874336,-2.354336,-2.0343359,-2.824336,-3.634336,-3.894336,-5.774336,-6.254336,-6.1843357,-6.014336,-6.1443357,-5.504336,-5.384336,-4.8943357,-4.594336,-4.464336,-3.5043359,-2.214336,-1.2043359,-0.094335936,0.48566407,-0.19433594,0.08566406,1.5156641,3.305664,3.825664,4.795664,5.535664,6.405664,7.415664,8.265664,8.705664,8.775664,6.955664,7.075664,5.615664,6.055664,3.845664,3.005664,2.775664,-1.8443359,-1.384336,-2.084336,-2.5643358,-1.6943359,-0.8943359,-1.9643359,-2.894336
2.2356641,2.105664,2.805664,6.055664,2.2056642,1.2656641,1.825664,1.7856641,2.895664,-0.56433594,-1.014336,-2.744336,-3.084336,-1.424336,-2.8043358,-6.194336,-6.284336,-5.4143357,-6.014336,-6.384336,-6.274336,-6.354336,-6.154336,-6.074336,-5.6643357,-5.114336,-4.524336,-3.5643358,-3.0643358,-2.234336,-1.144336,-0.08433594,0.22566406,1.1756641,3.065664,3.655664,3.915664,5.635664,7.035664,7.615664,7.8556643,7.635664,9.145664,9.155664,9.815664,7.675664,6.945664,6.575664,4.185664,1.985664,0.5356641,-1.014336,-1.284336,-2.854336,0.5356641,1.565664,-1.8543359,-3.0543358
3.1956642,4.175664,6.595664,5.485664,5.675664,3.135664,2.505664,2.1956642,2.9656641,3.4956641,-0.45433593,-1.294336,-1.6143359,-1.764336,-4.544336,-5.6843357,-4.4343357,-5.534336,-6.214336,-7.014336,-7.054336,-6.454336,-6.754336,-6.544336,-6.114336,-5.304336,-4.654336,-3.8143358,-2.8043358,-2.0043359,-1.3643359,-0.8943359,-0.27433595,1.075664,2.405664,3.785664,5.245664,5.805664,5.425664,6.485664,6.995664,6.665664,6.755664,8.145664,9.5756645,9.675664,8.685664,7.725664,5.705664,3.615664,2.665664,-0.8443359,1.355664,-0.60433596,-0.93433595,1.0156641,-2.224336,-2.324336
5.395664,5.695664,6.435664,8.275664,8.875664,7.655664,4.415664,2.4656641,1.7956641,3.2356641,3.555664,0.61566406,-3.384336,-4.194336,-4.584336,-4.564336,-5.064336,-5.904336,-6.464336,-6.624336,-6.674336,-7.224336,-7.044336,-6.654336,-6.244336,-5.314336,-4.6443357,-3.434336,-2.234336,-0.8943359,-0.60433596,-0.16433594,0.31566405,1.2756641,2.415664,2.795664,3.575664,4.025664,4.775664,4.985664,5.945664,7.015664,7.005664,6.635664,5.895664,8.375664,9.165664,10.475664,7.785664,4.445664,3.845664,1.605664,0.15566406,0.6656641,1.865664,-1.054336,-4.464336,-4.084336
7.185664,7.415664,7.745664,8.555664,10.135664,10.105664,11.735664,2.875664,2.165664,2.2356641,1.215664,2.655664,-3.5643358,-4.504336,-3.0243359,-4.554336,-5.634336,-5.724336,-6.674336,-7.064336,-7.224336,-6.774336,-6.764336,-6.524336,-5.884336,-5.544336,-4.624336,-3.384336,-2.934336,-1.034336,-0.91433597,-1.274336,-1.4843359,-1.644336,-0.6543359,-0.20433594,0.98566407,1.445664,1.5156641,1.865664,2.315664,2.9756641,2.9456642,4.735664,6.3156643,7.005664,7.685664,9.005664,9.5756645,9.015664,5.365664,3.4456642,1.4056641,2.535664,0.86566406,-1.4543359,-4.524336,-4.354336
9.785664,9.315664,9.455664,10.415664,10.855664,10.305664,11.885664,3.345664,3.255664,4.445664,1.4956641,-1.634336,-3.584336,-1.634336,-3.734336,-4.464336,-4.784336,-5.754336,-6.084336,-6.794336,-7.334336,-7.424336,-6.814336,-6.124336,-5.474336,-6.014336,-5.054336,-5.834336,-5.924336,-5.554336,-5.594336,-5.674336,-4.844336,-3.5443358,-2.0043359,-1.2143359,-0.5943359,-1.424336,-1.4943359,-0.91433597,1.225664,2.525664,3.635664,4.525664,5.795664,6.875664,6.005664,10.335664,8.1156645,8.635664,7.635664,5.545664,3.7256641,2.845664,0.94566405,-0.18433593,-1.2443359,-3.214336
11.655664,11.805664,11.375664,11.645664,12.095664,11.415664,8.975664,9.635664,4.045664,6.0856643,2.7256641,-3.2943358,-1.1143359,-0.60433596,-2.884336,-4.374336,-4.6843357,-5.464336,-6.084336,-6.594336,-6.8943357,-7.054336,-6.904336,-5.8943357,-5.734336,-5.904336,-8.4243355,-8.184336,-7.344336,-7.444336,-7.364336,-6.6443357,-4.584336,-3.864336,-3.174336,-2.464336,-1.9943359,-2.0343359,-0.68433595,0.8456641,2.315664,2.855664,4.445664,5.365664,6.325664,5.655664,5.5856643,5.965664,10.275664,8.875664,7.925664,7.535664,6.295664,3.565664,2.7056642,-0.68433595,-1.9843359,-1.384336
12.905664,13.545664,12.875664,12.165664,12.625664,11.855664,9.995664,10.585664,11.8656645,5.845664,3.095664,-2.474336,0.43566406,0.0056640627,-2.2943358,-4.354336,-5.094336,-5.364336,-5.714336,-6.374336,-6.584336,-6.234336,-6.324336,-5.714336,-5.1843357,-6.834336,-8.464336,-8.344336,-6.984336,-7.1843357,-6.504336,-6.014336,-5.544336,-4.214336,-3.834336,-2.674336,-0.61433595,-0.62433594,0.15566406,0.5356641,2.025664,2.545664,3.105664,3.4556642,3.405664,4.735664,5.955664,6.875664,7.795664,10.455664,9.605664,8.705664,7.745664,5.225664,4.155664,0.5356641,-2.5643358,-1.3243359
13.265664,14.715664,14.095664,13.725664,13.095664,12.875664,11.595664,9.5756645,10.155664,3.4456642,-0.18433593,-2.8143358,-0.44433594,-0.45433593,-2.384336,-4.294336,-4.764336,-5.084336,-5.6643357,-6.034336,-6.3943357,-6.104336,-6.084336,-6.384336,-8.354336,-9.1743355,-8.654336,-7.634336,-7.284336,-7.864336,-7.854336,-7.124336,-5.604336,-4.284336,-3.414336,-2.134336,-0.35433593,0.44566405,0.49566406,1.565664,2.295664,2.895664,1.1656641,0.62566406,1.2456641,3.125664,4.075664,5.515664,4.745664,9.725664,11.035664,10.235664,13.975664,9.185664,5.345664,0.95566404,-1.274336,-1.904336
14.3256645,15.6156645,15.535664,15.135664,13.985664,13.915664,12.245664,9.815664,10.605664,8.755664,-3.484336,-2.744336,-2.2843359,-0.7043359,-2.614336,-3.964336,-4.974336,-4.874336,-5.194336,-5.504336,-5.694336,-5.694336,-5.714336,-6.314336,-8.914336,-9.154336,-8.394336,-7.724336,-9.194336,-8.294336,-7.544336,-5.804336,-4.614336,-4.264336,-3.184336,-1.764336,-0.80433595,-1.1243359,-0.92433596,0.025664063,0.75566405,2.7356641,1.0156641,3.1956642,4.005664,4.675664,6.555664,7.3156643,7.935664,7.3156643,10.065664,11.555664,8.405664,9.305664,5.075664,3.375664,-0.55433595,-2.704336
14.5756645,16.245665,16.475664,15.265664,14.505664,15.215664,13.585664,11.665664,10.715664,8.135664,-3.7543359,-4.284336,-3.134336,-2.0043359,-3.2743359,-4.014336,-4.814336,-5.1643357,-5.264336,-4.534336,-4.624336,-4.6843357,-7.704336,-9.494336,-9.034336,-8.964336,-8.744336,-9.1343355,-8.964336,-7.734336,-7.464336,-6.754336,-6.024336,-4.514336,-3.904336,-2.694336,-2.0643358,-0.75433594,-0.08433594,0.76566404,1.095664,1.865664,3.115664,3.4656641,4.225664,5.435664,6.765664,6.935664,9.235664,10.775664,11.165664,11.305664,9.725664,10.625664,10.045664,6.5656643,0.34566405,-1.294336
15.215664,16.825665,18.765663,19.495665,18.365664,16.945663,13.535664,11.895664,10.565664,2.9356642,-9.974336,-6.3943357,-3.2943358,-2.174336,-2.914336,-4.494336,-5.114336,-5.024336,-4.864336,-5.364336,-6.084336,-10.324336,-9.504336,-9.234336,-8.774336,-9.334336,-10.044336,-8.754336,-7.984336,-7.704336,-7.554336,-6.524336,-5.834336,-4.814336,-3.444336,-2.934336,-3.0043359,-2.624336,-1.684336,-0.94433594,0.26566407,0.46566406,0.6556641,0.8556641,3.2156641,5.615664,6.415664,9.855664,11.375664,12.255664,13.5756645,12.885664,10.275664,8.345664,7.285664,9.685664,1.6656641,-1.144336
16.145664,17.315664,16.465664,17.395664,15.775664,14.8256645,13.055664,12.0756645,10.995664,-4.794336,-10.074336,-9.4243355,-5.794336,-1.6943359,-3.894336,-5.4343357,-4.744336,-5.564336,-6.084336,-6.014336,-9.534336,-10.304336,-8.744336,-8.914336,-9.544336,-9.564336,-8.844336,-8.074336,-7.794336,-7.484336,-7.404336,-5.474336,-4.034336,-4.084336,-3.5643358,-3.204336,-2.834336,-1.8743359,-1.5843359,-0.22433594,-0.57433593,0.56566405,1.205664,0.36566406,4.655664,6.655664,7.165664,9.715664,12.585664,14.335664,14.905664,14.125664,12.015664,8.215664,7.775664,7.905664,4.505664,-0.23433594
14.845664,15.8656645,19.345665,20.855663,19.615664,15.265664,10.425664,10.895664,11.725664,-9.624336,-11.374336,-9.664336,-6.864336,-2.5243359,-4.4343357,-4.964336,-4.804336,-5.384336,-7.864336,-9.554336,-9.264336,-9.314336,-8.834336,-9.4243355,-9.074336,-8.224336,-8.104336,-7.4143357,-7.804336,-7.014336,-6.194336,-5.6643357,-3.2543359,-2.694336,-2.334336,-3.094336,-2.0343359,-1.7243359,-1.784336,-0.79433596,-0.75433594,0.04566406,0.92566407,1.3956641,3.4956641,5.505664,6.455664,9.395664,13.245664,19.855663,18.075665,15.665664,12.645664,10.355664,8.125664,7.595664,7.3556643,1.9056641
13.335664,13.665664,12.975664,24.165665,22.025663,10.945664,10.195664,9.305664,4.3356643,-12.6343355,-12.214336,-9.214336,-7.324336,-6.454336,-7.884336,-6.344336,-2.074336,-2.704336,-8.494336,-8.074336,-8.574336,-8.1343355,-8.264336,-8.254336,-9.414336,-7.6443357,-6.534336,-6.544336,-6.094336,-6.744336,-5.194336,-3.584336,-3.124336,-2.5143359,-2.104336,-1.1943359,-1.3443359,-1.264336,0.10566406,-0.19433594,0.76566404,-0.20433594,0.48566407,2.275664,4.3356643,5.415664,5.725664,8.715664,15.485664,16.685663,15.085664,11.735664,11.805664,9.275664,9.065664,5.575664,7.705664,0.22566406
9.3656645,5.075664,11.155664,6.905664,7.695664,2.825664,4.455664,4.035664,-12.154336,-13.714336,-11.024336,-11.704336,-7.814336,-8.794336,-5.254336,-2.484336,-3.5043359,-4.004336,-7.524336,-7.804336,-8.294336,-7.794336,-7.564336,-9.444336,-7.774336,-7.104336,-6.504336,-4.9143357,-5.834336,-4.924336,-4.244336,-2.0343359,-2.434336,-2.474336,-0.62433594,0.46566406,-1.164336,-0.55433595,1.085664,1.1656641,1.1356641,1.435664,1.7856641,2.755664,2.655664,4.405664,3.905664,6.845664,10.215664,9.815664,9.395664,7.405664,9.675664,6.175664,5.485664,4.365664,3.855664,3.4856641
9.795664,-2.174336,-1.654336,-11.704336,-15.1743355,-7.614336,-2.734336,-13.774336,-14.774336,-14.1343355,-11.554336,-11.464336,-8.394336,-6.264336,-1.9443359,-4.1843357,-5.784336,-6.774336,-8.484336,-7.004336,-6.474336,-6.6443357,-8.804336,-7.924336,-7.504336,-5.9343357,-6.004336,-5.124336,-4.584336,-3.2843359,-2.874336,-1.5043359,-1.134336,-1.7243359,-0.29433593,0.34566405,0.63566405,0.27566406,1.1556641,1.335664,0.6056641,2.165664,1.115664,2.385664,1.715664,2.7456641,1.935664,3.4956641,4.005664,-4.944336,1.695664,0.42566407,2.165664,3.165664,1.6456641,2.305664,4.905664,5.165664
4.215664,-7.624336,-8.894336,-11.1343355,-18.094336,-16.754335,-17.224337,-18.504335,-16.074335,-15.154336,-13.444336,-11.684336,-7.554336,-4.984336,-5.484336,-7.744336,-5.944336,-7.454336,-7.3943357,-6.254336,-5.904336,-8.114336,-8.354336,-6.214336,-7.674336,-5.494336,-5.484336,-3.624336,-3.354336,-2.234336,-2.2643359,-1.544336,-1.274336,-0.17433594,0.18566406,1.3856641,1.575664,0.93566406,0.8456641,0.87566406,0.44566405,1.1456641,1.225664,2.175664,0.80566406,1.365664,1.215664,-1.2343359,0.56566405,-3.8043358,-10.304336,-2.114336,0.67566407,0.81566405,0.73566407,2.255664,-0.104335934,-0.034335937
3.885664,-7.8943357,-11.154336,-14.764336,-14.684336,-18.954336,-18.374336,-17.154335,-17.684336,-14.024336,-13.744336,-10.1743355,-6.594336,-8.834336,-8.024336,-6.8943357,-6.114336,-7.094336,-6.454336,-7.054336,-7.6443357,-6.514336,-6.624336,-6.554336,-5.814336,-5.274336,-5.1443357,-2.664336,-2.444336,-1.7343359,-1.144336,-0.014335938,-0.32433593,0.49566406,1.615664,2.335664,1.865664,3.7356641,3.2056642,2.285664,2.345664,3.055664,0.8556641,0.7256641,1.215664,0.015664063,0.08566406,-1.434336,-2.834336,-3.994336,-7.104336,-10.044336,-4.244336,2.145664,2.255664,1.685664,0.41566408,-0.25433594
4.445664,-1.3743359,-8.524336,-13.234336,-14.4243355,-15.104336,-15.6343355,-15.484336,-14.474336,-12.434336,-10.344336,-9.524336,-8.464336,-6.514336,-7.3943357,-5.754336,-5.594336,-7.1643357,-7.9343357,-6.9343357,-6.534336,-5.204336,-7.204336,-5.634336,-5.154336,-4.424336,-3.994336,-2.244336,-0.46433595,-0.27433595,-0.014335938,0.5256641,0.32566407,1.2956641,1.335664,2.565664,2.9556642,2.045664,1.975664,2.4656641,2.905664,3.275664,1.4156641,2.385664,0.95566404,0.06566406,0.28566405,-2.154336,-2.2743359,-4.514336,-6.6843357,-6.094336,-9.444336,-4.254336,2.385664,1.575664,-1.564336,-0.67433596
3.525664,-1.054336,-1.3543359,-1.7143359,-1.4643359,-10.264336,-10.444336,-10.614336,-8.824336,-10.054336,-8.314336,-6.924336,-6.134336,-5.954336,-6.704336,-5.904336,-8.084336,-8.404336,-7.704336,-7.304336,-7.6643357,-7.864336,-5.784336,-4.754336,-4.784336,-3.394336,-2.444336,-0.69433594,0.42566407,0.34566405,1.6356641,0.94566405,0.47566405,1.435664,2.285664,2.765664,1.945664,2.295664,2.505664,2.325664,3.065664,3.385664,2.4756641,2.625664,1.605664,1.725664,0.10566406,-0.7243359,-2.144336,-2.954336,-5.204336,-6.544336,-7.964336,-7.094336,-8.914336,-2.164336,-3.0343359,-4.074336
0.7856641,0.015664063,-1.1143359,-0.46433595,-3.444336,-3.634336,-8.104336,-8.324336,-8.574336,-8.234336,-7.6443357,-7.6843357,-6.084336,-7.824336,-8.164336,-8.8843355,-9.064336,-7.844336,-7.424336,-6.514336,-6.224336,-6.074336,-4.864336,-4.654336,-3.3043358,-1.6143359,-1.4443359,0.87566406,2.165664,0.26566407,0.5256641,1.465664,1.975664,2.605664,4.415664,3.575664,3.615664,3.4856641,3.4356642,3.645664,3.675664,3.415664,3.4356642,3.1956642,3.075664,1.845664,1.105664,1.5156641,-0.19433594,-1.6943359,-3.074336,-5.214336,-6.514336,-5.214336,-5.124336,-10.194336,-11.934336,-11.064336
