json/gfs_20240723_12.json
{"header": { "discipline":0, "disciplineName":"Meteorological products", "gribEdition":2, "gribLength":79959, "center":7, "centerName":"US National Weather Service - NCEP(WMC)", "subcenter":0, "refTime":"2024-07-23T12:00:00.000Z", "significanceOfRT":1, "significanceOfRTName":"Start of forecast", "productStatus":0, "productStatusName":"Operational products", "productType":1, "productTypeName":"Forecast products", "productDefinitionTemplate":0, "productDefinitionTemplateName":"Analysis/forecast at horizontal level/layer at a point in time", "parameterCategory":2, "parameterCategoryName":"Momentum", "parameterNumber":2, "parameterNumberName":"U-component_of_wind", "parameterUnit":"m.s-1", "genProcessType":2, "genProcessTypeName":"Forecast", "forecastTime":0, "surface1Type":103, "surface1TypeName":"Specified height level above ground", "surface1Value":10.0, "surface2Type":255, "surface2TypeName":"Missing", "surface2Value":0.0, "gridDefinitionTemplate":0, "gridDefinitionTemplateName":"Latitude_Longitude", "numberPoints":65160, "shape":6, "shapeName":"Earth spherical with radius of 6,371,229.0 m", "gridUnits":"degrees", "resolution":48, "winds":"true", "scanMode":0, "nx":360, "ny":181, "basicAngle":0, "lo1":0.0, "la1":90.0, "lo2":359.0, "la2":-90.0, "dx":1.0, "dy":1.0 }, "data":
[rows 26 to 51 of 181, columns 57 to 113 of 360]
-1.7109205,-1.1209204,-1.9309204,-3.3109205,-2.6609204,-2.8609204,-3.7209203,-0.92092043,-0.01092041,-2.6009204,-3.0209205,-1.2509204,-3.2309203,-3.5809205,-3.7609205,-1.4809204,-2.1409204,-2.3009205,-3.0809205,-2.2709205,-1.9709204,-1.7209204,-1.3809204,0.11907959,1.4690796,1.0890796,2.4390795,3.3890796,2.7090795,3.1790795,3.6190796,2.6890795,3.0790796,4.4790797,3.5590796,3.3390796,0.9390796,0.18907958,-1.3009204,-3.1709204,-3.0009203,-2.2009203,-3.8709204,-4.4009204,-3.4609203,-3.6409204,-2.6309204,-6.0109205,-5.0609202,-4.2909203,-4.3209205,-6.3109202,-4.2609205,-7.0109205,-7.8609204,-7.4809203,-7.6709204
-1.9009204,-2.1509204,-1.2109205,-0.4809204,-0.6809204,-9.2041015E-4,-0.2009204,-0.34092042,-1.8009204,-0.5609204,-0.3209204,-1.4709204,-3.3409204,-4.7209206,-2.8409204,-3.2409203,-3.6809204,-3.8409204,-4.1709204,-4.4009204,-2.8509204,-2.8109205,-1.9709204,-0.11092041,0.76907957,0.28907958,1.8390796,-0.5009204,0.7990796,2.5890796,2.8190796,2.6490796,2.9790795,3.4090796,2.7590797,3.3690796,2.8190796,1.8190796,-1.7109205,-1.3309205,-2.5809205,-2.4209204,-3.0809205,-4.0409203,-4.4809203,-4.8209205,-3.7609205,-3.2409203,-3.4509203,-3.9409204,-5.2809205,-4.2409205,-5.3909206,-6.0309205,-4.7509203,-4.7209206,-4.1809206
-2.5809205,-1.5609204,-0.6409204,-0.3609204,0.9490796,-0.5309204,-3.5809205,-1.9409204,-1.5709205,-1.1609204,-0.92092043,-2.5009203,-3.0409205,-1.5809205,-5.1309204,-4.1709204,-3.8209205,-4.5009203,-3.9909203,-3.8709204,-2.8709204,-1.7709204,-0.17092042,-0.60092044,1.5090796,-1.1409204,1.9790796,1.5690796,-2.2109203,0.37907958,2.1390796,2.7490797,2.6390796,2.4490795,2.5090797,2.7090795,2.4690795,0.9690796,-0.4509204,-2.1409204,-1.2209204,-2.2409203,-1.1309204,-4.1909204,-4.0009203,-3.9009204,-3.8209205,-4.37092,-4.0609202,-6.2809205,-4.2409205,-4.0909204,-4.9809203,-4.7809205,-5.5209203,-7.1609206,-4.5509205
-0.2009204,-0.19092041,0.37907958,-0.4109204,0.17907959,1.2590796,-4.1909204,-3.0909204,-3.7309203,-3.1309204,-0.5609204,-3.5409205,-4.7609205,-3.3809204,-4.0609202,-2.7409203,-3.9409204,-2.2309203,-1.8709204,-1.3609204,-1.1509204,-0.4809204,-2.2809205,0.9690796,0.7790796,1.3690796,0.4290796,0.6390796,0.9490796,-0.49092042,0.28907958,0.5690796,1.7590796,1.2190796,1.6890796,2.0890796,2.0490797,0.7390796,-0.8709204,-1.5209204,-1.3409204,-1.2909204,-0.9409204,-3.2809205,-3.3509204,-6.4809203,-4.87092,-6.0109205,-4.5409203,-5.0209203,-5.6909204,-5.0509205,-6.5209203,-5.7309203,-6.0909204,-4.9909205,-4.6609206
0.6290796,-0.09092041,1.3790796,-1.6909204,0.6990796,-0.5109204,-2.0809205,-3.4809203,-2.8509204,-3.0909204,-4.58092,-3.8609204,-3.8209205,-2.7409203,-1.9309204,-2.7109203,-1.7609204,-1.3309205,-1.7709204,-1.9409204,0.14907959,-0.6609204,1.4090796,-1.5309204,0.3990796,-0.21092041,-0.4809204,-0.6209204,-0.050920412,1.6190796,2.5590796,0.6090796,0.57907957,0.8090796,1.9390796,2.4390795,-0.22092041,0.3890796,0.05907959,-0.6909204,0.5890796,-0.22092041,-0.8909204,-0.9709204,-2.6909204,-3.7009203,-3.9809203,-5.5909204,-5.7309203,-4.4809203,-2.3309205,-4.7409205,-4.9609203,-5.6509204,-5.3809204,-5.3909206,-4.8409204
-1.5109204,0.9190796,0.7490796,-1.5809205,-0.4509204,-0.11092041,-2.5809205,-2.3509204,-1.9509205,-0.6909204,-2.3809204,-2.4109204,-1.5209204,-1.4009204,-1.7409204,-0.9009204,1.3690796,0.31907958,-1.3609204,-1.8709204,-1.6909204,-0.01092041,-2.3309205,-0.25092041,-1.7609204,-0.9109204,-0.3309204,0.01907959,-0.03092041,0.5290796,-0.6609204,-0.050920412,0.7790796,0.8890796,1.7990795,2.4790795,1.7190796,0.5290796,-0.25092041,0.8590796,0.09907959,0.28907958,1.7490796,-1.2009205,-0.60092044,-4.87092,-3.3909204,-1.8209205,-4.12092,-3.9309204,-2.3409204,-4.5509205,-3.8909204,-2.3509204,-3.1709204,-1.6809204,-3.8009205
-0.3309204,0.22907959,-0.8109204,-1.3209205,-0.1809204,-1.9409204,-3.0909204,-1.9009204,-2.5009203,-2.9409204,-2.2909205,-2.4909203,-3.2109203,-3.3909204,-2.5209205,-4.5009203,-2.3809204,-0.6309204,-2.5309205,-0.8909204,-0.6609204,-0.8409204,-0.79092044,0.6390796,1.5290796,1.1890796,0.04907959,0.6190796,0.7590796,0.7990796,-0.9009204,-1.5509204,1.2790796,-0.1509204,1.0690796,1.3990796,2.1690795,0.4190796,0.51907957,1.5590796,2.0190797,1.2690796,0.40907958,-0.6309204,-0.8009204,-0.12092041,-7.0409203,1.1390796,-1.8209205,-0.16092041,3.8190796,-0.6109204,0.24907959,-0.9109204,-0.79092044,-1.8409204,-1.4809204
-0.7209204,-2.0909204,-1.4609205,-1.7109205,-1.4509205,-0.5509204,-0.6809204,-0.5109204,-3.6909204,-1.4609205,-0.5009204,-1.0909204,-4.12092,-6.0909204,-5.4409204,-4.58092,-3.8709204,-2.4109204,-1.8009204,-1.9609205,-1.6709204,-1.1009204,-0.6309204,1.2890795,1.7890795,1.2090796,0.9390796,0.8590796,2.0090797,2.2990797,2.2590797,0.1290796,1.3390796,1.5390795,1.6790795,1.5190796,1.1990796,2.7590797,1.5990796,1.6590796,4.1090794,2.8990796,1.8490796,1.1490796,-2.4109204,-1.8409204,-2.2209203,-1.7209204,-2.5509205,1.0790796,0.24907959,1.3890796,-2.8509204,1.2090796,-3.4409204,-3.2609205,2.0090797
-2.6009204,-2.1609204,-1.9609205,-1.3509204,-1.9509205,-1.3909204,-1.0009204,-0.54092044,-2.1909204,0.34907958,0.5990796,0.7890796,-1.8809204,-4.4509206,-5.4109206,-5.1809206,-3.6709204,-4.3109202,-3.8309205,-4.2909203,-3.5909204,-2.4809203,0.70907956,0.89907956,1.9390796,0.8590796,1.5390795,0.3590796,2.1390796,2.5390797,2.2890797,3.1790795,3.8790796,4.2790794,0.04907959,2.7190795,0.6090796,2.2090795,3.6290796,2.6790795,4.3290796,6.6190796,5.1390796,2.8990796,-1.2509204,-1.8509204,-0.6209204,0.3590796,-0.28092042,0.01907959,-1.8009204,-0.16092041,0.9290796,0.1590796,-1.6909204,-2.3809204,-0.4709204
-2.1509204,-2.9709203,0.06907959,-3.1709204,-1.2709204,-0.5809204,0.4790796,-2.7309203,-0.3809204,1.4890796,1.9790796,3.2490797,5.0290794,5.8290796,5.7990794,2.1990795,-1.5209204,-0.2909204,-1.5609204,1.9590796,-6.6109204,-4.2209206,-1.8409204,-1.0509204,-0.7509204,1.2890795,1.8890796,2.0290797,0.3590796,2.4890795,1.8590796,1.6590796,3.0590796,-0.12092041,1.0990796,1.3490796,2.8290796,1.8590796,2.3490796,3.4390795,5.2290797,6.7890797,4.87908,6.9790797,3.8290796,2.0790796,1.4690796,1.1290796,0.2690796,0.1290796,0.05907959,-0.5309204,1.8790796,1.8590796,-0.19092041,-1.9909204,-2.5309205
-1.4509205,-1.0309204,-2.4609203,-1.8609204,-1.5209204,-0.3909204,-0.8009204,-1.6009204,1.2590796,2.8590796,3.4190795,7.0390797,7.64908,7.5690794,6.5490794,5.5090795,-0.79092044,-2.0809205,1.2390796,-0.8009204,-2.7409203,-2.0409205,-0.22092041,-0.3009204,-1.1409204,0.5390796,1.0190796,0.7890796,1.0890796,1.6290796,0.6790796,-0.5909204,1.7590796,-0.07092041,1.0990796,0.02907959,0.3590796,1.0490795,1.0190796,1.7690796,2.4190795,0.8390796,1.5290796,4.6790795,4.2190795,3.9190795,2.9590795,2.6490796,2.2990797,1.5190796,0.8190796,-0.10092041,-0.21092041,2.4190795,0.7790796,-2.4309204,-1.5009204
-0.17092042,-3.6009204,-2.7909205,-1.3309205,-1.4509205,-1.3509204,-1.2209204,0.7790796,2.5290797,5.8190794,6.5090795,6.3090796,3.1390796,4.5090795,5.4990797,6.8890796,4.2890797,2.7990797,3.4290795,5.1190796,-1.8309205,-1.8109204,-3.8109205,-0.4109204,-0.3609204,-0.06092041,0.8890796,1.5290796,1.1690795,1.2090796,2.1890795,1.0590796,1.1890796,3.4690795,1.1290796,0.19907959,0.64907956,1.4190795,3.1790795,1.5390795,1.1890796,0.51907957,1.9890796,1.2590796,1.9590796,0.6090796,-0.2309204,0.8490796,2.4290795,2.7990797,-1.0609204,1.3290796,-1.4009204,-1.0609204,0.4890796,2.7390795,0.8390796
2.3490796,1.2290796,-1.1109204,-0.7709204,0.4190796,2.1290796,2.2790797,5.8090796,6.3690796,7.9490795,7.0690794,6.3890796,5.16908,3.1490796,6.12908,4.2890797,4.6790795,2.7690797,4.4290795,0.6690796,-1.3509204,-1.1809204,0.5090796,-0.3309204,-0.8609204,-0.7009204,1.1790795,0.21907958,-0.28092042,0.14907959,-0.01092041,0.95907956,0.3290796,1.4990796,1.3190796,1.4390796,0.1590796,1.5990796,0.11907959,-0.31092042,0.6690796,1.3490796,1.4990796,2.3690796,0.9290796,1.2790796,-0.4509204,1.3490796,1.7990795,3.7490797,2.5690796,-1.3109204,-1.7509204,-2.7409203,-2.4609203,1.9690796,0.6390796
2.5590796,3.2090795,4.0390797,4.8490796,4.6990795,4.2490797,7.2190795,8.349079,9.189079,7.9590797,2.0190797,1.3290796,0.19907959,7.4890795,2.4090796,1.5590796,-1.3509204,3.6290796,4.6390796,2.1890795,3.3990796,-3.3009205,-0.7809204,-1.2809204,-0.6509204,-0.7009204,-0.11092041,0.14907959,0.2690796,-0.5909204,-0.1509204,0.22907959,0.4190796,0.9090796,-0.5009204,0.49907959,0.03907959,0.7990796,-0.28092042,1.3790796,0.28907958,0.8090796,1.2590796,2.3890796,2.0990796,-0.3809204,0.7390796,-0.9509204,0.8590796,-0.19092041,2.9190795,-1.0509204,-1.9609205,-1.8909204,-1.0109204,-0.08092041,-0.60092044
1.9490796,4.37908,6.2090797,5.8090796,6.2790794,7.5190797,6.8290796,8.4490795,7.12908,2.0990796,3.5290797,4.91908,3.6590796,2.9790795,3.1490796,-0.6309204,0.7590796,-0.1509204,-0.2009204,-2.3309205,-0.6209204,-0.2309204,-1.2109205,-0.9609204,0.5890796,-0.6109204,0.3890796,0.7890796,1.2090796,0.64907956,1.3390796,-0.4109204,0.9190796,2.6290796,-0.13092041,-0.14092042,0.6090796,3.5290797,0.22907959,2.4990797,1.4190795,1.1690795,4.8890796,4.2890797,0.9490796,2.1590796,2.7490797,2.3790796,2.3390796,1.8290796,2.0790796,-0.5909204,-1.4309204,-0.21092041,-1.1609204,0.4590796,-0.98092043
4.3490796,3.7290795,3.0490797,4.2090797,4.0690794,5.12908,6.8090796,8.279079,4.7590795,3.5690796,5.0290794,5.6890798,-3.2909205,3.9690795,-0.5009204,4.2190795,3.1590796,2.0790796,3.8090796,0.19907959,1.0790796,-0.7809204,-2.7509203,-1.8709204,0.10907959,-0.6409204,-0.3909204,0.8390796,-0.13092041,-0.06092041,1.5790796,1.5090796,0.3690796,0.07907959,-0.3309204,-5.1809206,-3.6209204,1.0990796,-1.1309204,1.2690796,2.9490795,4.1390796,3.6090796,2.6590796,2.3190796,1.4390796,2.3290796,2.3790796,2.2790797,2.3790796,0.7990796,1.9490796,-1.2709204,0.16907959,-1.2609204,-1.1109204,-0.7609204
3.1090796,4.0690794,4.1390796,4.3490796,3.5490797,5.3190794,1.8090796,4.6890798,3.1290796,2.8190796,2.7490797,-2.8509204,-2.4809203,1.3790796,-0.01092041,-4.7809205,0.57907957,-2.6709204,-0.3509204,-0.14092042,0.4890796,-0.5509204,-2.6009204,-1.5009204,-4.1709204,-2.6509204,-0.7709204,2.5890796,5.7490797,6.1990795,6.5690794,3.4990797,1.0290796,2.1690795,-0.8309204,0.6290796,-1.3509204,-0.9409204,0.6790796,1.7890795,-0.13092041,1.0390795,1.4390796,1.7890795,-0.4709204,-0.8309204,1.4090796,-0.6409204,2.3290796,1.7190796,1.1590796,3.3190796,-0.08092041,-1.6009204,-0.4409204,-1.8709204,-1.1609204
0.7290796,2.2090795,2.8190796,3.2690797,2.9190795,0.8790796,3.3590796,0.7890796,3.3790796,3.7890797,4.0390797,-0.11092041,0.9990796,-2.3909204,-0.2909204,-0.8209204,-0.34092042,-2.4209204,-0.4409204,-0.79092044,-3.4209204,-3.2509203,-2.3509204,-0.8309204,-0.24092041,1.9190795,0.6890796,-1.8509204,1.5890796,-1.3209205,3.1990795,4.8590794,6.6390796,5.4890795,1.6790795,-2.1609204,-1.7309204,5.0790796,0.5690796,1.2390796,3.0790796,1.3290796,-1.7409204,-0.28092042,-1.2009205,0.9090796,1.3590796,-0.8109204,0.5390796,1.6190796,0.3590796,0.22907959,-0.5209204,0.21907958,-2.1909204,-1.6209204,-0.6209204
-0.17092042,-0.3509204,1.0690796,0.24907959,1.2490796,-2.8009205,-1.0809205,2.2190795,1.0290796,2.0890796,2.8690796,-0.5309204,4.14908,-2.7109203,2.3190796,-1.3209205,-7.4209204,-5.6909204,-4.9809203,-5.10092,-3.5409205,-4.0309205,-5.5909204,-3.6609204,-1.9809204,2.7090795,-0.46092042,0.6690796,-1.2609204,-0.7509204,0.04907959,0.08907959,1.6490796,5.5290794,8.599079,9.58908,8.649079,-0.7009204,8.91908,4.66908,-0.5209204,5.7490797,12.399079,8.58908,2.9290795,3.4490795,-4.9409204,-1.0909204,-2.6109204,-1.1309204,-2.2009203,-4.9809203,0.16907959,-1.8209205,-2.8709204,-3.0809205,-2.7309203
-1.3309205,-4.4509206,-1.4709204,0.70907956,2.9190795,5.5790796,0.57907957,0.49907959,0.9090796,-0.7809204,1.6790795,3.3390796,2.6490796,3.2890797,-1.3709204,4.7290797,-4.5109205,-0.6609204,-3.4009204,-3.9509203,-2.8809204,-1.7709204,-1.1009204,1.5390795,-4.0209203,-2.5609205,2.3790796,-3.0509205,-0.6209204,-1.1709204,-0.02092041,-0.09092041,3.3290796,2.9690795,6.4490795,5.12908,5.6090794,6.7590795,8.149079,7.41908,1.6590796,0.05907959,0.7490796,2.3690796,-0.2309204,3.9790795,4.89908,3.3290796,7.0990796,10.399079,7.7590795,1.7290796,-3.7409203,-3.3109205,-3.5909204,-2.8909204,-0.17092042
-3.6409204,-6.3109202,-3.7909205,-1.1809204,3.6490796,5.6990795,-1.2409204,2.3890796,3.4190795,2.8790796,1.5790796,0.7190796,1.2490796,3.0090797,-0.7209204,1.6090796,3.8890796,4.41908,-4.6309204,-2.4809203,-1.1009204,-0.9909204,-0.1509204,-0.3609204,2.6990795,1.3590796,-0.06092041,0.09907959,-2.6609204,-2.9209204,-4.2509203,-1.7309204,-0.6809204,3.1490796,5.7990794,6.8890796,6.8390794,10.239079,6.8090796,9.82908,10.239079,8.1990795,7.0790796,9.61908,3.0490797,-0.050920412,0.40907958,3.9390795,9.90908,11.04908,8.359079,5.39908,-2.9509203,-2.8309205,-4.0209203,-3.4709203,-2.4009204
0.9490796,-1.4209204,1.3790796,1.2990795,2.9990797,4.37908,3.2990797,-1.8409204,1.6490796,1.0690796,1.1590796,3.5690796,2.8990796,5.1090794,5.14908,0.6890796,0.5590796,3.6890795,10.28908,1.8690796,2.3890796,-0.85092044,0.4190796,-0.79092044,-1.6009204,-1.6109204,0.6190796,-2.6009204,2.9090796,5.7890797,-0.9109204,-2.4909203,-1.2809204,0.3290796,2.7990797,2.2090795,7.1590796,2.3090796,-0.54092044,1.0590796,5.12908,5.6590796,7.0690794,9.939079,1.6490796,7.1590796,2.2990797,2.9690795,6.8590794,7.7090797,5.7790794,-1.5009204,-0.1509204,-6.5109205,-6.4109206,-4.12092,-1.6609204
3.4590795,3.6490796,2.2190795,-0.9309204,3.5890796,3.7490797,3.4890795,5.6190796,1.7790796,2.5290797,2.4990797,4.41908,5.41908,4.2990794,2.2490797,0.6090796,1.2690796,3.0390797,-2.5809205,0.4290796,-0.46092042,0.7290796,-4.12092,0.6090796,0.22907959,1.2490796,1.6690795,1.0090796,0.02907959,-0.9409204,-1.4509205,0.04907959,1.3890796,-0.7409204,3.9490795,-0.9009204,1.3790796,4.5190797,7.5690794,8.359079,7.2090797,3.9890795,5.2590795,8.989079,3.9890795,4.8890796,6.3290796,9.529079,7.41908,7.5690794,0.43907958,0.31907958,5.9990797,1.8590796,-6.5609202,-4.9009204,-3.4209204
3.4790795,0.7990796,0.08907959,1.1790795,-1.0709205,2.9390795,1.4490796,1.9690796,2.3090796,1.8490796,4.0090795,1.0290796,5.0690794,5.5790796,3.1790795,2.0690796,2.8990796,2.9390795,2.3790796,-1.5409204,0.37907958,-1.4109204,2.1790795,-0.79092044,-1.1409204,-1.9009204,-1.1609204,-2.4409204,0.2690796,-0.7809204,-0.92092043,2.0390797,-0.2909204,-3.8109205,-1.2009205,-1.3509204,0.9390796,1.9990796,2.6990795,2.9590795,5.37908,5.7790794,6.2790794,5.62908,3.2990797,2.6490796,6.0890794,11.019079,10.32908,11.729079,1.1690795,0.9790796,1.3590796,1.2890795,0.08907959,-0.08092041,-1.7109205
5.2090797,4.9590797,4.3890796,2.9990797,-0.5509204,-1.9809204,-0.34092042,0.10907959,0.8390796,0.51907957,-1.7909204,0.49907959,0.05907959,4.0090795,2.5990796,1.0490795,-2.0009203,-0.8409204,0.46907958,0.5690796,3.5990796,-1.0509204,-2.5309205,-2.2609205,-3.1609204,-3.4809203,-3.1009204,-2.4309204,-3.5809205,-5.5309205,-3.9409204,-4.87092,-4.4209204,-4.2109203,-4.4109206,-5.3109202,-5.10092,-3.2009203,-1.5409204,1.0590796,2.3390796,3.1890795,4.4890795,8.08908,2.5790796,1.6890796,4.41908,9.399079,7.4990797,4.9390798,-2.3309205,0.9790796,-2.7609205,-1.3009204,-3.1909204,-3.4609203,0.22907959
2.8990796,4.8690796,4.2090797,4.4590797,1.2090796,0.37907958,-1.0409204,-0.5009204,1.4290795,0.64907956,6.0690794,0.7890796,1.0290796,1.3490796,2.7690797,1.2790796,3.3790796,0.8790796,-2.7009203,-1.1109204,-3.9309204,-3.8109205,-5.8609204,-5.8209205,-4.4709206,-4.5509205,-3.8209205,-5.6709204,-5.5009203,-6.60092,-7.0509205,-6.1509204,-3.7209203,0.64907956,1.0090796,2.4190795,1.4590796,-2.9209204,-0.2009204,6.0690794,0.95907956,1.3190796,-1.7709204,0.8890796,0.9890796,3.4590795,6.89908,6.8890796,5.7890797,1.9990796,-3.4809203,-4.6609206,-2.6809204,1.3190796,1.9590796,-0.31092042,-0.11092041
