json/gfs_20240719_18.json
{"header": { "discipline":0, "disciplineName":"Meteorological products", "gribEdition":2, "gribLength":79795, "center":7, "centerName":"US National Weather Service - NCEP(WMC)", "subcenter":0, "refTime":"2024-07-19T18:00:00.000Z", "significanceOfRT":1, "significanceOfRTName":"Start of forecast", "productStatus":0, "productStatusName":"Operational products", "productType":1, "productTypeName":"Forecast products", "productDefinitionTemplate":0, "productDefinitionTemplateName":"Analysis/forecast at horizontal level/layer at a point in time", "parameterCategory":2, "parameterCategoryName":"Momentum", "parameterNumber":3, "parameterNumberName":"V-component_of_wind", "parameterUnit":"m.s-1", "genProcessType":2, "genProcessTypeName":"Forecast", "forecastTime":0, "surface1Type":103, "surface1TypeName":"Specified height level above ground", "surface1Value":10.0, "surface2Type":255, "surface2TypeName":"Missing", "surface2Value":0.0, "gridDefinitionTemplate":0, "gridDefinitionTemplateName":"Latitude_Longitude", "numberPoints":65160, "shape":6, "shapeName":"Earth spherical with radius of 6,371,229.0 m", "gridUnits":"degrees", "resolution":48, "winds":"true", "scanMode":0, "nx":360, "ny":181, "basicAngle":0, "lo1":0.0, "la1":90.0, "lo2":359.0, "la2":-90.0, "dx":1.0, "dy":1.0 }, "data":
[rows 0 to 25 of 181, columns 59 to 117 of 360]
-6.4463844,-6.4863844,-6.516384,-6.556384,-6.5863843,-6.6163845,-6.6463842,-6.666384,-6.6963844,-6.7163844,-6.7363844,-6.7563844,-6.766384,-6.786384,-6.7963843,-6.806384,-6.8163843,-6.8163843,-6.826384,-6.826384,-6.826384,-6.826384,-6.8163843,-6.806384,-6.806384,-6.786384,-6.7763844,-6.766384,-6.746384,-6.726384,-6.706384,-6.686384,-6.6563845,-6.6263843,-6.596384,-6.5663843,-6.536384,-6.496384,-6.4663844,-6.4263844,-6.3863845,-6.3363843,-6.2963843,-6.246384,-6.1963844,-6.1463842,-6.096384,-6.036384,-5.9863844,-5.9263844,-5.8663845,-5.806384,-5.7363844,-5.6763844,-5.6063843,-5.536384,-5.4663844,-5.3963842,-5.326384
-6.056384,-6.1363845,-6.206384,-6.2763844,-6.346384,-6.4063845,-6.4663844,-6.5263844,-6.5863843,-6.6363845,-6.6963844,-6.7363844,-6.786384,-6.8363843,-6.8763843,-6.916384,-6.956384,-6.996384,-7.0263844,-7.056384,-7.0863843,-7.1063843,-7.1263843,-7.1463842,-7.166384,-7.1763844,-7.1763844,-7.1763844,-7.1763844,-7.1763844,-7.166384,-7.1563845,-7.1463842,-7.1363845,-7.1163845,-7.0863843,-7.0663843,-7.036384,-6.996384,-6.9663844,-6.916384,-6.8763843,-6.826384,-6.786384,-6.726384,-6.666384,-6.6063843,-6.5463843,-6.476384,-6.416384,-6.3363843,-6.2763844,-6.1963844,-6.1163845,-6.0463843,-5.9663844,-5.8763843,-5.7963843,-5.6963844
-5.706384,-5.766384,-5.806384,-5.846384,-5.8963842,-5.936384,-5.996384,-6.0463843,-6.096384,-6.1563845,-6.2363844,-6.2963843,-6.3563843,-6.4263844,-6.4863844,-6.5463843,-6.5863843,-6.6263843,-6.666384,-6.706384,-6.726384,-6.746384,-6.7563844,-6.7763844,-6.786384,-6.806384,-6.8163843,-6.826384,-6.846384,-6.8563843,-6.8763843,-6.8863845,-6.8863845,-6.8963842,-6.8963842,-6.8863845,-6.8763843,-6.8563843,-6.8363843,-6.806384,-6.786384,-6.766384,-6.746384,-6.7163844,-6.6763844,-6.6463842,-6.596384,-6.5463843,-6.4863844,-6.4263844,-6.3563843,-6.2963843,-6.246384,-6.1763844,-6.1063843,-6.036384,-5.956384,-5.8763843,-5.786384
-5.1263843,-5.1363845,-5.1563845,-5.186384,-5.2163844,-5.2363844,-5.266384,-5.286384,-5.326384,-5.3563843,-5.4063845,-5.4463844,-5.4863844,-5.516384,-5.5463843,-5.576384,-5.6163845,-5.6563845,-5.6963844,-5.746384,-5.786384,-5.826384,-5.8563843,-5.8963842,-5.9263844,-5.9663844,-6.0263844,-6.0663843,-6.1063843,-6.1363845,-6.1763844,-6.186384,-6.206384,-6.226384,-6.246384,-6.266384,-6.2563844,-6.2563844,-6.246384,-6.2363844,-6.226384,-6.226384,-6.226384,-6.2163844,-6.186384,-6.1563845,-6.1263843,-6.076384,-6.0463843,-5.996384,-5.9463844,-5.8963842,-5.846384,-5.7763844,-5.726384,-5.6763844,-5.6363845,-5.596384,-5.5663843
-3.8463843,-3.9063842,-3.9563842,-4.016384,-4.076384,-4.1363845,-4.206384,-4.266384,-4.346384,-4.416384,-4.4863844,-4.556384,-4.6063843,-4.6463842,-4.686384,-4.726384,-4.7763844,-4.8363843,-4.8863845,-4.956384,-5.0263844,-5.0863843,-5.1363845,-5.166384,-5.206384,-5.246384,-5.2963843,-5.346384,-5.3963842,-5.436384,-5.476384,-5.536384,-5.5863843,-5.6463842,-5.6963844,-5.7363844,-5.766384,-5.806384,-5.826384,-5.8563843,-5.8863845,-5.916384,-5.956384,-5.9863844,-6.0263844,-6.0463843,-6.0463843,-6.0263844,-5.996384,-5.9663844,-5.936384,-5.9063845,-5.8863845,-5.846384,-5.786384,-5.746384,-5.6963844,-5.666384,-5.6163845
-2.9963844,-3.0663843,-3.1563842,-3.2363844,-3.3263843,-3.4163842,-3.4963844,-3.5863843,-3.6563842,-3.7163842,-3.7863843,-3.8563843,-3.9763842,-4.0863843,-4.1963844,-4.266384,-4.3163843,-4.3363843,-4.346384,-4.3563843,-4.3763843,-4.416384,-4.456384,-4.5063844,-4.556384,-4.596384,-4.6363845,-4.706384,-4.806384,-4.916384,-5.036384,-5.1363845,-5.206384,-5.266384,-5.3163843,-5.3863845,-5.4063845,-5.4263844,-5.4663844,-5.5063844,-5.5463843,-5.5663843,-5.5863843,-5.6163845,-5.6363845,-5.666384,-5.7363844,-5.806384,-5.846384,-5.8563843,-5.8863845,-5.916384,-5.8963842,-5.846384,-5.806384,-5.7563844,-5.6563845,-5.556384,-5.4263844
-1.7963843,-1.8363843,-1.9663843,-2.1463842,-2.3163843,-2.3763843,-2.3863842,-2.4163842,-2.4963844,-2.6363842,-2.7963843,-2.9363842,-3.0463843,-3.1663842,-3.3563843,-3.5863843,-3.7463844,-3.8063843,-3.7463844,-3.6963842,-3.7563844,-3.8563843,-3.9463842,-3.9763842,-3.9463842,-3.9263842,-3.9563842,-4.0463843,-4.186384,-4.3763843,-4.536384,-4.6763844,-4.8163843,-4.936384,-5.0463843,-5.1263843,-5.226384,-5.306384,-5.3663845,-5.4263844,-5.456384,-5.4663844,-5.496384,-5.496384,-5.5263844,-5.576384,-5.576384,-5.5863843,-5.6363845,-5.666384,-5.686384,-5.6963844,-5.6363845,-5.556384,-5.456384,-5.3363843,-5.206384,-5.0463843,-4.916384
-1.0263842,-1.0463843,-1.1163843,-1.1963843,-1.3063843,-1.3963842,-1.4963843,-1.5863843,-1.6763843,-1.8263843,-1.9963843,-2.1663842,-2.3163843,-2.4963844,-2.7463844,-2.9763842,-3.0963843,-3.1663842,-3.2463844,-3.3963842,-3.5163844,-3.6363842,-3.7363844,-3.8363843,-3.9163842,-3.9763842,-4.076384,-4.206384,-4.3363843,-4.436384,-4.576384,-4.746384,-4.9263844,-5.0663843,-5.166384,-5.286384,-5.3763843,-5.416384,-5.4463844,-5.4463844,-5.4263844,-5.3963842,-5.3663845,-5.3663845,-5.3863845,-5.3963842,-5.3863845,-5.3763843,-5.3663845,-5.326384,-5.2763844,-5.226384,-5.1063843,-4.9663844,-4.8363843,-4.7363844,-4.6263843,-4.536384,-4.456384
-0.18638428,-0.3763843,-0.49638426,-0.5163843,-0.50638425,-0.5963843,-0.62638426,-0.5463843,-0.50638425,-0.5763843,-0.75638425,-1.0163842,-1.3063843,-1.6263843,-1.8963842,-2.0963843,-2.2963843,-2.5463843,-2.8263843,-3.0663843,-3.2363844,-3.3863842,-3.5163844,-3.6463842,-3.7663844,-3.8063843,-3.8263843,-3.9163842,-4.0063844,-4.096384,-4.166384,-4.186384,-4.206384,-4.246384,-4.5263844,-4.5463843,-4.536384,-4.476384,-4.516384,-4.6063843,-4.6463842,-4.686384,-4.7563844,-4.806384,-4.8763843,-4.8763843,-4.8763843,-4.8863845,-4.8963842,-4.826384,-4.726384,-4.6163845,-4.5263844,-4.416384,-4.306384,-4.1563845,-4.0463843,-3.9863844,-3.9563842
0.3136157,2.1136158,1.6836157,-0.15638427,0.50361574,0.42361572,-1.4263843,-2.3963842,-2.4063842,-2.1663842,-1.8563843,-2.1963842,-2.9963844,-3.4863844,-3.4663842,-3.6663842,-3.5563843,-3.3063843,-3.0063844,-2.8163843,-3.0663843,-3.5563843,-3.7963843,-3.9463842,-4.1163845,-4.1563845,-4.326384,-4.0463843,-3.6763842,-3.8663843,-4.076384,-4.596384,-4.7163844,-4.1063843,-3.0263844,-2.2963843,-2.4463842,-3.0463843,-3.6263843,-3.7663844,-3.6063843,-3.6563842,-4.206384,-4.6463842,-4.346384,-4.1263843,-4.166384,-4.0263844,-3.9763842,-3.9163842,-3.9563842,-3.9963844,-4.0263844,-3.9763842,-3.9763842,-3.9563842,-3.8763843,-3.7763844,-3.5663843
2.1036158,2.3536158,2.2636156,1.6236157,1.2336158,0.93361574,0.36361572,0.15361573,0.16361572,-0.4063843,-0.69638425,-0.81638426,-1.2263843,-1.5363842,-1.8963842,-2.3063843,-2.5863843,-2.8863842,-3.2363844,-3.6063843,-3.8563843,-3.4663842,-2.9663842,-2.9663842,-3.5063844,-3.6963842,-3.3763843,-3.1863842,-3.0763843,-3.1563842,-3.4363842,-3.2663844,-3.1163843,-2.9263842,-2.6463842,-2.3363843,-0.23638427,0.75361574,-0.27638426,0.68361574,0.22361572,-1.7963843,-3.1363842,-4.0063844,-3.7663844,-3.7263842,-4.1763844,-4.496384,-4.516384,-4.536384,-4.5663843,-4.686384,-4.8863845,-4.8863845,-4.576384,-4.0463843,-3.2863843,-3.0063844,-2.8463843
2.5936158,2.0736158,1.7036157,1.3936157,1.3636158,1.3736157,1.1636157,0.75361574,0.3736157,0.053615723,-0.48638427,-0.6563843,-0.42638427,-0.38638428,-0.7263843,-1.4163842,-1.9063842,-2.2763844,-2.6763842,-2.8763843,-2.9563842,-3.1463842,-3.1463842,-3.2163842,-3.2063842,-3.2063842,-3.2163842,-3.3163843,-3.3063843,-3.3363843,-3.4963844,-3.6663842,-3.9263842,-4.036384,-3.5363843,-3.3763843,-4.096384,-3.7563844,-2.4063842,-6.2963843,-4.7763844,-1.3263843,0.8436157,-0.5363843,-2.2363844,-1.9763843,-6.016384,-7.916384,-6.7163844,-6.1163845,-5.2563844,-5.0663843,-5.0863843,-4.956384,-4.7963843,-4.7163844,-4.5663843,-4.346384,-4.1163845
3.9736156,3.3736157,2.6236157,2.1436157,1.7236158,1.2136158,0.9236157,0.7336157,0.74361575,0.6036157,0.04361572,-0.42638427,-0.6463843,-0.7863843,-0.9563843,-1.4163842,-2.0563843,-2.4663842,-2.3863842,-2.3063843,-2.3963842,-2.4763842,-2.3463843,-2.2163842,-2.5063844,-2.6863842,-2.8263843,-3.0363843,-3.1863842,-3.3063843,-3.5863843,-3.7063842,-3.6463842,-3.7163842,-3.8263843,-3.8963842,-4.056384,-4.4063845,-4.5263844,-3.8463843,-3.2663844,-3.5563843,-3.1463842,-2.6363842,-1.9663843,-0.9763843,-0.25638428,0.5436157,-0.87638426,-2.3663843,-3.0763843,-3.4963844,-4.266384,-4.976384,-5.1263843,-4.1363845,-3.7263842,-3.5863843,-3.5963843
4.4336157,3.6736157,3.1336157,2.6336157,1.9136157,1.4736158,1.8436158,3.4536157,4.733616,2.6636157,-2.1763842,-4.5063844,-5.456384,-5.6163845,-5.1263843,-4.6163845,-4.346384,-3.5963843,-2.4063842,-2.3463843,-3.1463842,-3.5763843,-3.8863842,-3.8163843,-3.5763843,-3.8063843,-3.7263842,-3.5063844,-3.3963842,-3.4763842,-2.6463842,-2.9263842,-4.3863845,-4.686384,-4.766384,-4.706384,-4.1963844,-4.2963843,-4.1363845,-3.3063843,-2.6163843,-1.8863842,-1.0363842,-0.21638428,0.053615723,-0.4363843,-0.47638428,-0.35638428,-1.2763842,-2.4763842,-2.8463843,-2.9663842,-3.1763842,-3.6363842,-2.3963842,-1.0963843,-1.3163843,-1.4863843,-1.7063843
5.4136157,2.6936157,1.4836158,-0.80638427,-3.6763842,-6.4863844,-7.326384,-2.8063843,-0.016384277,-4.1363845,-3.8963842,-1.0063843,0.63361573,0.56361574,-2.7463844,-3.7763844,-3.3763843,-3.0463843,-2.9763842,-2.9563842,-2.8463843,-2.7263842,-2.5263844,-2.2763844,-2.1263843,-2.0163844,-1.6363842,-2.5463843,-3.0763843,-2.5063844,-2.4563842,-2.0163844,-1.5763843,-0.9663843,-0.20638427,0.80361575,0.20361573,-0.13638428,0.17361572,-0.38638428,-1.3463843,-1.4363843,-0.8463843,-0.4663843,-0.16638428,0.053615723,0.16361572,1.3036157,1.6136158,0.27361572,-0.26638427,-0.63638425,-1.2863842,-2.4563842,-3.3063843,-2.6063843,-1.2163843,-0.6663843,-0.7363843
-2.1563842,-1.4863843,-1.8063843,-0.09638428,-0.19638428,-0.6063843,-0.81638426,-1.5963843,-2.5463843,-1.9563843,-0.5363843,0.6036157,-0.14638428,-1.4463843,-1.0663843,-1.4863843,-1.4863843,-1.9163842,-3.3363843,-3.3963842,-3.1763842,-3.0263844,-2.8863842,-2.3163843,-2.1063843,-2.0863843,-1.7563843,-0.9763843,-0.0063842773,-1.4663843,-1.2363843,-1.6263843,-1.5763843,-1.9663843,-2.3963842,-1.9063842,-1.5363842,-1.2763842,-1.3263843,-1.8663843,-2.0363843,-1.9963843,-1.5963843,-1.9463843,-2.3563843,-1.9263843,-2.3363843,-1.9263843,-0.88638425,0.2836157,-0.3463843,-0.7163843,-0.42638427,0.5336157,1.2136158,2.4136157,1.1936157,-0.8263843,-0.62638426
4.313616,3.1936157,2.3136158,1.6236157,-1.1463842,-1.0463843,-1.0363842,-1.2863842,-1.8263843,-1.7263843,-1.5263842,-2.1563842,-3.4763842,-3.8663843,-2.9363842,-2.0263844,-1.1463842,-0.7763843,-1.2663842,-1.6163843,-1.7663842,-1.7563843,-1.7963843,-1.8163843,-2.1263843,-1.5563843,-1.6163843,-2.3463843,-2.3163843,-2.7763844,-2.4663842,-3.5063844,-3.0963843,-2.9963844,-3.2063842,-3.2763844,-2.2363844,-1.5263842,-1.2563843,-2.0263844,-1.1563842,-2.2363844,-2.5263844,-2.1463842,-1.8563843,-1.5963843,-1.9163842,-1.8063843,-1.5863843,-1.7963843,-2.1463842,-1.6263843,-1.2463843,-0.4063843,-0.16638428,0.07361572,-0.3163843,-0.5363843,0.48361573
2.2836158,1.6136158,0.7736157,-1.0663843,-2.4663842,-1.6963843,-1.1863843,-1.2963843,-1.7263843,-2.6063843,-3.0163844,-2.3663843,-1.1263843,-0.62638426,-0.24638428,-1.2863842,-2.1763842,-1.1963843,-2.0163844,-3.1463842,-3.0663843,-3.5463843,-3.7163842,-3.9463842,-4.5863843,-4.516384,-3.9163842,-4.0863843,-2.9463842,-3.2663844,-3.3663843,-3.3163843,-2.5763843,-2.1863842,-2.2063842,-2.5163844,-1.9563843,-1.3063843,-1.0563843,-1.1463842,-0.5763843,-0.5263843,-0.4363843,-0.27638426,-0.42638427,-0.116384275,-0.14638428,-0.24638428,-0.16638428,-0.75638425,-0.8963843,-0.8963843,-0.94638425,-0.7963843,-0.55638427,-0.32638428,-0.5163843,-0.68638426,-0.41638428
1.4936157,-0.14638428,-1.5863843,-2.2563844,-1.9663843,-1.8863842,-2.1163843,-2.4763842,-2.7063842,-4.2363844,-3.1463842,-4.1063843,-1.0963843,-0.19638428,-1.6163843,-1.6963843,-1.5363842,-2.6263843,-3.6363842,-4.6063843,-4.096384,-5.226384,-6.5863843,-5.456384,-4.1263843,-3.7263842,-3.5163844,-3.1263843,-3.0963843,-3.4063842,-2.7063842,-3.0963843,-2.7063842,-2.0463843,-2.0663843,-1.7763842,-2.0563843,-1.4963843,-1.0763843,-1.1963843,-0.69638425,-0.8563843,-0.75638425,-0.22638428,0.19361572,0.35361573,0.22361572,-0.4663843,-0.8463843,-1.0063843,-1.2563843,-1.3963842,-0.9163843,-0.67638427,-0.45638427,-0.30638427,-0.42638427,-0.4363843,-0.3763843
-0.4063843,-1.6263843,-2.0263844,-2.0763843,-2.3163843,-2.5763843,-2.8863842,-3.1363842,-3.4763842,-3.4663842,-2.6863842,-0.94638425,-1.7763842,-2.5963843,-3.2563844,-2.6363842,-3.9463842,-3.9563842,-3.4663842,-4.6263843,-4.7963843,-4.8663845,-4.846384,-4.666384,-5.1363845,-2.8963842,-2.9963844,-3.0463843,-3.5863843,-3.8663843,-3.6263843,-2.9463842,-2.3763843,-2.2763844,-2.5163844,-2.9663842,-3.2363844,-1.7563843,-1.2163843,-0.55638427,-0.32638428,-0.42638427,0.013615723,0.57361573,-0.09638428,-1.0063843,-0.87638426,-0.7363843,-0.9163843,-0.81638426,-0.69638425,-0.7763843,-1.0163842,-1.1763843,-1.1663842,-1.2663842,-1.4963843,-1.2663842,-1.0563843
-2.3763843,-2.9663842,-3.4563842,-3.3063843,-3.6763842,-4.0263844,-4.1363845,-4.0663843,-3.4863844,-2.8163843,-2.9063842,-3.2963843,-3.5863843,-3.2363844,-4.0263844,-3.8063843,-4.576384,-5.076384,-5.1963844,-5.556384,-5.846384,-3.0463843,-4.2563844,-5.2963843,-6.6163845,-3.6763842,-3.7463844,-5.076384,-6.1363845,-8.336384,-3.6963842,-4.266384,-2.5263844,-1.1963843,-0.7963843,-1.2963843,-1.8263843,-1.9563843,-1.2463843,-0.25638428,-0.62638426,-0.75638425,-0.7663843,-1.3863842,-1.7063843,-2.0463843,-2.4563842,-1.6663842,-1.4263843,-1.5063843,-1.1863843,-2.1463842,-1.3763843,-1.5763843,-1.6763843,-1.5363842,-1.4563843,-1.8863842,-2.6263843
-6.286384,-5.936384,-3.8363843,-3.8463843,-4.496384,-4.0863843,-3.8363843,-3.1063843,-3.5263844,-3.5163844,-4.1963844,-4.6463842,-5.8963842,-5.0863843,-5.286384,-5.5663843,-5.826384,-6.2963843,-6.266384,-4.6563845,-3.0863843,-3.9663842,-4.8963842,-5.1463842,-4.4063845,-4.8663845,-6.1963844,-6.7363844,-6.6963844,-1.8363843,-4.0263844,-2.3963842,-2.6763842,-1.2863842,-0.9063843,-1.9463843,-0.026384277,-0.19638428,-0.056384277,-0.24638428,0.14361572,0.093615726,-1.0163842,-1.6763843,-3.0963843,-3.8963842,-3.2263842,-2.8163843,-3.2563844,-3.1763842,-1.2863842,-1.4363843,-2.2863843,-2.2763844,-2.9863844,-3.6063843,-3.1963842,-3.1363842,-3.2563844
-5.826384,-2.6663842,-3.8763843,-5.7163844,-6.2563844,-7.516384,-7.1363845,-1.3163843,-3.7263842,-6.5263844,-4.8863845,-4.6763844,-5.806384,-4.8863845,-5.3163843,-5.8563843,-5.8363843,-4.8563843,-4.6363845,-3.5563843,-3.9263842,-4.8563843,-5.8563843,-4.8563843,-4.786384,-5.4063845,-6.6763844,-7.6963844,-5.246384,-2.2663844,-2.7663844,-0.9663843,-1.4563843,-1.7463843,-0.42638427,0.08361572,0.10361572,-0.8363843,-1.0063843,0.27361572,0.41361573,-1.3363843,-3.4663842,-4.496384,-3.8663843,-3.7363844,-3.1263843,-3.7663844,-3.7663844,-3.2663844,-0.87638426,-1.8763843,-2.0163844,-2.5963843,-2.2663844,-2.9063842,-2.6763842,-1.7863842,-2.0363843
-4.5463843,-5.1763844,-5.996384,-5.8763843,-5.936384,-3.1263843,1.8336158,-0.92638427,-6.7563844,-6.7163844,-3.3463843,-4.806384,-5.3563843,-7.166384,-7.536384,-2.8263843,-3.8063843,-3.7663844,-3.4163842,-2.6863842,-2.9063842,-3.3763843,-3.8063843,-4.3163843,-4.706384,-4.4863844,-4.936384,-5.5863843,-4.686384,-3.1163843,-1.7163843,-0.74638426,-0.9563843,-0.25638428,-0.41638428,-1.6563842,-1.0263842,-1.5263842,-0.076384276,-0.55638427,-1.8463843,-2.4363842,-3.8863842,-2.9863844,-2.4863844,-4.6063843,-3.3663843,-1.5063843,-1.0263842,-2.0763843,-0.56638426,-0.6463843,-2.1063843,-2.8763843,-2.8263843,-2.9963844,-1.8063843,-1.5863843,-0.17638427
-2.5563843,-3.9263842,-3.8463843,-3.9963844,-0.5963843,-3.0463843,-3.5863843,-4.9063845,-6.4263844,-2.8263843,-3.7463844,-4.9263844,-6.536384,-6.266384,-4.746384,-3.8763843,-4.956384,-5.786384,-4.036384,-3.1463842,-3.6463842,-4.166384,-4.476384,-4.1963844,-4.6163845,-4.8763843,-4.9263844,-6.0263844,-5.686384,-3.0263844,-1.3563843,-2.5263844,-0.6663843,-0.8563843,-0.18638428,0.5836157,0.35361573,0.4336157,-0.5963843,-1.5763843,-2.0363843,-3.0563843,-3.4363842,-2.8463843,-2.7763844,-2.5263844,-2.2163842,-3.1263843,-2.4663842,-1.2063843,-1.8163843,-1.9463843,0.15361573,0.24361572,0.9036157,1.0836158,0.36361572,1.3036157,-1.2163843
-2.2863843,-2.4463842,-3.0663843,-2.6663842,-2.9163842,-3.7763844,-3.7063842,-2.8563843,-2.4663842,-4.516384,-5.1563845,-6.0063844,-7.306384,-5.8163843,-5.166384,-5.0263844,-4.6963844,-3.9163842,-3.7863843,-3.0463843,-4.9463844,-5.1063843,-4.6463842,-4.166384,-4.056384,-4.1563845,-4.8563843,-5.5263844,-6.706384,-5.206384,-0.27638426,-0.5263843,-0.10638428,-0.076384276,0.23361573,1.1236157,1.0636157,1.0536157,0.44361573,1.3936157,0.7236157,0.24361572,0.7036157,0.36361572,0.46361572,0.10361572,0.45361573,1.7036157,1.0636157,0.7936157,0.7336157,1.6336157,2.1236157,1.7636157,3.0036156,2.3136158,1.3436158,1.7036157,1.7936157
