json/gfs_20240725_18.json
{"header": { "discipline":0, "disciplineName":"Meteorological products", "gribEdition":2, "gribLength":79572, "center":7, "centerName":"US National Weather Service - NCEP(WMC)", "subcenter":0, "refTime":"2024-07-25T18:00:00.000Z", "significanceOfRT":1, "significanceOfRTName":"Start of forecast", "productStatus":0, "productStatusName":"Operational products", "productType":1, "productTypeName":"Forecast products", "productDefinitionTemplate":0, "productDefinitionTemplateName":"Analysis/forecast at horizontal level/layer at a point in time", "parameterCategory":2, "parameterCategoryName":"Momentum", "parameterNumber":3, "parameterNumberName":"V-component_of_wind", "parameterUnit":"m.s-1", "genProcessType":2, "genProcessTypeName":"Forecast", "forecastTime":0, "surface1Type":103, "surface1TypeName":"Specified height level above ground", "surface1Value":10.0, "surface2Type":255, "surface2TypeName":"Missing", "surface2Value":0.0, "gridDefinitionTemplate":0, "gridDefinitionTemplateName":"Latitude_Longitude", "numberPoints":65160, "shape":6, "shapeName":"Earth spherical with radius of 6,371,229.0 m", "gridUnits":"degrees", "resolution":48, "winds":"true", "scanMode":0, "nx":360, "ny":181, "basicAngle":0, "lo1":0.0, "la1":90.0, "lo2":359.0, "la2":-90.0, "dx":1.0, "dy":1.0 }, "data":
[rows 78 to 103 of 181, columns 0 to 58 of 360]
4.2319655,3.8919654,3.0119653,2.6019654,3.2919652,3.6919653,1.2619653,0.38196534,-0.94803464,-0.7680347,1.5019653,2.5119653,1.4519653,0.34196532,2.1619654,2.0719652,-0.29803467,-1.9780346,1.7819654,0.76196533,-0.24803467,-0.29803467,2.7119653,1.7919654,-1.0180347,0.011965332,0.051965334,-0.22803468,2.0719652,5.651965,4.9119654,3.1819654,7.2319655,5.7119656,4.9819655,3.4819653,0.69196534,-0.26803467,1.6319653,0.40196532,-6.2280345,-8.938035,-2.4980347,-5.1280346,-2.9380348,3.6019654,4.9719653,9.311965,5.9619656,2.9419653,-1.9880347,2.3119652,13.611965,11.461966,8.351965,10.961966,12.991965,12.441965,10.5419655
3.3019652,1.7719654,1.2719654,0.6619653,1.3519653,1.6219653,0.29196534,0.87196535,0.57196534,0.07196533,-0.50803465,-0.16803467,0.051965334,2.3419654,1.8119653,-0.37803468,-1.9180347,1.7019653,-0.55803466,1.3619653,2.2619653,1.8419653,0.95196533,2.9919653,3.0119653,2.5019653,1.6319653,1.9319654,0.5319653,3.0319653,2.3319654,1.6919653,2.4019654,3.3119652,2.0019653,0.88196534,0.14196533,0.051965334,1.0719653,0.35196534,0.121965334,-0.20803466,-0.8980347,-4.3980346,-3.8280346,-0.27803466,2.0319653,6.651965,6.151965,5.3919654,10.801966,10.551966,15.671966,14.471966,13.231965,12.7519655,12.2519655,11.031965,9.091966
1.1619654,1.8319653,0.9119653,2.4819653,1.0019653,0.63196534,0.03196533,1.1919653,0.8319653,0.56196535,0.25196534,1.8619653,-0.11803467,-0.9680347,-0.73803467,-0.56803465,-0.86803466,-1.6780347,-0.34803468,0.6519653,0.07196533,1.6119653,2.0519652,2.0619652,1.3919654,0.23196533,-1.9780346,-0.13803467,-0.47803468,0.94196534,1.7419653,0.7319653,1.9519653,2.0519652,1.1119653,1.2519653,0.32196534,1.7519653,-0.93803465,0.7319653,-0.19803467,1.4019654,3.6219654,0.50196534,3.7919652,3.0819654,4.1819654,4.2119656,8.631966,11.351965,11.921966,16.401966,15.681965,14.451965,13.231965,12.061965,8.741965,8.411965,8.651965
2.3119652,0.9019653,1.6019653,1.7919654,1.7119653,1.5019653,0.021965332,-0.7880347,-0.15803467,0.11196533,2.8119652,1.2619653,-1.0680346,0.051965334,-0.5380347,0.9719653,0.5319653,1.7719654,0.67196536,1.3819653,0.6419653,1.4419653,1.2519653,0.99196535,1.2219653,-0.25803468,-0.028034668,1.2319653,1.9819653,2.0619652,0.20196533,1.2619653,0.8919653,0.21196534,-0.67803466,-0.36803466,0.19196533,-0.74803466,0.61196536,0.021965332,1.4819653,0.76196533,2.2319653,4.1819654,4.421965,7.111965,8.241965,8.781965,8.091966,8.101965,11.661965,14.131966,13.881966,13.991965,12.681965,9.121965,7.9119654,7.9319654,7.4119654
2.4619653,0.6419653,1.3519653,2.5819654,2.6319654,2.1619654,0.94196534,-0.048034668,0.9119653,1.0519654,0.46196532,-0.06803467,0.22196533,0.23196533,1.6619654,0.13196534,-1.9380347,-1.9180347,-1.0980346,-1.7680347,0.5219653,0.57196534,1.3019654,0.94196534,0.27196532,1.2719654,1.2119653,1.4519653,1.4119654,2.3319654,1.6119653,0.8519653,0.99196535,-0.5180347,-1.2680347,1.1119653,-0.018034669,0.80196536,-0.30803466,2.3819654,-0.57803464,2.3819654,5.3719654,4.801965,5.9719653,7.051965,6.8719654,8.211966,8.401965,10.951965,12.641965,14.0019655,13.701965,12.201965,9.691965,9.621965,8.571965,7.5119653,6.551965
1.3519653,2.5819654,4.1019654,3.1519654,2.4019654,2.2019653,1.1619654,2.1519654,1.5419654,2.9019654,0.6419653,-0.31803468,0.6419653,-0.20803466,0.37196532,2.0219653,-0.34803468,-2.1680346,-1.9780346,-0.23803467,0.25196534,0.31196535,-1.0980346,-0.27803466,0.35196534,1.3319653,2.1519654,1.1919653,0.31196535,0.43196532,0.45196533,0.001965332,-0.20803466,-0.008034668,-0.8480347,1.5619653,-1.1680347,-0.048034668,-0.74803466,1.5119653,1.9119654,5.9719653,7.8719654,6.6219654,6.7919655,6.2619653,7.171965,8.381966,11.881966,10.681965,13.261966,13.151965,11.281965,9.941965,8.901965,8.641965,7.9919653,7.4119654,6.9919653
3.8319654,5.191965,5.7419653,4.2219653,3.6619654,1.3519653,1.2319653,2.1819654,2.5619652,0.06196533,1.6119653,0.011965332,0.9819653,-0.29803467,-0.92803466,-0.29803467,1.4219654,1.0119653,-0.63803464,-0.5880347,-1.3080347,-0.61803466,-0.33803466,0.43196532,0.14196533,1.3119653,1.3419653,2.0319653,2.1319654,1.7519653,1.7819654,0.40196532,-0.7880347,0.86196536,-0.008034668,-0.86803466,-0.9580347,-1.4080347,1.2919654,0.21196534,1.8919654,6.841965,10.111965,6.5219655,5.8719654,9.981965,9.341966,10.601965,10.411965,12.911965,12.031965,10.521965,8.991965,8.711966,8.711966,8.091966,7.7119656,6.691965,6.0019655
4.941965,3.4719653,2.9319654,4.571965,4.321965,4.381965,2.0519652,1.9119654,2.3219652,1.8819653,0.7219653,1.0919653,1.4719653,0.80196536,0.5319653,-0.79803467,-0.12803467,2.5819654,-2.7480347,-0.9680347,-1.0980346,-0.9180347,-0.38803467,0.021965332,-0.49803466,-0.7180347,0.36196533,0.5219653,1.9619653,1.0719653,0.9119653,0.92196536,1.7819654,0.92196536,-0.18803467,-1.5780346,-1.6980346,-0.29803467,2.7119653,2.8719654,5.0119653,6.2319655,8.761966,7.7319655,8.271965,9.421966,10.731965,11.061965,11.321965,10.831965,10.091966,9.191965,9.401965,9.191965,8.771965,7.7219653,6.9619656,6.651965,6.6419654
5.0419655,5.111965,4.591965,4.8319654,5.4719653,6.631965,6.5819654,5.421965,5.361965,-0.62803465,1.4519653,1.3119653,0.5419653,-0.11803467,0.121965334,0.24196534,-0.008034668,-0.46803465,0.13196534,-2.4380348,0.47196534,-1.1280347,-1.0280347,-0.14803466,0.011965332,-0.038034666,-0.6580347,-0.32803467,0.7919653,0.8419653,0.31196535,0.25196534,-1.7680347,0.9019653,0.9719653,-1.4080347,2.2119653,2.4319654,1.9719653,3.0519652,5.5619655,6.341965,7.2919655,9.0019655,10.941965,11.161965,9.781965,9.781965,9.381966,10.371965,9.241965,9.121965,8.671966,8.651965,8.151965,6.5219655,6.2319655,6.301965,7.5119653
6.1619654,5.4919653,5.7119656,6.0619655,7.4919653,6.841965,6.401965,5.0319653,5.091965,5.0219655,3.3319654,-0.33803466,0.9719653,1.1819654,0.7819653,1.7919654,0.06196533,1.2619653,0.42196533,0.86196536,1.5919653,1.0919653,-0.29803467,-1.0280347,-0.63803464,-0.9180347,0.28196535,0.81196535,-0.20803466,-0.21803467,0.93196535,0.86196536,0.67196536,0.88196534,-0.35803467,-1.1080346,-2.4580348,2.0819654,6.4519653,6.091965,1.6619654,7.4119654,8.971966,10.131966,8.911965,9.191965,9.261966,9.781965,9.441965,8.901965,8.111965,7.821965,7.5219655,7.4319654,7.3319654,6.3319654,5.6219654,7.321965,7.861965
5.821965,6.841965,7.5019655,7.1419654,6.421965,5.651965,5.7319655,5.341965,5.301965,5.0319653,0.99196535,-0.12803467,-0.87803465,-0.9080347,0.29196534,0.24196534,0.9619653,-1.1380347,0.9719653,1.4319654,0.42196533,0.5319653,0.6519653,-0.79803467,-1.1380347,-0.5880347,0.041965332,-0.68803465,-0.49803466,0.5419653,-0.17803466,-2.1580346,-0.35803467,2.1319654,1.0219654,0.31196535,-3.2480347,-0.63803464,1.9019654,4.861965,7.6819654,8.421966,9.331965,8.861965,6.2119656,8.771965,9.511966,9.721966,9.051966,8.201965,8.7519655,8.141965,7.191965,7.301965,6.8719654,6.361965,8.101965,7.801965,7.5819654
5.7719655,5.7919655,5.5819654,6.2419653,4.941965,4.7219653,4.8319654,4.7319655,5.8119655,5.611965,0.48196533,0.37196532,0.31196535,-0.36803466,-0.37803468,-0.27803466,-0.48803467,0.21196534,0.88196534,0.69196534,0.31196535,1.4119654,-0.48803467,1.6619654,0.7719653,-0.50803465,-0.24803467,-0.92803466,-0.40803468,0.25196534,-0.80803466,0.37196532,1.4919653,1.2519653,2.3619654,0.99196535,1.0619653,0.42196533,4.0419655,7.8119655,8.901965,7.941965,7.8719654,4.5419655,7.9719653,9.201965,8.611965,8.561965,8.851965,8.431965,8.591966,7.8719654,7.3719654,7.361965,6.8119655,7.7019653,7.651965,7.8119655,7.421965
4.3719654,5.381965,5.301965,4.6619654,4.7119656,4.2219653,4.191965,4.381965,5.131965,4.9119654,0.13196534,0.67196536,0.22196533,-0.22803468,-0.5280347,-0.9180347,-0.9180347,0.62196535,1.3519653,-0.7180347,-0.62803465,0.94196534,0.041965332,-0.098034665,-0.81803465,-0.48803467,-0.86803466,0.19196533,-0.30803466,0.44196534,-0.11803467,0.18196534,0.051965334,2.1419654,2.7019653,-1.6280347,2.4419653,2.8419654,1.8419653,6.4719653,8.461966,7.301965,4.2719655,7.941965,8.761966,8.631966,8.381966,8.361965,8.441965,8.161965,7.941965,8.161965,7.941965,7.691965,7.2719655,7.8319654,7.5319653,7.611965,7.6219654
4.401965,4.4919653,4.6019654,4.8919654,4.9719653,4.4819655,4.2819653,4.1819654,4.2919655,2.8519654,0.75196534,0.07196533,0.07196533,0.47196534,-0.54803467,-0.7680347,-1.0180347,0.62196535,-0.69803464,0.011965332,-0.80803466,-1.6380347,-0.93803465,-1.5380347,0.24196534,-1.4080347,-0.93803465,-0.37803468,-0.6080347,0.16196533,0.07196533,-0.028034668,-1.2980347,-0.15803467,-0.15803467,-1.5780346,-2.5580347,-2.1580346,2.6219654,5.4619656,7.921965,4.0419655,6.2519655,7.6019654,7.4619656,7.4719653,7.6419654,7.2119656,7.381965,7.8519654,7.4719653,6.691965,7.0319653,7.631965,7.1219654,7.5019655,7.6419654,7.6219654,7.631965
4.0619655,4.4119654,5.611965,4.651965,4.0619655,4.2619653,4.1819654,4.7719655,4.651965,4.881965,2.0519652,0.27196532,0.6419653,1.0619653,-0.16803467,1.1719654,0.51196533,0.32196534,-0.21803467,-0.18803467,-0.61803466,-1.3580346,-1.7580347,-0.73803467,-0.80803466,0.31196535,-0.6580347,0.28196535,0.49196532,0.19196533,-0.7080347,0.5419653,-0.6480347,-2.4180346,-1.6680347,-2.0280347,-1.5680346,0.17196533,1.8319653,4.151965,4.441965,4.7519655,7.591965,7.591965,7.2019653,7.171965,6.821965,6.2719655,6.171965,5.8119655,6.2619653,5.9519653,7.301965,7.5219655,7.4919653,7.691965,8.401965,7.6819654,6.9919653
4.0419655,4.171965,4.2819653,3.6419654,3.6519654,3.6119654,3.8119652,4.3319654,4.6419654,4.5419655,4.7419653,1.1119653,2.5419652,0.35196534,2.1919653,1.7619653,0.24196534,-1.7280346,0.13196534,0.06196533,0.22196533,-0.19803467,-0.26803467,-1.7180346,-1.0380347,1.2819654,0.36196533,0.39196533,1.0719653,-0.6080347,1.0819653,1.4919653,1.5119653,1.9819653,2.8719654,4.3719654,0.9619653,2.0219653,-2.1680346,5.0619655,3.9419653,6.901965,7.4819655,7.9519653,7.2819653,6.821965,6.651965,5.691965,4.6419654,5.1819654,5.4119654,5.9119654,6.2119656,6.6219654,6.8519654,7.2919655,7.2419653,7.401965,6.441965
3.6919653,3.4319654,3.6719654,4.361965,4.4919653,4.4119654,4.6019654,4.821965,4.6419654,4.4119654,3.7619653,4.0619655,3.0719652,3.6219654,0.001965332,0.39196533,0.7319653,-0.29803467,-1.6580347,-0.7180347,0.33196533,0.7819653,1.2919654,-0.67803466,0.09196533,0.13196534,1.4619653,0.76196533,-1.8780347,-0.56803465,0.48196533,1.8619653,2.2719653,1.3719653,2.1219654,1.9519653,1.1319653,1.3219653,2.1219654,2.0519652,6.4119654,6.921965,7.0019655,7.5119653,7.171965,6.631965,6.9719653,6.1419654,5.5819654,4.6619654,4.7119656,4.2719655,5.7919655,6.4519653,7.0319653,6.861965,6.7519655,6.9619656,6.2219653
4.0819654,4.5619655,4.6019654,4.8519654,5.1019654,5.0219655,5.551965,5.6219654,6.0619655,5.4819655,4.8719654,3.6319654,2.5819654,-0.27803466,1.8619653,-0.47803468,0.5419653,0.28196535,0.03196533,0.051965334,0.95196533,0.75196534,0.49196532,1.1519654,1.3319653,1.6819654,0.99196535,1.6919653,0.82196534,-0.05803467,-0.8480347,1.8219653,1.5919653,1.3819653,0.13196534,1.2319653,1.6119653,2.5619652,3.4819653,1.9919653,5.9519653,6.2219653,6.7619653,7.1019654,6.3119655,6.381965,6.3119655,5.8919654,4.881965,5.071965,4.611965,5.301965,5.091965,6.3119655,6.421965,6.7119656,6.4719653,5.861965,6.0219655
3.9419653,4.171965,4.441965,4.3919654,4.4319654,4.8119655,5.5819654,5.1019654,4.3519654,5.1619654,4.2119656,3.9319654,1.9619653,-1.6980346,-0.47803468,-1.0580347,-1.3580346,0.49196532,0.6019653,-0.32803467,0.57196534,0.7719653,0.82196534,2.0519652,2.3119652,1.9319654,1.2419653,1.9819653,2.1919653,1.1819654,2.1319654,2.1319654,0.63196534,1.5219654,1.5219654,1.5519654,1.5619653,1.0419654,-0.99803466,3.9919653,4.861965,5.361965,6.2019653,6.651965,5.3519654,5.7219653,6.2619653,6.921965,5.9819655,5.3319654,5.3319654,4.7419653,4.6819654,5.4519653,5.051965,5.9519653,6.421965,5.4119654,5.4519653
4.361965,4.9119654,4.8519654,4.8919654,4.941965,4.691965,4.7719655,4.631965,4.111965,3.0819654,3.5119653,2.5319653,1.7719654,1.0519654,1.4019654,0.48196533,1.2319653,0.8319653,0.80196536,0.5419653,1.5519654,1.3219653,1.5419654,1.4719653,-0.018034669,1.3819653,1.3719653,0.9019653,0.09196533,1.7119653,1.9819653,1.9619653,1.2319653,-0.08803467,-0.26803467,0.5919653,0.9619653,0.9119653,-0.15803467,0.92196536,3.8719654,4.591965,4.571965,5.4619656,6.341965,6.361965,6.5019655,6.7219653,6.691965,5.131965,5.7219653,5.7319655,4.6819654,4.0619655,3.7619653,4.821965,7.1819654,6.4619656,5.8319654
5.2919655,5.6819654,5.5219655,5.821965,6.2419653,5.801965,5.421965,5.071965,4.0119653,3.2619653,1.9819653,1.8919654,0.68196535,0.7719653,0.48196533,0.94196534,1.5219654,0.37196532,0.20196533,0.7719653,1.0819653,0.88196534,0.22196533,-0.34803468,0.68196535,1.1219653,0.7319653,1.5419654,1.9119654,0.44196534,-1.8180346,-1.2580347,1.5019653,0.09196533,-0.6680347,2.4719653,0.88196534,-0.32803467,0.29196534,0.63196534,2.3519654,4.631965,4.441965,3.7119653,5.801965,6.6219654,6.5619655,6.881965,7.0819654,7.2619653,4.091965,4.6819654,4.7219653,5.3519654,5.7619653,5.7419653,6.4819655,6.6019654,7.2119656
5.9619656,6.4619656,6.2519655,6.401965,6.4619656,5.8719654,5.0019655,4.7519655,3.4319654,3.0319653,1.5719653,0.75196534,-0.06803467,-0.05803467,-0.038034666,2.0819654,-1.3080347,1.1819654,1.4119654,-0.7880347,0.081965335,0.29196534,0.8419653,1.7719654,0.82196534,0.80196536,0.18196534,0.51196533,1.0319654,-1.1080346,1.1319653,0.5319653,1.9819653,1.9219654,2.5319653,1.9519653,1.1219653,-0.06803467,0.15196534,0.10196533,1.6819654,2.8219652,4.7219653,2.6319654,3.1619654,4.4919653,6.3719654,6.4519653,6.7819653,7.5119653,5.921965,5.381965,6.321965,5.5219655,5.5319653,5.0119653,4.0419655,5.4919653,6.9819655
6.0419655,6.1019654,6.421965,6.7319655,6.5319653,6.2119656,5.6019654,5.091965,4.441965,4.2419653,3.7619653,2.0319653,-0.56803465,0.44196534,2.7319653,0.07196533,0.37196532,1.5719653,0.67196536,0.45196533,0.68196535,1.4319654,0.34196532,-0.81803465,0.9719653,1.3819653,2.1919653,-0.43803465,0.47196534,1.5219654,1.2919654,-0.7680347,1.0219654,-1.4880347,0.8319653,-0.98803467,1.5419654,1.6319653,0.88196534,0.7319653,2.0919654,1.9419653,4.631965,4.5419655,2.6619654,2.9119654,3.2119653,5.921965,6.321965,7.131965,7.2019653,6.0319653,5.5119653,6.0319653,5.8519654,6.0019655,5.4519653,4.7919655,5.631965
6.2019653,6.4119654,6.4319654,6.3719654,6.571965,6.6219654,6.1819654,5.8719654,5.5819654,5.071965,4.381965,3.0519652,2.8319654,1.8419653,1.1519654,-0.33803466,-0.16803467,1.5019653,0.93196535,1.1119653,1.6919653,1.2719654,0.41196534,0.10196533,-0.46803465,0.6419653,0.34196532,2.0619652,1.1319653,-0.54803467,-0.41803467,-0.12803467,2.4219654,0.57196534,0.06196533,0.45196533,-0.88803464,1.5519654,0.5819653,0.47196534,0.18196534,2.1119654,4.0319653,5.6419654,3.5919654,2.3319654,1.8919654,2.6919653,2.7819653,7.2219653,6.881965,7.9719653,6.441965,5.5619655,5.2519655,4.861965,4.7119656,4.7919655,4.2219653
7.0419655,6.671965,6.381965,6.3719654,6.1019654,6.3719654,6.341965,6.441965,5.7019653,4.921965,5.051965,3.8119652,3.3719654,2.4119654,0.06196533,0.38196534,0.011965332,-0.22803468,0.06196533,0.23196533,-1.0780346,1.4519653,3.2119653,0.7319653,1.7419653,0.5819653,0.34196532,-0.39803466,-0.42803466,-1.5880346,1.6719654,1.1619654,-1.2680347,0.18196534,-0.14803466,-0.25803468,1.3019654,0.06196533,-0.73803467,-0.28803468,-0.55803466,2.2319653,2.0119653,3.7519653,4.2119656,3.7919652,1.3519653,0.82196534,-0.13803467,5.071965,6.881965,7.1619654,7.441965,6.8519654,5.631965,3.2719653,3.8419654,4.651965,3.6219654
7.1619654,6.801965,6.4519653,6.6619654,6.5819654,6.6019654,7.0419655,6.861965,7.0119653,6.341965,4.7619653,3.7219653,3.3419654,1.7519653,-0.7080347,1.1519654,0.6419653,0.19196533,0.5219653,0.63196534,-0.49803466,0.48196533,2.7119653,-0.7280347,-0.7180347,-0.32803467,-0.19803467,-0.63803464,-0.5180347,0.40196532,2.4219654,0.19196533,-0.8380347,-1.7580347,0.15196534,-0.5380347,-0.7080347,1.4319654,1.3719653,0.92196536,-0.10803467,2.4919653,2.1219654,2.5219653,3.0519652,2.6219654,1.6019653,-0.24803467,0.7919653,-1.1080346,7.3519654,6.2219653,6.4719653,5.9119654,4.7619653,1.1019653,2.3919654,3.0319653,3.1019654
