json/gfs_20240722_06.json
{"header": { "discipline":0, "disciplineName":"Meteorological products", "gribEdition":2, "gribLength":79266, "center":7, "centerName":"US National Weather Service - NCEP(WMC)", "subcenter":0, "refTime":"2024-07-22T06:00:00.000Z", "significanceOfRT":1, "significanceOfRTName":"Start of forecast", "productStatus":0, "productStatusName":"Operational products", "productType":1, "productTypeName":"Forecast products", "productDefinitionTemplate":0, "productDefinitionTemplateName":"Analysis/forecast at horizontal level/layer at a point in time", "parameterCategory":2, "parameterCategoryName":"Momentum", "parameterNumber":3, "parameterNumberName":"V-component_of_wind", "parameterUnit":"m.s-1", "genProcessType":2, "genProcessTypeName":"Forecast", "forecastTime":0, "surface1Type":103, "surface1TypeName":"Specified height level above ground", "surface1Value":10.0, "surface2Type":255, "surface2TypeName":"Missing", "surface2Value":0.0, "gridDefinitionTemplate":0, "gridDefinitionTemplateName":"Latitude_Longitude", "numberPoints":65160, "shape":6, "shapeName":"Earth spherical with radius of 6,371,229.0 m", "gridUnits":"degrees", "resolution":48, "winds":"true", "scanMode":0, "nx":360, "ny":181, "basicAngle":0, "lo1":0.0, "la1":90.0, "lo2":359.0, "la2":-90.0, "dx":1.0, "dy":1.0 }, "data":
[rows 27 to 53 of 181, columns 60 to 119 of 360]
-2.1296241,-1.869624,-1.719624,-1.649624,-1.8096241,-3.269624,-2.3696241,-2.139624,-2.6296241,-2.679624,-3.829624,-3.099624,-3.489624,-3.149624,-4.269624,-4.839624,-4.769624,-5.529624,-5.679624,-4.509624,-3.699624,-2.959624,-4.399624,-4.719624,-4.379624,-4.609624,-6.689624,-6.539624,-2.079624,-1.359624,-0.869624,-0.20962402,-1.129624,-0.499624,-1.169624,-0.509624,-0.66962403,0.020375976,-1.919624,-1.989624,-1.339624,-1.529624,-3.349624,-2.949624,-3.049624,-4.069624,-3.829624,-4.559624,-4.109624,-6.019624,-6.229624,-5.259624,-3.929624,-3.779624,-1.539624,-1.209624,-1.169624,-1.339624,-0.59962404,0.59037596
-2.109624,-1.8096241,-2.239624,-1.509624,-3.249624,-3.099624,-2.779624,-2.159624,-2.359624,-2.349624,-2.439624,-4.079624,-4.369624,-2.909624,-3.579624,-4.169624,-4.899624,-3.459624,-3.319624,-3.8696241,-4.419624,-4.849624,-6.119624,-5.739624,-5.7496243,-2.729624,-2.649624,-3.639624,-3.489624,-2.829624,0.640376,1.530376,1.600376,1.130376,0.58037597,1.030376,1.600376,-0.19962402,0.060375977,-0.78962404,-2.199624,-3.419624,-3.179624,-3.579624,-3.609624,-3.919624,-6.089624,-5.399624,-5.039624,-6.109624,-3.429624,-2.719624,-0.90962404,-1.749624,0.20037597,-0.019624023,-0.409624,-0.65962404,-0.439624,-0.09962402
-2.759624,-2.019624,-2.469624,-2.439624,-3.549624,-3.469624,-2.269624,-1.9296241,-0.84962404,-2.219624,-1.6996241,-2.219624,-4.039624,-3.299624,-2.779624,-1.829624,-2.6196241,-2.519624,-2.319624,-3.409624,-3.459624,-3.3796241,-3.019624,-2.549624,-2.559624,-3.929624,-3.449624,-2.299624,-0.759624,0.950376,0.990376,0.44037598,1.120376,1.270376,1.0703759,0.97037596,0.16037598,0.860376,-1.399624,-1.489624,-2.899624,-2.999624,-3.769624,-3.649624,-3.709624,-3.859624,-5.599624,-3.909624,-2.079624,-1.6896241,-0.95962405,-0.90962404,-0.12962402,0.250376,-0.96962404,-0.949624,-1.759624,-2.089624,-1.089624,-0.39962402
-3.019624,-3.229624,-3.779624,-3.739624,-3.599624,-3.549624,-3.949624,-4.169624,-2.659624,-2.399624,-2.849624,-2.8696241,-1.489624,-1.659624,-1.029624,-0.579624,-2.209624,-2.689624,-2.959624,-2.819624,-2.209624,-2.419624,-3.059624,-3.039624,-2.179624,-2.139624,-1.9396241,-0.519624,1.260376,0.85037595,1.1803759,1.5703759,1.1903759,-0.58962405,1.870376,1.400376,-0.32962403,0.52037597,-0.38962403,-1.879624,-2.949624,-3.109624,-3.309624,-2.569624,-1.6996241,-2.089624,-1.529624,-1.719624,-1.279624,-0.989624,-1.089624,-0.36962402,-1.719624,-0.469624,0.39037597,-0.96962404,0.250376,-0.679624,-1.6796241,-0.379624
-3.759624,-3.339624,-2.689624,-3.1296241,-2.419624,-3.219624,-2.079624,-2.489624,-1.769624,-1.459624,-2.489624,-2.319624,-1.909624,-2.409624,-1.599624,-1.979624,-3.1196241,-2.689624,-2.669624,-2.579624,-2.589624,-3.099624,-1.1896241,-0.739624,-1.1996241,-0.71962404,-0.47962403,0.120375976,0.340376,0.310376,0.54037595,0.48037598,0.83037597,2.010376,0.050375976,-1.009624,-0.749624,-0.65962404,-1.089624,-1.129624,-1.529624,-0.409624,-1.269624,0.77037597,0.45037597,-1.649624,-1.529624,-0.879624,-0.65962404,-0.23962402,-1.029624,-1.609624,-0.91962403,-0.939624,-1.1896241,-2.039624,-1.259624,0.340376,1.8203759,-0.71962404
-3.069624,-3.349624,-4.079624,-3.539624,-3.309624,-3.589624,-3.319624,-1.169624,-0.089624025,0.500376,-0.91962403,-2.339624,-1.729624,-1.459624,-1.9296241,-3.499624,-3.739624,-3.719624,-3.509624,-2.679624,-2.489624,-1.089624,-1.229624,-2.049624,-1.749624,-1.329624,-0.35962403,-0.58962405,0.510376,-1.229624,0.36037597,0.22037597,0.670376,-0.32962403,-0.559624,-0.679624,0.52037597,-1.369624,-0.379624,-1.499624,-1.969624,0.19037598,-0.32962403,-1.299624,-0.639624,-1.299624,-2.299624,-1.889624,-0.829624,-1.5596241,0.510376,-0.759624,-0.78962404,-0.72962403,-0.77962404,-0.09962402,1.360376,0.21037598,-1.5696241,-1.499624
-2.1196241,-2.8696241,-3.439624,-3.549624,-2.959624,-2.1196241,-2.269624,-1.539624,-0.72962403,-1.239624,-0.20962402,-0.91962403,-1.609624,-2.519624,-2.8696241,-3.679624,-3.449624,-3.389624,-5.339624,-3.949624,-1.869624,-1.1996241,-0.799624,-1.019624,-0.27962402,0.23037598,0.29037598,0.760376,0.20037597,-0.569624,2.150376,2.220376,1.090376,0.66037595,-1.109624,-0.609624,-0.83962405,-1.039624,-1.399624,-0.97962403,-1.489624,-1.019624,-0.35962403,-0.859624,-1.899624,-1.279624,-1.879624,-0.609624,-0.28962404,-0.889624,-1.079624,-0.20962402,0.33037597,-2.069624,-1.649624,0.090375975,-0.21962403,-0.859624,-0.25962403,-2.609624
-1.789624,-3.579624,-3.359624,-2.899624,-2.359624,-1.6796241,-2.069624,-2.3796241,-2.239624,0.690376,-0.20962402,-1.539624,-2.669624,-3.529624,-3.899624,-3.409624,-3.809624,-3.919624,-3.899624,-1.009624,0.980376,1.140376,-0.039624024,0.30037597,0.60037595,2.030376,1.470376,2.020376,1.170376,-0.72962403,-0.83962405,0.570376,-0.36962402,-0.619624,2.470376,-0.91962403,-1.119624,-1.109624,-1.749624,-1.539624,-1.499624,-1.119624,2.310376,0.52037597,1.720376,0.020375976,2.060376,1.5503759,-1.879624,-0.72962403,3.070376,0.59037596,-2.529624,-1.159624,-1.609624,-1.409624,2.000376,0.27037597,0.500376,-0.879624
-2.579624,-3.649624,-2.859624,-0.949624,0.18037598,0.060375977,-0.609624,-0.14962402,-0.25962403,0.22037597,0.620376,-0.89962405,-2.299624,-3.049624,-3.099624,-3.009624,-3.049624,-3.649624,-0.569624,-1.489624,0.97037596,0.740376,0.45037597,2.830376,2.840376,2.070376,1.900376,2.680376,1.920376,-0.06962402,0.85037595,0.21037598,0.250376,1.1903759,1.6903759,0.41037598,-1.149624,-0.549624,-1.149624,1.120376,1.890376,1.8203759,-0.42962402,-0.819624,-0.91962403,-1.229624,-2.409624,-2.099624,-1.609624,-1.0696241,-3.1196241,1.9303759,0.11037598,-1.5596241,1.4303759,1.9303759,1.100376,2.350376,1.290376,1.8003759
-0.25962403,1.510376,2.690376,1.120376,-1.039624,-2.789624,0.930376,2.150376,0.860376,0.11037598,2.400376,-0.23962402,-1.859624,-2.789624,-3.279624,-2.8796241,-2.049624,-3.279624,-2.799624,-1.6796241,-0.42962402,0.35037598,1.790376,1.240376,2.340376,3.020376,3.540376,3.230376,1.750376,0.880376,0.32037598,-1.4496241,0.640376,2.1303759,0.65037596,0.97037596,-0.22962402,-0.72962403,0.810376,-0.029624023,-0.09962402,-1.629624,-1.629624,-2.799624,-1.3196241,-1.039624,-2.739624,-3.159624,1.460376,-2.539624,-0.569624,2.480376,3.750376,2.190376,1.8003759,-0.059624024,1.200376,-0.20962402,0.680376,0.670376
3.600376,4.430376,4.240376,2.990376,-1.3196241,-1.279624,1.990376,3.500376,3.110376,1.1803759,1.860376,0.250376,-0.939624,-2.449624,-3.269624,-3.399624,-3.1196241,-2.729624,-2.659624,-1.4396241,0.07037598,-0.96962404,0.97037596,3.220376,3.400376,5.990376,3.480376,1.580376,3.7597655E-4,0.19037598,0.83037597,1.6903759,1.240376,-0.35962403,-0.95962405,-1.8196241,-0.27962402,1.1803759,1.330376,-0.009624023,0.66037595,-0.16962403,-0.78962404,-1.9296241,-0.609624,2.300376,1.860376,1.3203759,-0.95962405,1.510376,-0.53962404,1.840376,3.280376,2.600376,2.6203759,1.710376,2.200376,0.65037596,-0.14962402,-0.29962403
6.790376,7.060376,7.560376,8.450376,3.3703759,1.340376,3.150376,2.440376,2.610376,2.690376,2.200376,0.79037595,-0.689624,-1.269624,-2.749624,-3.799624,-4.349624,-3.819624,-1.419624,-0.89962405,-1.749624,-0.10962402,2.800376,5.960376,2.6203759,1.600376,-0.20962402,-1.849624,-1.959624,-2.209624,-2.809624,-1.249624,-1.4496241,-2.229624,-3.769624,-1.109624,-0.409624,-2.399624,-1.509624,-2.799624,-0.609624,-0.90962404,-0.45962402,-0.35962403,-0.049624022,1.230376,0.980376,-1.969624,2.450376,2.830376,2.590376,3.350376,1.090376,0.800376,0.800376,0.72037596,1.0603759,-1.0596241,-0.41962403,-0.749624
6.420376,8.350376,6.910376,5.700376,-0.639624,4.460376,3.040376,3.650376,1.790376,1.580376,-0.20962402,-1.289624,-1.729624,-1.969624,-2.149624,-2.699624,-3.749624,-3.3796241,-2.829624,-2.269624,-1.129624,0.16037598,3.960376,3.080376,1.910376,-0.07962403,-0.26962402,0.250376,-1.399624,0.060375977,0.730376,-1.999624,-3.049624,-2.499624,-2.839624,-3.349624,-0.18962403,-1.079624,-1.049624,0.38037598,-0.889624,-0.799624,0.560376,-0.66962403,-1.459624,-1.6796241,-1.349624,-0.799624,1.200376,1.270376,1.510376,1.9403759,1.730376,1.660376,2.3703759,-0.499624,1.950376,2.400376,1.160376,-1.1796241
6.790376,5.7503757,2.210376,-4.479624,4.690376,3.860376,2.810376,1.090376,0.91037595,0.22037597,-2.089624,-2.279624,-1.919624,-1.889624,-2.649624,-2.659624,-2.569624,-2.939624,-3.179624,-3.319624,-2.099624,-1.229624,0.670376,1.1903759,2.100376,2.160376,-0.44962403,-1.8196241,-0.819624,-0.58962405,-3.529624,-2.249624,-5.089624,-1.369624,-2.669624,-2.289624,-1.399624,0.21037598,-2.149624,-0.39962402,-1.409624,-1.149624,-2.029624,0.08037598,-0.30962402,0.38037598,-0.58962405,0.950376,0.78037596,1.770376,1.040376,2.770376,2.730376,1.640376,0.510376,-1.379624,1.0503759,0.58037597,-0.83962405,-2.439624
-0.879624,-0.17962402,-2.289624,-3.889624,2.930376,2.260376,1.1903759,0.16037598,0.26037598,-0.019624023,-0.379624,-1.629624,-1.459624,-2.089624,-1.339624,-2.509624,-3.059624,-2.979624,-2.889624,-3.439624,-0.949624,-0.48962402,-0.639624,0.690376,-1.719624,-0.629624,-1.219624,2.510376,1.170376,1.770376,0.050375976,-1.999624,-5.239624,-6.309624,-5.939624,2.520376,-4.929624,-4.379624,-1.989624,-3.179624,0.45037597,-1.619624,-4.169624,-3.569624,-2.689624,1.020376,-2.089624,0.36037597,1.210376,-0.30962402,-1.139624,-1.789624,-0.759624,-1.419624,0.10037598,0.47037598,0.19037598,-1.4296241,0.690376,0.570376
1.9303759,0.940376,-1.359624,-0.949624,-0.039624024,-0.26962402,-1.959624,1.830376,1.9403759,0.59037596,-1.249624,-1.589624,-1.629624,-1.639624,-0.749624,-1.129624,-1.609624,-1.509624,-2.569624,-2.139624,-0.52962404,-1.089624,-0.049624022,-1.1996241,-2.349624,-0.38962403,-0.799624,0.060375977,2.560376,2.540376,0.990376,0.680376,1.530376,-5.219624,-3.979624,-1.249624,-0.59962404,-1.159624,0.980376,-3.649624,-1.989624,-1.889624,-3.559624,-4.829624,-2.799624,-2.159624,0.08037598,0.950376,-0.809624,-1.649624,-0.039624024,0.08037598,0.30037597,-0.759624,-0.14962402,-1.239624,0.30037597,0.880376,3.170376,5.430376
-2.639624,0.680376,1.730376,0.66037595,0.010375977,-2.079624,0.52037597,2.3803759,0.26037598,-1.9296241,-2.009624,-1.9496241,-0.89962405,-0.869624,-1.739624,-2.309624,-2.919624,-2.189624,-1.619624,-3.069624,-1.369624,0.26037598,0.060375977,3.3803759,0.920376,-3.489624,1.120376,-4.619624,-2.739624,-3.209624,-1.959624,2.540376,-1.859624,-4.529624,-6.159624,-2.929624,-5.389624,-1.379624,2.920376,1.8103759,1.270376,-1.489624,-3.159624,-5.139624,-5.189624,-4.409624,-3.959624,-3.259624,-3.729624,-3.969624,-2.309624,0.090375975,1.280376,0.620376,0.500376,0.53037596,0.090375975,0.340376,3.290376,3.790376
-1.249624,-0.699624,1.210376,0.60037595,-2.339624,-0.629624,1.350376,-1.499624,-1.329624,-3.049624,-2.969624,-2.6196241,-0.879624,-0.78962404,-3.719624,-2.459624,-2.179624,-3.189624,-2.399624,-3.409624,-2.419624,-3.289624,-1.599624,-3.809624,-4.539624,-2.519624,-0.739624,0.29037598,0.510376,-3.009624,-6.029624,-4.609624,0.11037598,0.930376,3.810376,1.220376,-4.089624,-0.859624,0.370376,0.49037597,2.190376,0.78037596,-0.679624,0.23037598,-0.95962405,-4.799624,-5.899624,-6.209624,-5.829624,-4.639624,-5.059624,-0.019624023,-0.609624,3.560376,3.360376,0.940376,0.42037597,-0.77962404,1.510376,1.670376
-2.429624,-1.209624,1.500376,0.18037598,-1.669624,-1.669624,-1.6996241,-3.229624,-0.48962402,-1.219624,-1.6896241,-2.859624,-1.1796241,-1.039624,-3.209624,0.29037598,-2.559624,-2.999624,-2.229624,1.210376,-1.919624,0.880376,1.020376,2.1203759,1.640376,-0.19962402,-1.6996241,-1.509624,-0.72962403,-0.65962404,-2.6196241,-1.9396241,1.240376,0.950376,-4.279624,-0.499624,-6.229624,-0.749624,0.980376,2.570376,0.84037596,-3.329624,-3.819624,-1.099624,2.650376,-1.099624,-4.259624,-5.299624,-3.679624,-4.149624,-2.6196241,-0.39962402,2.160376,3.490376,5.240376,3.060376,1.340376,-1.019624,-2.349624,-1.339624
-1.009624,-0.30962402,1.380376,-1.579624,-3.269624,-3.159624,-3.3696241,-4.7496243,-1.609624,-1.329624,-2.409624,-3.219624,-1.369624,-1.839624,-1.479624,-1.6996241,-0.64962405,-0.45962402,-0.799624,2.720376,0.43037596,0.53037596,1.480376,3.070376,2.100376,-2.999624,-1.589624,-2.159624,-1.209624,-2.309624,-0.509624,-0.629624,-0.10962402,-0.22962402,-8.249624,-7.299624,-4.679624,-1.989624,-3.099624,-1.159624,2.960376,1.870376,-1.779624,-1.889624,-1.519624,-0.41962403,-1.609624,-5.469624,-6.829624,-5.319624,-3.559624,-1.359624,-1.1996241,-1.049624,-0.13962403,1.6803759,-0.58962405,1.100376,-1.039624,4.540376
-5.379624,-3.219624,-1.239624,-2.109624,-3.269624,-4.119624,-3.839624,-1.589624,-2.189624,-4.429624,-1.9396241,-2.969624,-2.779624,-1.899624,-2.439624,-0.89962405,-2.329624,-3.319624,-0.29962403,-0.809624,1.380376,-0.019624023,-0.78962404,-3.539624,-2.609624,-2.919624,1.460376,-2.959624,-3.059624,1.210376,-2.289624,-13.7596245,-18.409624,-0.66962403,3.740376,-6.689624,-9.029624,-6.789624,-6.329624,-5.229624,-5.079624,0.49037597,-0.41962403,-1.719624,2.300376,-3.149624,0.43037596,-1.869624,-2.829624,-3.649624,-3.859624,-3.3696241,-2.479624,-1.219624,-1.1896241,-2.199624,-0.819624,3.360376,2.800376,8.130376
-5.169624,-6.279624,-0.509624,-0.509624,-2.799624,-3.229624,-2.769624,-2.889624,-3.459624,-4.2496243,-0.12962402,3.080376,3.510376,3.320376,0.930376,-0.879624,0.59037596,-3.1296241,-4.309624,1.030376,-2.3796241,2.840376,3.230376,0.700376,4.140376,3.780376,2.900376,1.010376,-1.4396241,-4.359624,-7.489624,-9.969624,-12.779624,-7.609624,-0.629624,-2.209624,-5.819624,-6.159624,-5.519624,-7.549624,-4.289624,-1.339624,1.0703759,0.880376,2.030376,2.240376,2.150376,-2.089624,-2.919624,-3.8796241,-4.599624,-5.199624,-3.6196241,-1.879624,-2.559624,2.190376,2.020376,3.990376,3.560376,5.070376
-3.8796241,0.47037598,-2.229624,-1.909624,-1.899624,-4.159624,-2.249624,-1.589624,-3.209624,-4.199624,1.390376,1.340376,3.320376,1.0703759,0.85037595,-3.499624,-3.669624,-0.759624,2.430376,-0.65962404,1.3003759,1.290376,-1.349624,-0.749624,1.760376,0.54037595,0.79037595,-0.999624,0.860376,-3.589624,-5.649624,-9.569624,-10.079624,-6.369624,-4.219624,0.97037596,-1.489624,-2.249624,-4.719624,-5.099624,-4.359624,-1.779624,-0.629624,-2.019624,-3.039624,-3.1296241,-2.499624,0.670376,0.10037598,-0.47962403,-1.139624,0.43037596,4.540376,1.730376,1.470376,4.020376,2.170376,2.710376,0.35037598,4.320376
-1.6896241,-0.799624,-4.319624,-3.719624,-5.319624,-2.929624,-2.179624,-3.699624,-3.1196241,-3.019624,-1.519624,-3.049624,-3.649624,-3.139624,0.18037598,-0.44962403,4.020376,1.890376,1.700376,0.71037596,1.860376,1.410376,1.3103759,0.36037597,-0.70962405,-4.809624,-8.149624,-7.619624,-1.6796241,-2.6296241,-4.879624,-5.719624,-3.839624,-5.949624,-5.469624,-6.139624,-5.629624,-3.519624,-0.819624,-2.8696241,-3.839624,-4.139624,0.52037597,1.010376,-0.119624026,0.640376,2.1203759,-1.009624,-3.299624,-1.889624,-1.989624,0.11037598,-0.53962404,-2.099624,0.32037598,-3.769624,1.140376,-0.29962403,1.400376,2.8803759
-0.33962402,-1.829624,-4.7496243,-5.269624,-4.629624,-6.329624,-1.5696241,-1.999624,3.690376,3.250376,2.180376,-0.66962403,1.850376,0.33037597,-0.44962403,-1.029624,-0.18962403,-0.27962402,3.200376,3.150376,2.340376,1.590376,1.1903759,0.16037598,-6.419624,-9.499624,-10.549624,-5.689624,-4.449624,-4.259624,-6.459624,-6.209624,-8.589624,-6.619624,-4.199624,-4.539624,-4.699624,-3.109624,-2.789624,-2.989624,-1.459624,-1.289624,3.590376,5.230376,4.030376,3.420376,-1.349624,-1.129624,-1.039624,-0.739624,0.36037597,2.080376,-1.299624,4.200376,3.790376,3.520376,-1.509624,1.520376,2.270376,1.770376
0.60037595,-0.879624,-3.519624,-5.049624,-5.409624,-8.449624,-0.089624025,1.920376,1.650376,2.400376,-0.009624023,2.050376,-0.12962402,-0.10962402,-1.119624,-0.25962403,0.47037598,-1.599624,2.330376,2.800376,0.680376,-1.649624,-5.839624,-9.799624,-8.919624,-9.499624,-10.159624,-3.759624,-0.22962402,-4.269624,-5.659624,-1.029624,-3.969624,-6.9996243,-3.739624,0.39037597,1.6803759,1.110376,1.330376,2.420376,-0.629624,-0.089624025,1.900376,-0.039624024,-3.669624,-4.549624,-3.6196241,-3.849624,-4.479624,-1.9496241,3.090376,3.1203759,-1.539624,2.760376,0.500376,-0.78962404,0.40037596,3.990376,3.230376,4.280376
-3.919624,-1.289624,-4.399624,-4.809624,-4.809624,-5.259624,-0.58962405,0.670376,-0.859624,-1.489624,0.550376,0.090375975,-0.26962402,-0.12962402,0.66037595,-0.20962402,-0.439624,1.400376,-1.279624,-2.149624,-2.8696241,-2.509624,-2.549624,-0.759624,-3.279624,-2.969624,-2.809624,-1.6896241,-0.929624,-7.169624,-3.219624,1.490376,-5.129624,-4.199624,-0.929624,0.090375975,-2.389624,0.370376,-0.35962403,2.420376,1.900376,-0.119624026,-0.609624,-0.859624,-6.769624,-7.629624,-1.469624,0.21037598,-0.33962402,0.58037597,3.590376,3.310376,-0.409624,2.970376,0.750376,2.050376,4.020376,2.810376,0.690376,5.790376
