json/gfs_20240720_12.json
{"header": { "discipline":0, "disciplineName":"Meteorological products", "gribEdition":2, "gribLength":79589, "center":7, "centerName":"US National Weather Service - NCEP(WMC)", "subcenter":0, "refTime":"2024-07-20T12:00:00.000Z", "significanceOfRT":1, "significanceOfRTName":"Start of forecast", "productStatus":0, "productStatusName":"Operational products", "productType":1, "productTypeName":"Forecast products", "productDefinitionTemplate":0, "productDefinitionTemplateName":"Analysis/forecast at horizontal level/layer at a point in time", "parameterCategory":2, "parameterCategoryName":"Momentum", "parameterNumber":3, "parameterNumberName":"V-component_of_wind", "parameterUnit":"m.s-1", "genProcessType":2, "genProcessTypeName":"Forecast", "forecastTime":0, "surface1Type":103, "surface1TypeName":"Specified height level above ground", "surface1Value":10.0, "surface2Type":255, "surface2TypeName":"Missing", "surface2Value":0.0, "gridDefinitionTemplate":0, "gridDefinitionTemplateName":"Latitude_Longitude", "numberPoints":65160, "shape":6, "shapeName":"Earth spherical with radius of 6,371,229.0 m", "gridUnits":"degrees", "resolution":48, "winds":"true", "scanMode":0, "nx":360, "ny":181, "basicAngle":0, "lo1":0.0, "la1":90.0, "lo2":359.0, "la2":-90.0, "dx":1.0, "dy":1.0 }, "data":
[rows 108 to 134 of 181, columns 61 to 121 of 360]
3.528689,4.378689,5.058689,5.348689,5.198689,3.238689,3.498689,2.998689,2.918689,2.958689,2.418689,2.108689,2.228689,2.368689,3.788689,3.248689,3.668689,3.138689,3.5586889,3.958689,1.618689,1.538689,3.0786889,3.468689,0.92868894,0.47868896,1.068689,1.588689,1.618689,2.218689,2.0686889,2.478689,3.048689,2.708689,2.738689,2.408689,3.178689,2.968689,4.068689,3.128689,3.3286889,3.458689,3.918689,3.628689,3.938689,4.128689,4.198689,4.738689,5.568689,5.4386888,4.788689,2.448689,2.668689,3.108689,2.628689,2.0686889,1.978689,2.708689,3.518689,5.7086887,7.378689
2.498689,2.798689,3.948689,4.448689,4.308689,4.728689,2.978689,1.5086889,1.448689,2.288689,2.698689,2.028689,1.8986889,1.8886889,2.028689,2.0886889,1.8886889,3.3086889,3.268689,3.008689,2.638689,1.238689,1.308689,3.438689,3.258689,-0.671311,-0.801311,0.41868895,0.16868897,0.66868895,0.92868894,0.888689,1.218689,1.588689,2.178689,2.378689,2.698689,2.518689,2.908689,3.758689,3.468689,3.158689,2.758689,4.018689,5.008689,5.328689,5.108689,5.508689,6.278689,5.878689,4.928689,3.988689,1.448689,1.0186889,1.068689,0.898689,1.218689,1.298689,0.828689,3.438689,4.848689
1.6386889,2.548689,3.138689,3.538689,2.5586889,2.628689,3.918689,2.5686889,1.598689,2.108689,3.128689,1.5186889,2.268689,1.548689,1.7586889,0.15868896,0.888689,1.948689,2.8086889,3.3286889,1.2586889,-0.65131104,-0.061311036,1.238689,2.698689,2.0886889,-0.96131104,-0.70131105,-0.071311034,-0.39131105,-0.66131103,-0.18131104,-0.041311037,0.058688965,0.948689,1.3786889,0.828689,0.71868896,1.5186889,1.478689,2.208689,2.0686889,2.428689,3.048689,4.058689,5.888689,6.368689,6.368689,6.368689,6.548689,6.448689,5.2086887,3.8186889,-0.76131105,-0.791311,-0.24131103,-1.641311,-1.281311,0.60868895,4.078689,5.478689
3.428689,2.608689,2.678689,3.3086889,3.618689,2.758689,2.998689,2.508689,2.358689,2.028689,2.428689,1.208689,1.678689,1.678689,1.098689,-1.2313111,-1.021311,0.108688965,0.938689,0.90868896,2.118689,1.208689,1.078689,1.458689,1.968689,1.168689,0.18868896,-0.69131106,-0.15131104,-0.13131103,-0.29131103,-1.7313111,-1.641311,-0.991311,1.0286889,1.448689,1.438689,1.158689,1.598689,1.718689,2.0786889,1.5186889,1.728689,2.718689,3.878689,4.6886888,5.2086887,5.658689,6.128689,6.578689,6.428689,5.158689,3.488689,-1.771311,-3.481311,-4.681311,-0.96131104,3.478689,2.438689,2.598689,3.5886889
2.448689,2.8286889,2.3186889,3.048689,3.708689,3.478689,2.348689,2.518689,1.868689,2.958689,2.178689,2.5886889,3.048689,0.66868895,1.048689,-0.84131104,-2.001311,-1.831311,-2.101311,-0.671311,1.318689,1.368689,-0.89131105,-0.541311,-0.37131104,-0.741311,-0.12131104,-0.34131104,-0.65131104,-0.42131102,-1.321311,-0.29131103,-0.561311,-0.101311035,0.52868897,1.3886889,1.2486889,1.2786889,1.428689,1.328689,1.5286889,1.078689,0.79868895,1.348689,2.348689,3.358689,4.138689,4.778689,6.048689,6.408689,7.158689,5.338689,2.618689,-0.83131105,-1.771311,-0.45131102,-1.6213111,1.8986889,4.448689,2.678689,3.5886889
2.048689,1.908689,2.158689,2.188689,2.668689,3.5686889,3.268689,2.708689,3.128689,-0.041311037,0.46868896,1.6386889,2.668689,2.728689,1.4986889,0.85868895,-0.20131104,-2.011311,-3.531311,-2.401311,-0.671311,-0.811311,0.86868894,-1.171311,-1.821311,-2.361311,-2.141311,-1.201311,-2.561311,-2.301311,-1.801311,-1.801311,-1.321311,-1.571311,-0.741311,-0.27131104,-0.20131104,-0.071311034,0.12868896,0.108688965,-0.57131106,-0.561311,-1.011311,-0.44131103,0.648689,2.378689,2.278689,4.928689,5.628689,5.728689,6.338689,7.358689,5.868689,-0.64131105,1.6286889,3.728689,3.618689,-0.561311,0.768689,3.098689,2.978689
2.668689,3.218689,3.8186889,3.798689,2.738689,1.978689,2.408689,1.818689,1.188689,0.83868897,-0.08131103,0.72868896,1.598689,2.148689,2.108689,0.91868895,0.948689,0.34868896,-3.021311,-4.161311,-2.581311,-1.7413111,-1.1113111,-0.32131103,-0.58131105,-1.421311,-1.341311,-1.6013111,-3.291311,-4.0613112,-3.781311,-3.871311,-3.9313111,-0.871311,-1.211311,-1.151311,-0.66131103,-1.1013111,-1.411311,-1.7313111,-0.69131106,-0.791311,0.22868897,-0.96131104,0.28868896,1.798689,1.428689,4.758689,5.418689,6.288689,5.758689,6.378689,8.388689,5.038689,3.488689,2.178689,2.478689,2.528689,1.288689,2.278689,3.198689
3.758689,4.4586887,4.628689,4.998689,5.678689,5.878689,5.288689,5.198689,4.538689,0.638689,-0.65131104,-1.531311,-0.42131102,-0.0013110351,0.31868896,0.648689,1.038689,-0.26131102,-4.151311,-5.431311,-3.1913111,-4.231311,-2.981311,-1.631311,-3.251311,-1.701311,-1.561311,-3.131311,-3.891311,-3.071311,-3.371311,-2.9213111,-2.361311,-2.761311,-2.651311,-2.201311,-2.501311,-1.411311,-1.3513111,-1.881311,-0.83131105,-0.52131104,-1.031311,-1.2513111,0.638689,1.618689,2.878689,2.878689,3.918689,5.098689,5.908689,6.508689,6.888689,4.348689,3.288689,3.218689,2.438689,2.288689,1.068689,0.71868896,1.568689
2.098689,2.198689,3.158689,3.868689,4.678689,4.868689,4.9586887,5.618689,5.738689,5.348689,5.628689,0.938689,-1.461311,-1.881311,-1.3713111,-0.75131106,0.58868897,1.038689,-3.771311,-5.711311,-6.231311,-5.691311,-4.821311,-3.141311,-4.521311,-4.031311,-3.781311,-4.451311,-4.131311,-3.471311,-2.9413111,-1.801311,-3.351311,-2.951311,-2.551311,-3.151311,-1.8713111,-1.091311,-2.501311,-1.391311,-1.9913111,-0.72131103,-0.611311,-0.811311,0.008688965,0.90868896,2.188689,2.708689,3.598689,2.5786889,3.898689,5.528689,5.078689,5.068689,3.248689,2.648689,2.258689,0.44868895,-1.011311,0.41868895,0.49868897
3.788689,3.138689,2.998689,3.8286889,4.118689,4.728689,3.448689,4.228689,5.028689,5.378689,5.788689,5.978689,6.278689,0.628689,-2.041311,-2.601311,-1.311311,-0.84131104,-2.481311,-5.551311,-6.971311,-5.961311,-7.441311,-5.921311,-6.481311,-5.121311,-3.701311,-5.2913113,-5.331311,-4.441311,-3.741311,-2.831311,-1.961311,-2.641311,-2.1713111,-2.511311,-2.971311,-1.3713111,-1.7313111,-2.731311,-2.071311,-2.391311,-2.9213111,-2.781311,0.08868896,-0.89131105,1.088689,1.728689,2.738689,2.508689,3.658689,3.668689,5.288689,4.778689,2.918689,2.3286889,0.71868896,1.818689,0.80868894,0.19868897,-0.601311
2.548689,3.0786889,2.358689,2.628689,3.168689,4.058689,4.328689,3.748689,4.878689,4.308689,4.568689,4.468689,4.778689,6.228689,4.478689,-1.821311,-2.311311,-3.1713111,-3.011311,-5.701311,-6.721311,-6.701311,-7.511311,-6.251311,-8.151311,-7.051311,-6.821311,-6.021311,-6.071311,-6.161311,-5.341311,-5.201311,-5.091311,-4.731311,-4.471311,-4.651311,-1.681311,-1.071311,-1.511311,-3.131311,-2.471311,-2.791311,-1.671311,-1.951311,-0.34131104,0.33868897,0.828689,-0.36131105,1.438689,1.288689,2.0686889,1.818689,1.918689,4.808689,3.368689,1.488689,2.048689,0.78868896,1.058689,-1.461311,-0.82131106
2.008689,3.178689,3.628689,3.848689,5.038689,4.918689,3.548689,3.5586889,4.798689,4.988689,5.948689,5.338689,3.678689,4.048689,4.658689,4.978689,0.578689,-2.641311,-4.211311,-5.271311,-7.141311,-8.141311,-6.901311,-7.661311,-8.071311,-7.901311,-8.661311,-7.7913113,-6.871311,-7.711311,-7.361311,-5.851311,-5.301311,-4.801311,-4.241311,-3.541311,-4.991311,-4.421311,-4.411311,-4.471311,-3.001311,-1.9813111,-2.381311,-1.551311,-1.781311,-0.72131103,-0.551311,0.828689,1.0286889,0.578689,-0.58131105,-0.0013110351,-0.90131104,0.78868896,-0.97131103,2.3186889,-1.031311,-1.6013111,-0.12131104,-1.341311,0.24868897
2.148689,3.108689,3.128689,4.098689,4.048689,4.618689,5.058689,4.948689,4.738689,5.248689,5.998689,6.338689,5.658689,4.538689,4.008689,3.218689,4.068689,3.428689,-2.711311,-2.481311,-5.711311,-7.471311,-6.521311,-6.751311,-8.041311,-7.821311,-8.381311,-9.421311,-7.5613112,-8.091311,-8.251311,-5.821311,-4.831311,-4.351311,-4.381311,-4.151311,-3.991311,-3.761311,-3.761311,-4.191311,-4.181311,-3.601311,-2.961311,-1.811311,-0.63131106,-1.031311,-1.131311,-0.37131104,0.77868897,0.28868896,0.23868896,0.36868897,-0.49131104,-2.071311,-1.031311,-2.031311,-0.76131105,-1.781311,-2.511311,-1.0013111,-2.291311
3.298689,3.168689,3.968689,4.448689,4.4386888,4.988689,5.238689,5.798689,5.848689,5.218689,5.568689,5.468689,3.948689,3.358689,4.278689,4.388689,3.278689,3.278689,1.938689,-3.991311,-3.551311,-6.631311,-7.3113112,-8.061311,-7.411311,-9.011311,-9.211311,-7.871311,-8.441311,-8.3013115,-7.901311,-7.661311,-7.201311,-5.831311,-5.321311,-6.971311,-4.781311,-4.401311,-3.851311,-3.001311,-2.801311,-2.311311,-2.051311,-2.381311,-1.0013111,-2.831311,-2.651311,-0.22131103,-0.82131106,-1.5013111,-2.261311,-0.72131103,-0.31131104,-1.6013111,-0.71131104,-3.001311,-2.241311,-1.761311,-2.531311,-2.371311,-2.051311
3.098689,3.158689,3.788689,3.8086889,4.348689,5.028689,4.988689,5.668689,5.798689,5.528689,5.598689,5.668689,5.568689,4.648689,3.368689,2.978689,2.118689,1.818689,1.208689,0.698689,-3.791311,-8.581311,-8.071311,-8.871311,-9.401311,-8.401311,-10.171311,-10.001311,-9.831311,-8.841311,-7.501311,-7.141311,-6.351311,-6.051311,-4.981311,-6.661311,-5.121311,-5.271311,-4.481311,-4.381311,-4.381311,-3.391311,-3.111311,-3.301311,-2.311311,-1.461311,-1.2413111,-0.53131104,0.26868898,-0.11131103,-0.051311035,-0.28131104,0.29868898,-2.631311,-3.321311,-1.271311,-2.821311,-3.301311,-3.031311,-2.311311,-2.731311
3.138689,2.858689,3.408689,3.728689,4.578689,5.368689,5.328689,5.618689,5.698689,5.9586887,5.138689,5.038689,4.838689,4.658689,4.828689,3.678689,2.238689,2.298689,1.978689,0.67868894,-0.29131103,-0.791311,-7.411311,-6.021311,-7.691311,-9.131311,-9.721311,-10.261311,-9.831311,-9.581311,-9.251311,-8.151311,-6.641311,-6.111311,-5.801311,-6.321311,-5.821311,-4.991311,-5.091311,-4.671311,-4.821311,-4.231311,-3.731311,-2.611311,-2.771311,-2.371311,-3.201311,-1.8513111,-2.031311,-2.631311,-2.231311,0.19868897,-2.651311,-0.19131103,-0.041311037,-0.561311,-2.331311,-2.991311,-3.231311,-2.591311,-3.501311
1.918689,2.788689,3.398689,3.948689,4.6886888,5.378689,5.578689,6.128689,6.088689,5.308689,4.918689,4.818689,5.028689,4.828689,4.548689,3.948689,3.638689,2.008689,2.038689,0.758689,-0.51131105,-0.88131106,-2.241311,-6.191311,-9.841311,-7.821311,-7.371311,-10.371311,-10.111311,-9.711311,-9.281311,-8.931311,-8.081311,-7.261311,-6.841311,-6.471311,-5.341311,-5.661311,-4.921311,-4.611311,-4.001311,-3.971311,-4.821311,-3.9313111,-3.551311,-3.051311,-3.641311,-3.101311,-2.6813111,-2.871311,-3.281311,-2.791311,-3.231311,-2.341311,-0.83131105,-1.0013111,-1.791311,-3.461311,-3.6613111,-4.711311,-6.421311
1.958689,2.728689,3.928689,3.878689,4.398689,5.748689,6.368689,7.018689,6.968689,7.288689,6.788689,5.378689,5.288689,4.928689,4.698689,3.708689,2.288689,2.0686889,1.7786889,0.59868896,0.048688963,-1.0013111,-1.431311,-1.631311,-4.511311,-10.431311,-9.151311,-8.751311,-9.3013115,-8.721311,-9.191311,-9.131311,-8.651311,-8.221311,-7.821311,-7.611311,-7.3113112,-7.091311,-6.231311,-5.961311,-5.401311,-4.671311,-4.7913113,-4.391311,-4.141311,-3.771311,-3.781311,-2.971311,-2.641311,-3.041311,-3.711311,-2.841311,-3.221311,-3.9213111,-3.291311,-2.1713111,-3.041311,-3.851311,-4.381311,-3.471311,-3.481311
1.808689,2.8186889,3.198689,4.198689,4.498689,5.448689,6.518689,7.108689,8.298689,8.868689,8.708689,6.838689,5.238689,4.308689,4.138689,4.168689,3.0586889,1.1286889,1.558689,0.958689,0.80868894,-0.09131104,-1.561311,-2.871311,-2.511311,-3.731311,-7.661311,-10.401311,-9.391311,-8.911311,-9.741311,-9.111311,-8.431311,-7.891311,-8.141311,-7.831311,-7.241311,-7.221311,-6.801311,-6.551311,-6.331311,-5.711311,-5.821311,-5.211311,-4.501311,-4.431311,-4.5613112,-3.991311,-3.811311,-4.421311,-3.111311,-3.9113111,-4.271311,-4.031311,-4.0613112,-4.601311,-3.711311,-2.351311,-2.101311,-1.9713111,-2.121311
0.60868895,1.178689,2.898689,4.018689,4.7086887,5.498689,6.578689,8.058689,8.918689,9.348689,11.688689,8.508689,7.418689,6.768689,6.138689,5.018689,4.378689,2.3286889,0.828689,0.99868894,0.83868897,0.85868895,-0.37131104,-1.541311,-2.881311,-2.771311,-3.101311,-4.741311,-6.7913113,-7.801311,-6.431311,-9.121311,-9.111311,-8.321311,-8.271311,-8.0513115,-7.641311,-7.021311,-6.171311,-6.091311,-6.121311,-5.521311,-5.261311,-4.961311,-4.201311,-3.841311,-4.071311,-4.621311,-5.221311,-5.101311,-5.331311,-5.161311,-5.011311,-5.121311,-4.981311,-5.131311,-4.081311,-4.801311,-3.851311,-4.201311,-4.481311
-0.34131104,0.708689,1.6486889,3.3286889,3.008689,4.9586887,6.978689,8.968689,9.298689,10.068689,10.668689,11.758689,12.588689,11.128689,9.1986885,7.668689,5.408689,3.608689,1.568689,1.338689,-0.75131106,-0.031311035,0.18868896,-1.571311,-2.4213111,-3.331311,-3.271311,-3.371311,-3.651311,-5.621311,-6.611311,-8.211311,-8.461311,-8.441311,-6.621311,-5.2913113,-5.591311,-4.701311,-4.321311,-3.151311,-2.401311,-1.9813111,-5.401311,-3.151311,-1.641311,-2.231311,-3.341311,-5.271311,-4.501311,-5.871311,-6.021311,-6.321311,-6.401311,-5.211311,-4.871311,-4.691311,-5.191311,-5.141311,-3.761311,-3.971311,-4.411311
-1.7213111,-0.12131104,-0.051311035,1.358689,3.8386889,5.378689,6.648689,7.108689,8.528689,9.408689,10.578689,11.338689,11.818689,12.348689,11.758689,11.148689,10.378689,7.588689,4.048689,2.018689,0.28868896,0.688689,0.518689,-0.31131104,-1.9713111,-2.011311,-2.281311,-2.491311,-3.591311,-4.721311,-6.131311,-6.301311,-7.101311,-5.351311,-4.431311,-4.921311,-6.191311,-5.651311,-5.421311,-4.101311,-3.351311,-3.451311,-2.9113111,-2.211311,-2.4113111,-2.131311,1.318689,2.5586889,3.188689,7.788689,5.668689,-3.361311,-5.481311,-4.7913113,-4.231311,-4.921311,-4.391311,-3.471311,-3.591311,-4.701311,-4.081311
-2.731311,-2.4413111,0.18868896,1.6486889,3.168689,4.138689,5.008689,6.108689,7.288689,8.378689,9.1986885,10.088689,11.458689,11.658689,11.658689,11.788689,12.008689,11.838689,11.978689,3.238689,2.648689,4.828689,4.998689,6.168689,4.598689,4.238689,7.288689,1.7686889,-3.361311,-6.991311,-7.761311,-8.001311,-7.021311,-6.981311,-6.701311,-4.941311,-3.791311,-2.6713111,-3.131311,-4.511311,-3.731311,-2.891311,-2.221311,-1.831311,-3.521311,-2.621311,-0.791311,0.27868897,1.178689,1.928689,2.978689,3.468689,3.0586889,2.868689,3.3386889,2.708689,2.488689,0.73868895,0.948689,2.038689,2.628689
-4.401311,-2.491311,-0.78131104,0.99868894,1.868689,3.248689,4.598689,5.808689,6.868689,7.7086887,8.678689,9.488689,10.338689,10.508689,11.648689,12.118689,13.488689,12.428689,13.508689,10.708689,7.358689,8.048689,7.198689,5.668689,6.338689,7.608689,7.328689,8.638689,8.048689,15.098689,3.378689,-1.031311,0.28868896,0.36868897,-0.78131104,0.578689,-1.781311,0.35868895,-0.43131104,1.428689,1.828689,1.5286889,1.918689,3.728689,3.268689,3.098689,2.188689,1.478689,1.1286889,0.878689,0.52868897,0.09868897,0.60868895,0.67868894,0.97868896,1.6286889,1.708689,1.478689,2.518689,3.768689,4.178689
-4.951311,-3.4413111,-1.841311,0.038688965,1.308689,2.748689,4.288689,6.418689,6.588689,7.388689,7.988689,7.9586887,8.9486885,9.868689,10.148689,10.678689,11.038689,11.508689,12.058689,11.968689,10.538689,7.798689,6.998689,7.288689,7.698689,7.768689,6.848689,5.998689,5.678689,6.358689,6.088689,6.048689,2.5586889,2.5786889,1.7586889,0.71868896,-0.561311,-0.031311035,-0.90131104,-0.66131103,-1.2413111,-0.78131104,-1.521311,-2.1913111,-1.311311,0.33868897,0.83868897,1.168689,0.32868898,-0.21131104,0.12868896,0.46868896,0.48868898,2.118689,1.958689,1.0286889,1.038689,0.37868896,-0.101311035,1.588689,0.938689
-5.031311,-4.181311,-2.491311,-1.1013111,0.71868896,2.548689,4.6886888,5.918689,6.878689,7.238689,7.868689,8.808689,9.128689,9.078689,9.648689,9.608689,9.328689,9.6986885,10.238689,10.728689,10.008689,9.828689,8.688689,8.038689,7.578689,7.258689,7.098689,7.148689,6.7086887,6.108689,4.738689,3.778689,3.968689,3.5886889,2.858689,1.7686889,0.688689,-0.021311035,-0.041311037,-1.031311,-0.66131103,-0.28131104,0.048688963,-0.14131103,0.19868897,2.278689,1.438689,1.548689,1.1286889,1.108689,0.65868896,2.028689,2.368689,0.42868897,0.28868896,0.74868894,0.59868896,0.888689,0.74868894,0.35868895,0.078688964
-6.621311,-4.831311,-3.251311,-1.531311,0.758689,2.598689,4.628689,6.098689,6.738689,7.328689,7.498689,7.6886888,8.988689,9.558689,9.628689,9.188689,9.4486885,8.778689,8.488689,8.798689,8.298689,8.098689,7.9386888,7.238689,6.818689,6.4386888,6.838689,6.008689,5.718689,5.038689,4.848689,4.158689,4.318689,3.8386889,3.628689,3.718689,3.618689,2.778689,2.188689,3.138689,2.278689,2.998689,1.7686889,2.018689,2.108689,1.968689,1.548689,1.838689,1.7586889,1.7586889,2.3086889,2.788689,3.738689,3.678689,3.348689,3.0686889,2.138689,1.228689,0.038688965,-1.391311,-1.7213111
