json/gfs_20240722_12.json
{"header": { "discipline":0, "disciplineName":"Meteorological products", "gribEdition":2, "gribLength":79716, "center":7, "centerName":"US National Weather Service - NCEP(WMC)", "subcenter":0, "refTime":"2024-07-22T12:00:00.000Z", "significanceOfRT":1, "significanceOfRTName":"Start of forecast", "productStatus":0, "productStatusName":"Operational products", "productType":1, "productTypeName":"Forecast products", "productDefinitionTemplate":0, "productDefinitionTemplateName":"Analysis/forecast at horizontal level/layer at a point in time", "parameterCategory":2, "parameterCategoryName":"Momentum", "parameterNumber":3, "parameterNumberName":"V-component_of_wind", "parameterUnit":"m.s-1", "genProcessType":2, "genProcessTypeName":"Forecast", "forecastTime":0, "surface1Type":103, "surface1TypeName":"Specified height level above ground", "surface1Value":10.0, "surface2Type":255, "surface2TypeName":"Missing", "surface2Value":0.0, "gridDefinitionTemplate":0, "gridDefinitionTemplateName":"Latitude_Longitude", "numberPoints":65160, "shape":6, "shapeName":"Earth spherical with radius of 6,371,229.0 m", "gridUnits":"degrees", "resolution":48, "winds":"true", "scanMode":0, "nx":360, "ny":181, "basicAngle":0, "lo1":0.0, "la1":90.0, "lo2":359.0, "la2":-90.0, "dx":1.0, "dy":1.0 }, "data":
[rows 52 to 77 of 181, columns 58 to 115 of 360]
-2.4934106,-2.8934107,-5.2834105,-5.3334107,-6.463411,-7.3134108,-4.963411,-6.1034107,-3.6734107,3.3565893,2.7165895,2.8265893,1.1665894,1.4165894,0.6065894,-2.2134106,-1.8434106,-2.7134106,0.13658935,-2.4534106,0.066589355,-0.98341066,-0.22341065,1.1465894,-1.0134107,-2.4134107,-4.693411,-8.04341,-10.493411,-2.6634107,-2.0134106,-2.1834106,-5.8534107,-0.73341066,-7.8834105,-10.693411,-9.313411,-9.263411,-6.4134107,-4.5134106,-1.3034106,-1.8034106,-2.2534106,-2.1834106,-0.34341064,6.3565893,2.8065894,-1.6834106,-4.0834107,-2.3334107,-4.6134105,-2.4934106,1.7865894,-1.9034107,-0.7134106,-1.1434107,1.9965893,3.7165895
-3.7034106,-2.7134106,-5.8834105,-5.463411,-7.1734104,-5.9734106,-5.1834106,-4.7634106,-2.7534106,1.6865894,1.1265893,-1.6834106,-1.4434106,-2.3534107,-2.9934106,1.8865894,2.3065894,3.5965893,-3.0834107,-2.3534107,-2.6134107,-2.6234107,-2.3134108,-2.0134106,-3.4034107,-6.693411,-3.5734107,-2.9534106,-4.7634106,-5.6034107,-2.9034107,-9.743411,-2.9734106,0.5465894,0.016589355,3.2565894,-2.7034106,2.6965895,-0.8934106,4.266589,2.4165893,-0.34341064,0.6665894,0.77658933,-1.3334106,-1.6734107,-5.1434107,-5.483411,-7.753411,-0.033410646,3.4765894,4.6865892,4.3565893,2.4365892,3.0965893,2.0065894,-1.1034106,3.2465894
1.0665894,1.5965893,-5.8834105,-6.713411,-7.5834107,-5.713411,-4.2634106,-4.443411,-4.693411,-5.0634108,-5.213411,-5.5634108,-3.5434105,-4.0634108,2.4765894,1.4665893,0.17658935,-0.30341065,-2.3334107,-1.0734106,-4.0834107,-4.3034105,-4.4734106,-1.9134107,-3.4434106,-7.023411,-10.393411,-8.66341,-8.33341,-5.8634105,-5.7234106,-10.513411,-3.9734106,-2.8834107,-3.1334107,-2.9534106,-4.1534104,-5.7434106,-6.5734105,-6.733411,-3.2434106,-0.67341065,1.6265893,-0.033410646,0.37658936,-2.3634107,1.4665893,-0.26341066,-0.56341064,0.21658936,-0.37341064,-0.67341065,1.4565893,0.9765894,1.6565894,2.2165895,1.6965894,2.6265893
4.016589,-2.4434106,-7.693411,-9.693411,-8.79341,-6.8434105,-0.32341063,-4.8734107,-2.9034107,-6.6534104,-5.733411,-1.8834107,2.5665894,2.6165893,3.0965893,1.0065894,0.50658935,-1.4034107,-3.2634106,-3.6834106,1.4065894,-0.37341064,-10.563411,-6.8834105,-5.7634106,-10.5934105,-10.683411,-10.37341,-9.313411,-9.493411,-10.863411,-10.283411,-8.573411,-9.193411,-4.3434105,-8.643411,-4.463411,-6.1734104,-4.8734107,-3.7334106,-1.3134106,-0.79341066,-1.3334106,0.76658934,-1.0234107,-2.2434106,-1.1834106,-1.6834106,1.5065894,0.86658937,3.3665893,0.96658933,0.07658935,-0.0034106446,1.2665894,-2.4434106,1.3265893,2.5965893
-1.2834107,-1.5034107,-5.8034105,-11.203411,-13.263411,-6.1034107,-9.17341,-1.0634106,2.3265893,2.1565893,6.8565893,-3.0434105,-0.15341064,4.6865892,-1.9134107,0.29658934,1.8865894,0.87658936,2.0165894,-2.4734106,-1.9234107,-1.3234106,-4.6334105,-0.8334106,-0.44341063,-1.7034106,-10.763411,-10.5934105,-7.463411,-8.813411,-4.963411,-2.6734107,-3.7234106,-0.37341064,1.4865893,-0.67341065,1.3765893,0.23658936,-0.42341065,-1.9034107,-2.5434105,-1.6634107,-1.8034106,-0.6534107,-1.5534106,-1.0934106,-0.31341064,-0.53341067,0.76658934,1.5065894,3.4465895,3.3765893,0.70658934,2.4065893,1.2565894,2.2465894,3.1165893,3.2365894
-6.2634106,-6.983411,-7.5834107,-13.553411,-10.973411,1.9465894,1.1365894,4.016589,2.8465893,3.2465894,3.7965894,5.5065894,2.0465894,1.8065894,0.56658936,-0.14341064,0.08658936,-0.78341067,1.7665894,1.3665893,1.3565893,-0.6534107,4.9265895,-0.45341066,1.0765893,-2.3434107,-1.0934106,0.89658934,-6.463411,-6.1234107,-3.4734106,-13.54341,-16.223412,-2.7034106,2.8665893,3.0365894,2.7565894,-1.0034107,0.56658936,1.5565894,0.71658933,0.36658937,1.5065894,-1.2034106,-0.25341064,3.0565894,1.1565894,1.5965893,1.8965894,0.8565894,1.5665894,1.0365894,0.7865894,0.7265894,0.8465893,4.1765895,4.3365893,3.5365894
0.8465893,-1.5834106,-6.6234107,-13.54341,-10.41341,-0.43341064,1.9265894,3.4165893,1.9065894,1.5765893,3.0365894,4.9165893,3.3665893,0.67658937,-1.6034106,-2.1534107,-1.0134107,1.0265894,2.6465893,0.6065894,2.2265894,1.5365894,1.7965894,2.6865892,0.83658934,-2.3934107,-1.8734107,-9.603411,-3.6934106,-6.9934106,-2.8934107,1.2365893,5.6565895,5.0265894,3.7865894,0.0065893554,0.29658934,1.3065894,-1.0334107,-2.5334105,-1.9334106,0.14658935,-1.8034106,1.6365894,0.61658937,1.4565893,0.22658935,-0.79341066,-0.79341066,-1.3034106,0.23658936,2.4565895,2.5665894,-0.34341064,5.3665895,2.8065894,2.8065894,3.2065895
1.3565893,0.5465894,-5.1834106,-11.783411,-9.71341,-3.4634106,0.41658935,2.5865893,3.9165893,5.1765895,6.6665893,3.1165893,0.63658935,1.8965894,-0.74341065,-0.9534106,-2.3434107,2.8565893,3.9165893,0.47658935,1.2765894,0.68658936,6.5665894,5.0465894,4.9065895,0.55658937,6.8265896,3.8065894,0.7365894,6.1665893,3.9965894,4.0265894,2.9665895,0.47658935,-1.2734107,4.1665893,2.4665895,3.4565895,2.8865893,0.69658935,1.6465894,1.3465893,1.0365894,0.43658936,1.2065893,0.34658936,-2.0734107,1.9465894,-0.34341064,-0.6434106,-0.23341064,0.026589356,2.2665894,-0.56341064,2.6265893,2.7065895,2.9365892,2.0265894
-0.8334106,-1.6934106,-4.3234105,-7.463411,-7.213411,-4.1434107,-0.69341063,-2.9334106,2.6365893,3.5065894,2.7265894,-4.0334105,2.1665893,8.976589,3.9365892,-3.3334107,-0.13341065,2.7765894,3.5065894,1.4265894,-1.4034107,-0.40341064,0.8565894,0.55658937,2.7365894,5.8165894,4.3765893,3.3365893,-0.36341065,4.4665895,-3.1634107,1.7065893,2.7565894,-0.12341064,1.6765894,1.8065894,2.2965894,0.7865894,1.9565893,0.51658934,1.3365893,2.1665893,2.4965894,1.2965894,0.61658937,-0.13341065,-0.9634106,-1.4834106,-1.8034106,-0.033410646,2.0165894,0.81658936,1.0765893,0.94658935,4.3365893,3.2965894,2.8065894,0.83658934
0.81658936,-4.1534104,1.7065893,-6.6834106,-10.233411,-7.713411,-2.7234106,2.7165895,-2.8934107,1.9165894,0.96658933,2.2965894,3.0565894,0.56658936,3.7165895,1.7665894,1.7265893,-3.6034107,0.28658935,0.26658934,-2.1734107,-1.8534106,-1.9934106,0.25658935,1.3565893,1.1565894,2.9165893,3.2565894,1.7765894,3.9465895,-0.86341065,3.1465893,0.38658935,2.7665894,1.9665893,2.3965893,2.2465894,0.18658936,0.066589355,1.7565894,2.4565895,3.2865894,1.3965894,2.3465893,0.89658934,0.27658936,-0.73341066,-3.9834106,0.57658935,1.4465894,0.81658936,-0.033410646,0.15658936,0.57658935,2.9465895,2.8465893,1.2165893,1.9165894
2.8965893,3.1365893,1.2565894,0.77658933,-7.8134108,-5.1834106,-1.8634106,-0.92341065,-1.7034106,-0.34341064,3.1365893,6.3565893,5.8665895,1.8465893,3.5565894,2.8865893,3.5865893,3.6065893,2.7265894,-1.1834106,-0.7734106,0.86658937,-3.3234107,1.7665894,1.6165893,1.4665893,0.43658936,-0.09341064,1.5865893,1.7365893,3.5265894,5.246589,2.6965895,2.6465893,2.9165893,0.6665894,-0.38341063,0.20658936,-0.34341064,0.70658934,1.4865893,0.6665894,1.1065893,1.6265893,1.0165894,1.9665893,-1.6234107,2.1765893,4.4265895,2.6365893,1.5265894,0.67658937,0.77658933,1.6765894,1.1465894,2.2965894,0.63658935,1.5365894
-5.6134105,-4.6634107,-6.543411,-2.0234106,-2.4734106,-6.5934105,-7.4534106,0.9765894,0.96658933,1.6165893,2.0565894,4.1365895,4.0465894,2.9565895,7.746589,2.7465894,3.2565894,6.9265895,1.5865893,-2.0134106,-1.7634107,0.6665894,-1.4434106,-3.4334106,1.2165893,-1.6434107,-2.7834105,-3.2334106,1.9765893,1.7865894,0.6665894,1.8365893,0.15658936,-1.0134107,0.48658934,0.016589355,-0.55341065,-1.0934106,0.38658935,0.45658934,0.52658933,0.30658937,-0.14341064,1.0365894,0.92658937,0.036589354,3.2765894,3.5865893,2.9365892,3.1765893,0.55658937,2.0165894,1.4065894,0.95658934,1.3765893,0.9865894,-0.043410644,1.8165894
5.8165894,7.226589,8.446589,8.346589,8.20659,9.266589,9.506589,9.046589,4.7165895,1.4765893,3.7865894,4.2365894,4.996589,4.706589,3.6965895,2.8665893,3.3965893,3.0165894,-0.023410644,-0.22341065,-0.60341066,-1.0434107,-2.6334107,-2.2534106,0.08658936,-1.4734106,2.6765893,1.0165894,1.2965894,1.6765894,1.4865893,2.9265893,1.2965894,-0.20341064,0.86658937,0.9865894,0.07658935,-0.15341064,0.9065893,0.55658937,0.7365894,-0.14341064,1.0465894,1.0665894,2.2165895,1.5865893,3.0065894,2.0565894,2.2265894,1.6865894,1.7065893,0.9865894,1.2165893,1.0165894,1.5265894,2.3465893,0.41658935,1.3765893
1.9965893,3.7365894,5.4065895,6.5965896,7.1265893,6.8165894,7.0665894,5.536589,4.7365894,1.8665893,1.9065894,3.6565893,0.69658935,4.7165895,1.5565894,-1.6234107,4.4165893,3.9565895,-0.30341065,-0.33341065,-0.16341065,-0.35341063,-1.6434107,-2.9534106,-1.5734106,0.51658934,-0.67341065,-0.13341065,-0.50341064,0.36658937,2.1065893,2.4765894,2.6165893,0.016589355,-2.5034106,0.55658937,-0.08341064,0.9765894,1.0765893,0.99658936,-0.55341065,0.47658935,1.1665894,1.0465894,1.3665893,1.3165894,1.8465893,0.71658933,0.43658936,1.3965894,0.51658934,-0.82341063,0.83658934,2.0665894,-0.68341064,2.4865894,0.0065893554,2.4565895
-0.32341063,2.6765893,5.1365895,6.226589,6.3465896,5.9665895,5.5065894,4.8265896,4.3965893,1.9765893,1.1465894,3.7865894,1.2865894,3.7665894,4.1665893,3.1965895,4.3465896,2.2265894,2.0165894,3.7065895,2.6765893,-2.3534107,-0.63341063,-1.4634106,-0.79341066,-0.7634106,-2.9034107,1.3965894,1.3665893,1.4665893,3.5265894,4.8865895,5.5765896,5.4865894,2.3265893,1.1665894,0.36658937,1.5165894,1.5465894,-0.17341064,0.68658936,1.2165893,0.63658935,1.2265893,1.1265893,0.86658937,1.9965893,1.2265893,0.32658935,-0.50341064,0.82658935,1.1865894,1.1665894,-0.30341065,0.046589356,1.0565894,1.5665894,1.6165893
2.7065895,-1.5134107,7.2565894,7.1365895,5.976589,4.9065895,4.536589,4.9465895,4.7565894,3.0265894,-0.48341066,2.4265893,5.246589,4.246589,3.3265893,5.4265895,4.746589,3.7165895,3.4965894,3.3065894,2.8865893,1.4365894,-1.8634106,-1.6634107,1.2065893,0.70658934,1.9265894,2.0665894,1.2765894,2.2265894,4.8365893,4.9465895,5.0265894,6.2365894,2.1265893,0.68658936,0.74658936,2.1565893,2.8865893,0.86658937,0.7865894,-0.31341064,0.7265894,0.95658934,0.7265894,1.4965893,0.47658935,-0.15341064,0.40658936,-0.6434106,-0.5234106,0.016589355,-0.10341065,1.6265893,1.3365893,4.496589,2.7265894,1.2765894
4.0065894,5.286589,10.83659,8.266589,6.0465894,4.0965896,3.9065893,3.5265894,2.3365893,0.92658937,2.3365893,2.8665893,3.1365893,3.7365894,4.8465896,4.3365893,2.5065894,7.306589,1.5865893,2.9365892,0.19658935,-0.62341064,0.15658936,0.62658936,3.1165893,2.3265893,3.8065894,2.9565895,0.9865894,3.7965894,5.786589,6.9465895,9.256589,10.11659,4.8965893,0.93658936,0.81658936,5.0265894,5.016589,0.57658935,-0.6434106,0.71658933,0.26658934,-0.50341064,0.6065894,1.4365894,0.25658935,0.15658936,-1.1934106,-2.0634108,-2.4034107,0.20658936,1.5165894,1.4865893,0.82658935,1.2165893,2.6465893,2.6265893
8.736589,10.57659,9.736589,7.3665895,5.996589,5.0665894,3.2665894,2.9565895,3.3065894,2.8765893,3.1865892,3.3065894,4.8465896,3.1365893,5.5765896,5.1765895,6.016589,3.7265894,3.1265893,-0.45341066,0.45658934,0.76658934,2.4465895,3.2765894,3.1165893,2.1465893,2.5665894,0.9765894,2.4765894,6.6765895,6.3865895,10.6565895,11.37659,10.20659,8.53659,0.42658937,0.47658935,6.7765894,5.6365895,1.9765893,0.86658937,0.046589356,0.5465894,1.2865894,0.9165894,0.61658937,-0.013410645,0.8465893,0.38658935,-3.4234107,-13.113411,8.856589,4.976589,8.806589,5.6565895,5.4265895,2.8965893,2.9365892
11.936589,10.676589,7.746589,7.496589,6.8565893,6.1065893,4.8165894,5.4165893,5.4865894,4.226589,2.1165893,5.8765893,5.5865893,4.0965896,4.8265896,3.1465893,3.7565894,1.3965894,1.3965894,1.8165894,2.5665894,1.9965893,2.6065893,2.2165895,2.6065893,3.9665895,1.2965894,1.0665894,3.4965894,5.976589,8.33659,10.70659,11.08659,9.49659,8.006589,5.4465895,0.20658936,3.9565895,3.1565893,0.046589356,1.1465894,0.22658935,1.5565894,0.93658936,0.38658935,0.25658935,-0.26341066,0.09658936,-1.4034107,-7.193411,-1.4334106,18.58659,2.8365893,9.946589,8.36659,6.726589,4.5865893,2.3965893
10.816589,8.86659,7.806589,7.4465895,5.456589,5.016589,6.3765893,7.246589,6.4265895,5.306589,5.286589,6.6165895,4.3865895,4.3665895,3.8965893,5.5665894,2.9065893,2.9165893,2.4365892,2.1265893,2.1565893,0.18658936,1.4165894,1.7965894,3.0365894,1.6765894,-0.27341065,7.5065894,8.716589,8.20659,9.95659,10.386589,10.026589,9.306589,8.256589,6.0465894,2.2965894,2.0065894,1.3865894,0.40658936,0.92658937,1.0965893,1.3065894,0.6065894,-0.61341065,0.37658936,0.45658934,-0.5134106,0.23658936,-1.5434107,1.0565894,2.4265893,2.1065893,9.136589,7.1065893,6.4865894,4.6465893,2.5565894
12.12659,14.486589,13.61659,11.36659,9.70659,7.3965893,8.316589,7.9065895,5.7165895,5.226589,5.3265896,6.3365893,5.5465894,4.3665895,3.5765893,4.1365895,2.2865894,1.2365893,1.8665893,0.83658934,0.8465893,0.8565894,1.0865893,0.36658937,0.87658936,0.11658935,7.786589,7.9265895,8.466589,8.716589,8.216589,9.33659,8.846589,8.87659,8.11659,6.5665894,5.5065894,0.9165894,1.0265894,0.45658934,1.3765893,0.74658936,1.2065893,0.9165894,0.6565893,2.1865892,2.7765894,1.2365893,1.1365894,1.4065894,2.1365893,1.1065893,3.5065894,4.4065895,3.8965893,5.0965896,4.2565894,3.5465894
13.296589,12.66659,11.976589,10.256589,9.106589,8.4065895,7.996589,6.7565894,6.4865894,6.3865895,6.206589,5.6465893,4.7565894,4.9665895,4.6965895,4.7965894,2.7465894,3.0365894,1.5765893,0.25658935,0.056589354,0.89658934,0.43658936,-0.33341065,-0.033410646,4.7165895,6.6165895,7.6465893,7.5765896,8.386589,7.6665893,8.196589,8.606589,7.7365894,6.6265893,4.8565893,5.0465894,1.3265893,1.2865894,2.7365894,-0.67341065,0.71658933,-0.86341065,0.57658935,0.88658935,1.4865893,1.7165893,1.7965894,1.7165893,2.6665893,0.6565893,-1.5234107,1.3865894,2.8265893,2.3665893,4.5265894,5.9265895,5.2565894
11.176589,8.24659,7.306589,8.49659,8.86659,9.066589,7.6965895,8.266589,7.5665894,6.3565893,4.9665895,5.1465893,4.1465893,3.1965895,3.6765893,3.7965894,1.1365894,2.7165895,1.4665893,0.066589355,0.5365894,0.21658936,0.93658936,1.1665894,4.2165895,4.556589,6.556589,6.2565894,6.6565895,7.6065893,8.37659,7.7965894,7.8865895,7.5665894,6.3565893,6.1865892,5.536589,1.6565894,1.9365894,1.7665894,1.0765893,-0.12341064,0.92658937,0.08658936,0.57658935,3.2365894,2.3065894,2.1265893,1.2065893,1.2965894,0.35658935,-0.14341064,-0.42341065,2.3465893,3.5565894,4.7565894,5.1065893,4.476589
10.91659,9.636589,9.886589,8.186589,8.66659,9.20659,8.16659,7.246589,6.0765896,5.6665893,4.5265894,3.7965894,3.3765893,3.1665893,2.4565895,2.5165894,1.4765893,1.9065894,2.1765893,0.5965893,0.37658936,-0.0034106446,0.52658933,1.0965893,6.456589,6.0665894,6.266589,6.0065894,6.1265893,7.3765893,6.6665893,6.9865894,7.4165893,7.0865893,6.9365892,6.0665894,4.9465895,3.8565893,2.9565895,3.7965894,0.63658935,0.61658937,1.6265893,1.2365893,0.99658936,0.9165894,1.5065894,2.2665894,-0.15341064,0.24658936,1.2865894,2.4165893,-1.1434107,4.5765896,5.6165895,5.0465894,5.0065894,5.3265896
11.676589,10.57659,10.03659,8.70659,8.056589,7.1165895,6.6765895,5.6565895,5.0865893,4.956589,4.3265896,4.1565895,4.1265893,2.4465895,2.4765894,1.3565893,1.9065894,0.9765894,0.7965894,0.82658935,-0.5934107,-0.99341065,-3.1134107,5.286589,7.556589,6.806589,6.0965896,5.6065893,6.286589,6.226589,7.1165895,7.9265895,7.6665893,7.4365892,6.0965896,6.226589,5.5865893,5.5765896,4.4365892,1.8765893,1.0765893,-0.013410645,0.19658935,-1.2534107,-0.09341064,-0.043410644,1.4565893,0.41658935,0.6665894,-0.013410645,0.62658936,2.3365893,4.746589,7.7965894,6.8965893,7.056589,5.5665894,5.9065895
9.486589,8.82659,8.6565895,7.5465894,6.4365892,6.036589,5.4465895,5.1365895,4.5965896,4.5965896,4.3465896,3.8065894,2.9765894,2.3765893,2.0565894,2.1265893,1.9765893,0.38658935,1.6565894,0.7265894,-0.30341065,-0.26341066,0.7365894,8.57659,7.556589,6.3565893,5.3465896,5.7165895,6.1265893,7.016589,7.5665894,7.766589,7.6365895,7.7365894,7.2765894,4.9665895,5.7965894,5.6865892,4.706589,4.7565894,2.8065894,0.6065894,1.1565894,2.3765893,1.7565894,1.8965894,-0.023410644,0.41658935,1.2065893,1.5565894,0.70658934,1.0765893,5.9065895,8.216589,7.8965893,7.0765896,6.1465893,5.706589
