json/gfs_20240724_18.json
{"header": { "discipline":0, "disciplineName":"Meteorological products", "gribEdition":2, "gribLength":79856, "center":7, "centerName":"US National Weather Service - NCEP(WMC)", "subcenter":0, "refTime":"2024-07-24T18:00:00.000Z", "significanceOfRT":1, "significanceOfRTName":"Start of forecast", "productStatus":0, "productStatusName":"Operational products", "productType":1, "productTypeName":"Forecast products", "productDefinitionTemplate":0, "productDefinitionTemplateName":"Analysis/forecast at horizontal level/layer at a point in time", "parameterCategory":2, "parameterCategoryName":"Momentum", "parameterNumber":3, "parameterNumberName":"V-component_of_wind", "parameterUnit":"m.s-1", "genProcessType":2, "genProcessTypeName":"Forecast", "forecastTime":0, "surface1Type":103, "surface1TypeName":"Specified height level above ground", "surface1Value":10.0, "surface2Type":255, "surface2TypeName":"Missing", "surface2Value":0.0, "gridDefinitionTemplate":0, "gridDefinitionTemplateName":"Latitude_Longitude", "numberPoints":65160, "shape":6, "shapeName":"Earth spherical with radius of 6,371,229.0 m", "gridUnits":"degrees", "resolution":48, "winds":"true", "scanMode":0, "nx":360, "ny":181, "basicAngle":0, "lo1":0.0, "la1":90.0, "lo2":359.0, "la2":-90.0, "dx":1.0, "dy":1.0 }, "data":
[rows 0 to 26 of 181, columns 118 to 176 of 360]
2.8014429,2.7914429,2.7814429,2.761443,2.751443,2.731443,2.721443,2.701443,2.681443,2.6614428,2.6514428,2.6314428,2.6014428,2.5814428,2.5614429,2.5414429,2.511443,2.491443,2.461443,2.441443,2.4114428,2.3814428,2.3514428,2.3214428,2.2914429,2.261443,2.231443,2.201443,2.1614428,2.1314428,2.1014428,2.0614429,2.0314429,1.9914429,1.9514428,1.9214429,1.8814429,1.8414428,1.8014429,1.7614429,1.7214428,1.6814429,1.6414429,1.6014428,1.5614429,1.5214429,1.4714428,1.4314429,1.3814429,1.3414428,1.3014429,1.2514429,1.2114428,1.1614429,1.1114429,1.0714428,1.0214429,0.9714429,0.93144286
2.5814428,2.5714428,2.5514429,2.5514429,2.5514429,2.5614429,2.5714428,2.5814428,2.5914428,2.5914428,2.5914428,2.5914428,2.5914428,2.5814428,2.5814428,2.5714428,2.5514429,2.5414429,2.511443,2.471443,2.441443,2.4114428,2.3614428,2.3214428,2.271443,2.231443,2.171443,2.1214428,2.0614429,2.001443,1.9314429,1.8714429,1.8014429,1.7414429,1.6614429,1.5914428,1.5114429,1.4414428,1.3614429,1.2914429,1.2114428,1.1314429,1.0614429,0.99144286,0.9114429,0.8414429,0.7614429,0.68144286,0.61144286,0.5414429,0.46144286,0.38144287,0.31144288,0.23144287,0.16144288,0.08144287,0.011442871,-0.06855713,-0.14855713
3.3814428,3.3914428,3.421443,3.481443,3.5414429,3.6014428,3.681443,3.6614428,3.6114428,3.431443,3.221443,2.991443,2.741443,2.521443,2.441443,2.3814428,2.3614428,2.3614428,2.3514428,2.3214428,2.2814429,2.221443,2.1614428,2.0814428,1.9914429,1.9114429,1.8114429,1.7214428,1.6214429,1.5014429,1.3814429,1.2514429,1.1114429,0.9514429,0.7914429,0.63144284,0.45144287,0.26144287,0.07144287,-0.12855713,-0.33855712,-0.5485571,-0.74855715,-0.93855715,-1.0985571,-1.2385571,-1.3785571,-1.4885571,-1.5685571,-1.6485572,-1.7285571,-1.7885572,-1.8485571,-1.9185572,-1.9685571,-2.008557,-2.058557,-2.0885572,-2.1385572
3.6114428,3.711443,3.711443,3.6114428,3.521443,3.6114428,3.731443,3.8714428,3.8814428,3.8514428,3.8314428,3.761443,3.6314428,3.501443,3.2814429,3.0314429,2.8114429,2.671443,2.5714428,2.481443,2.3814428,2.2914429,2.191443,2.0714428,1.9314429,1.7514429,1.5414429,1.3314428,1.0914428,0.81144285,0.5214429,0.18144287,-0.17855713,-0.5385571,-0.86855716,-1.1885571,-1.4485571,-1.6185571,-1.7585571,-1.8485571,-1.9485571,-2.038557,-2.1485572,-2.268557,-2.3585572,-2.4385571,-2.488557,-2.4585571,-2.4285572,-2.308557,-2.1685572,-2.018557,-1.8685571,-1.7185571,-1.6185571,-1.5285572,-1.4485571,-1.4185572,-1.3785571
2.3114429,2.5714428,2.7914429,2.991443,3.231443,3.521443,3.7814429,3.971443,4.061443,4.111443,4.111443,4.0314426,3.921443,3.761443,3.5714428,3.3714428,3.211443,3.0714428,2.9014428,2.701443,2.501443,2.2914429,2.0714428,1.8114429,1.4914429,1.1314429,0.7214429,0.25144288,-0.23855713,-0.7285571,-1.1885571,-1.5785571,-1.8985572,-2.1185572,-2.258557,-2.3685572,-2.4685571,-2.6085572,-2.728557,-2.7085571,-2.6785572,-2.6685572,-2.6585572,-2.6485572,-2.6485572,-2.6585572,-2.6785572,-2.7085571,-2.758557,-2.818557,-2.8985572,-2.9685571,-2.978557,-2.988557,-3.008557,-3.028557,-3.058557,-3.068557,-3.068557
0.8514429,1.4814429,2.001443,2.4114428,2.6414428,2.8114429,2.981443,3.1414428,3.2914429,3.4114428,3.521443,3.6314428,3.6614428,3.5514429,3.3114429,3.0614429,2.8114429,2.5314429,2.261443,2.0414429,1.8314428,1.5314429,1.1714429,0.75144285,0.28144288,-0.20855713,-0.7085571,-1.1785572,-1.6085571,-2.058557,-2.528557,-2.828557,-2.9385571,-2.808557,-2.6685572,-2.768557,-3.298557,-3.9285572,-4.458557,-4.478557,-4.2785573,-4.108557,-4.058557,-4.268557,-4.5285573,-4.608557,-4.618557,-4.578557,-4.5285573,-4.4885573,-4.458557,-4.448557,-4.438557,-4.398557,-4.3385572,-4.228557,-4.108557,-3.978557,-3.828557
0.92144287,1.3814429,1.8014429,2.1214428,2.3714428,2.5714428,2.711443,2.771443,2.681443,2.6414428,2.741443,2.8714428,2.971443,2.971443,2.7814429,2.441443,2.011443,1.6414429,1.4314429,1.3114429,1.1314429,0.7714429,0.30144286,-0.16855712,-0.5985571,-1.0185571,-1.4185572,-1.7685571,-2.1285572,-2.6385572,-3.1885571,-3.4685571,-3.498557,-3.328557,-3.1785572,-3.3785572,-3.9085572,-4.408557,-4.638557,-4.7785573,-4.898557,-5.098557,-5.3385572,-5.608557,-5.8185573,-5.898557,-5.828557,-5.708557,-5.5685573,-5.398557,-5.148557,-4.7985573,-4.418557,-4.038557,-3.6685572,-3.298557,-2.9085572,-2.498557,-2.058557
1.2414429,1.4614428,1.5814428,1.6814429,1.8614429,2.1214428,2.431443,2.771443,2.971443,2.8414428,2.731443,2.5814428,2.5414429,2.2814429,1.9114429,1.4914429,1.0914428,0.8414429,0.7214429,0.6414429,0.5114429,0.25144288,-0.13855714,-0.56855714,-1.0285572,-1.4585571,-2.018557,-2.788557,-3.3385572,-3.578557,-3.7185571,-3.6285572,-3.7085571,-4.0485573,-4.428557,-4.7585573,-5.0485573,-5.348557,-5.5885572,-5.668557,-5.678557,-5.648557,-5.478557,-5.078557,-4.428557,-3.528557,-2.8485572,-2.4585571,-2.1685572,-1.9185572,-1.8885571,-1.9985571,-2.038557,-2.0885572,-1.9085572,-0.93855715,0.48144287,1.2414429,1.2014428
1.5414429,1.3914429,1.2814429,1.3814429,1.5514429,1.6814429,1.7314429,1.7814429,1.8214428,1.7914429,1.7414429,1.6114429,1.4014429,1.1014428,0.7714429,0.57144284,0.43144286,0.4014429,0.28144288,-0.008557129,-0.40855712,-0.7085571,-1.0285572,-1.3785571,-1.7385571,-2.1385572,-2.498557,-2.988557,-3.508557,-3.9385571,-4.128557,-4.2185574,-4.2585573,-4.2585573,-4.418557,-4.698557,-5.0685573,-5.2785573,-5.368557,-5.348557,-5.098557,-4.2985573,-3.028557,-2.0885572,-1.4785571,-1.4985571,-1.8185571,-1.9585571,-1.9785571,-1.9785571,-1.8185571,-1.5085571,-1.6385571,-2.038557,-1.7385571,-0.67855716,0.36144286,0.9514429,1.2814429
1.7314429,1.1414429,0.75144285,0.8914429,1.3914429,1.7014428,1.6014428,1.2514429,0.9714429,0.8514429,0.80144286,0.82144284,0.80144286,0.7014429,0.57144284,0.43144286,0.21144287,-0.12855713,-0.48855713,-0.8985571,-1.4285572,-1.9185572,-2.2185571,-2.1685572,-2.288557,-2.538557,-2.748557,-3.1485572,-3.6285572,-3.8785572,-3.9385571,-3.758557,-3.748557,-3.9485571,-4.288557,-4.558557,-4.7585573,-4.7985573,-4.748557,-4.598557,-4.518557,-2.548557,-1.0685571,-1.1285571,-1.3585571,-1.3385571,-1.1985571,-1.2085571,-1.2285571,-1.1285571,-0.93855715,-0.40855712,0.37144288,1.0714428,1.6114429,2.0414429,2.3314428,2.521443,2.6614428
0.88144284,0.32144287,-0.12855713,0.10144287,0.30144286,0.29144287,0.39144287,0.57144284,0.6514429,0.63144284,0.5914429,0.43144286,0.17144287,-0.078557126,-0.31855714,-0.5385571,-0.88855714,-1.2785572,-1.5885571,-1.9885571,-2.258557,-2.4185572,-2.528557,-2.4285572,-2.538557,-2.728557,-2.9085572,-3.038557,-3.1385572,-3.5885572,-4.2785573,-4.428557,-4.5285573,-3.8785572,-3.528557,-3.4385571,-3.3885572,-3.1585572,-2.6985571,-2.238557,-1.8185571,-1.4385571,-1.0885571,-0.7185571,-0.5485571,-0.28855714,0.5114429,1.1114429,1.3314428,1.3214428,1.2314429,1.2814429,1.6414429,2.021443,2.201443,2.241443,2.2914429,2.261443,2.1614428
-0.82855713,-1.0885571,-1.0285572,-0.7085571,-0.5385571,-0.30855712,-0.24855714,-0.22855712,-0.24855714,-0.30855712,-0.39855713,-0.41855714,-0.61855716,-0.9085571,-1.1085571,-1.2585571,-1.3685571,-1.4385571,-1.5985571,-1.9285572,-2.1785572,-2.238557,-2.248557,-2.328557,-2.3585572,-2.3585572,-2.3785572,-2.578557,-2.6685572,-2.768557,-2.8585572,-2.8485572,-2.8385572,-2.818557,-2.9085572,-2.808557,-2.9485571,-2.8485572,-2.3785572,-1.8285571,-1.0685571,-0.36855713,-0.038557127,0.001442871,-0.02855713,-0.06855713,0.07144287,0.5814429,1.0914428,1.5514429,1.8814429,2.0514429,2.271443,2.3014429,2.3014429,2.3414428,2.4114428,2.3014429,2.211443
-1.1985571,-1.4185572,-1.6485572,-1.8885571,-2.0885572,-2.058557,-2.018557,-2.1185572,-2.258557,-2.3385572,-2.3385572,-2.1085572,-1.5985571,-1.4585571,-1.9385571,-2.078557,-1.7885572,-1.7785572,-1.8985572,-1.8785571,-1.8485571,-1.9785571,-3.078557,-3.258557,-2.6485572,-2.0985572,-1.7685571,-1.7985572,-2.238557,-2.498557,-2.1385572,-1.8185571,-2.508557,-2.6485572,-2.4585571,-2.8585572,-2.748557,-2.508557,-1.8485571,-1.3585571,-0.92855716,-0.67855716,-0.49855712,-0.29855713,-0.01855713,0.43144286,0.93144286,1.4914429,1.7514429,1.7614429,1.9114429,2.1314428,1.7514429,1.2614429,1.4814429,1.6614429,1.4514428,1.4214429,1.4714428
-1.3785571,-1.6385571,-1.9285572,-2.1585572,-2.288557,-2.4085572,-2.548557,-2.728557,-3.1085572,-3.2085571,-3.3785572,-3.2185571,-2.9585571,-2.8885572,-2.988557,-3.1285572,-3.4285572,-3.6385572,-3.6285572,-3.6285572,-3.768557,-3.9085572,-3.8985572,-3.828557,-3.828557,-3.818557,-3.538557,-3.278557,-3.3385572,-3.4185572,-3.4185572,-3.3985572,-3.238557,-2.8985572,-2.6685572,-2.4685571,-1.6785572,-0.99855715,-0.6485571,-0.38855714,-0.12855713,-0.46855712,-0.93855715,-0.22855712,0.34144288,0.37144288,0.17144287,-0.19855712,-0.61855716,-0.61855716,-0.05855713,0.6514429,1.4414428,1.8214428,1.6014428,1.1814429,1.0314429,0.9514429,0.86144286
-2.1285572,-2.0985572,-2.1485572,-2.328557,-2.578557,-2.978557,-3.278557,-3.498557,-3.6085572,-3.6485572,-3.4685571,-3.498557,-3.6085572,-3.6185572,-3.5885572,-3.5985572,-3.6485572,-3.6985571,-3.3885572,-2.9285572,-2.9385571,-3.318557,-3.3585572,-2.578557,-2.3485572,-2.7085571,-2.528557,-2.6385572,-2.258557,-2.1685572,-2.238557,-2.3585572,-2.548557,-2.6185572,-2.478557,-2.298557,-2.1785572,-1.9585571,-1.7685571,-1.8685571,-2.068557,-2.1485572,-1.8185571,-0.82855713,-0.29855713,0.10144287,0.36144286,0.5214429,0.9014429,1.5614429,2.0814428,2.181443,2.1614428,2.001443,1.5914428,1.4514428,1.3214428,1.2314429,1.2414429
-3.4685571,-3.6385572,-3.6385572,-3.778557,-4.058557,-4.2785573,-4.3385572,-4.358557,-4.408557,-4.348557,-4.268557,-4.268557,-4.188557,-4.188557,-4.108557,-4.098557,-4.248557,-4.268557,-4.0685573,-3.4485571,-3.818557,-3.6085572,-3.488557,-2.258557,-2.2085571,-3.498557,-3.258557,-3.528557,-3.328557,-2.9585571,-2.6685572,-2.748557,-3.1185572,-3.5985572,-3.0885572,-2.4485571,-2.6285572,-2.978557,-2.738557,-2.238557,-1.7585571,-1.4085572,-0.51855713,0.12144287,0.8914429,1.8114429,2.211443,2.3214428,2.451443,2.211443,1.9914429,1.9314429,1.6714429,1.3714429,1.2314429,1.1614429,0.8414429,0.6014429,0.5414429
-3.028557,-3.1485572,-3.288557,-3.4485571,-3.6985571,-3.9085572,-3.778557,-3.738557,-3.478557,-3.268557,-4.248557,-4.7185574,-4.668557,-5.0285573,-5.208557,-5.378557,-5.378557,-5.288557,-5.158557,-4.878557,-4.248557,-3.498557,-2.278557,-1.3785571,-0.61855716,-1.4585571,-1.2285571,-0.9685571,-0.94855714,-1.0285572,-0.86855716,-0.56855714,-0.19855712,0.09144287,0.001442871,-0.3485571,-0.50855714,-0.49855712,-0.27855712,0.38144287,0.9114429,1.5614429,1.6914428,1.8414428,1.7814429,1.5914428,1.4914429,1.7714429,1.6714429,1.1414429,0.7814429,0.27144286,-0.22855712,-0.42855713,-0.62855715,-0.6685571,-0.48855713,-0.21855713,-0.09855713
-2.6385572,-1.9785571,-1.2785572,-1.9885571,-2.3985572,-2.4185572,-2.0985572,-2.8785572,-3.4285572,-4.5085573,-4.928557,-5.408557,-6.888557,-6.3185573,-5.228557,-2.1085572,1.2614429,2.5414429,3.1314428,3.481443,3.471443,3.431443,3.1314428,2.8714428,2.241443,1.4814429,1.5814428,1.3114429,1.2314429,1.3114429,1.0814428,0.94144285,0.56144285,0.48144287,1.0114429,1.1014428,1.0014429,0.98144287,1.0614429,1.2014428,1.1514429,0.7814429,0.20144287,-0.20855713,-0.078557126,0.17144287,-0.14855713,-0.49855712,-0.93855715,-1.0685571,-1.0985571,-1.2885572,-1.6285571,-2.068557,-2.238557,-2.008557,-2.298557,-2.3385572,-2.8585572
3.1114428,2.5914428,2.1014428,0.9614429,0.36144286,0.04144287,-1.4085572,-1.6885571,-3.048557,-3.9685571,-3.6785572,-5.148557,-3.4685571,-1.5185571,-0.6585571,-0.26855713,0.9614429,2.5914428,2.8914428,2.701443,2.5614429,2.5514429,2.001443,1.1814429,1.7514429,1.7414429,1.7314429,1.5614429,2.751443,1.9614428,1.5814428,1.4314429,1.5714428,1.3414428,0.6014429,0.6514429,0.62144285,0.23144287,-0.15855713,-0.35855713,-0.5885571,-1.0185571,-1.1785572,-1.5385572,-1.9785571,-1.9885571,-1.7785572,-1.7985572,-1.5985571,-2.1985571,-2.488557,-2.228557,-2.1085572,-2.4285572,-2.768557,-3.6785572,-4.438557,-5.138557,-5.478557
2.221443,0.99144286,0.62144285,-0.6585571,-1.6885571,-1.9985571,-3.3485572,-4.038557,-3.998557,-3.058557,-2.068557,-2.1585572,-1.7985572,-3.8985572,-2.9285572,-1.3085572,0.86144286,1.7314429,1.2014428,0.7214429,0.55144286,0.24144287,0.38144287,0.34144288,0.92144287,1.2114428,1.1014428,0.43144286,0.82144284,2.3814428,1.5214429,1.0914428,1.5814428,1.4214429,-0.22855712,-1.1185571,-2.4185572,-2.758557,-2.4285572,-2.4085572,-2.9485571,-3.9285572,-4.768557,-4.978557,-4.648557,-2.068557,-3.538557,-3.518557,-3.3585572,-3.7085571,-5.2985573,-5.948557,-6.3185573,-5.408557,-4.948557,-5.618557,-5.248557,-5.018557,-6.5085573
-1.0385572,-1.4185572,-1.5985571,-2.978557,-3.478557,-4.128557,-4.018557,-4.668557,-3.9685571,-2.4185572,-1.3385571,-0.05855713,-1.0785571,-3.8685572,-3.488557,-0.33855712,1.0514429,-0.44855714,-0.93855715,1.4514428,2.501443,3.0514429,3.8914428,3.181443,2.751443,3.021443,2.5414429,1.9814429,1.2314429,-0.69855714,0.9714429,1.0814428,0.24144287,0.07144287,-1.2785572,-1.3485571,-2.738557,-3.6985571,-3.9485571,-3.748557,-3.6385572,-3.6885571,-4.658557,-4.598557,-4.9885573,-4.378557,-4.808557,-3.558557,-4.618557,-6.158557,-7.7185574,-9.218557,-9.718557,-3.3485572,-2.808557,-2.9185572,-1.6585572,-1.7085571,-2.028557
-0.7885571,-1.7485571,-2.6585572,-3.248557,-3.328557,-2.508557,-3.8385572,-4.928557,-2.8585572,-2.1885571,-0.99855715,0.5114429,-2.1385572,-1.9185572,1.1514429,0.30144286,-0.9885571,-0.05855713,-0.57855713,-0.8585571,0.43144286,0.5314429,0.9114429,1.1014428,1.2614429,2.691443,1.8014429,0.93144286,0.15144287,-0.7985571,-1.7385571,-0.57855713,-0.6085571,-1.9685571,-2.258557,-1.3785571,-2.3885572,-2.058557,-2.9685571,-3.548557,-4.2185574,-6.558557,-8.008557,-9.198557,-4.5685573,-5.708557,-5.618557,-3.2185571,-3.4285572,-1.5885571,-2.1685572,-1.9285572,-4.938557,-1.3185571,0.48144287,0.33144286,-0.67855716,-1.3085572,3.421443
-0.32855713,-1.0485572,-2.018557,-1.6885571,-1.9385571,-2.4685571,-5.108557,-5.2985573,-2.6285572,-0.37855712,0.7814429,1.1314429,1.2314429,0.6614429,0.23144287,-0.02855713,-0.5885571,-0.21855713,-0.74855715,-1.0185571,1.9014429,2.0814428,0.08144287,-0.36855713,-1.0285572,1.7614429,2.491443,2.8014429,1.6114429,1.6114429,0.42144287,0.35144287,-0.44855714,-1.3985572,0.48144287,-0.21855713,-2.1685572,-4.2785573,-3.8385572,-3.4585571,-4.558557,-4.458557,-4.2185574,-8.068557,-6.628557,-4.198557,-1.3885571,-1.7485571,-1.4985571,-4.348557,-3.508557,-1.1985571,-2.6385572,-3.6685572,-3.3385572,4.5114427,3.5414429,3.8214428,3.981443
-2.1985571,-1.9585571,-3.1585572,-3.2185571,-4.4885573,-4.808557,-5.978557,-4.418557,-1.1185571,-0.02855713,0.25144288,-0.40855712,-1.1885571,-0.31855714,-0.6585571,-0.33855712,-0.47855714,0.15144287,1.3014429,0.37144288,0.021442872,0.23144287,0.42144287,1.7014428,0.11144287,1.1414429,2.2814429,1.4514428,2.5914428,1.5214429,0.88144284,0.5214429,0.43144286,-0.41855714,-1.9385571,-2.1885571,-3.288557,-3.248557,-4.0885572,-4.118557,-3.058557,-5.688557,-3.258557,-1.6685572,-5.328557,-5.708557,1.6214429,3.3414428,1.3914429,2.5314429,3.451443,3.0414429,1.6414429,1.8714429,1.7814429,2.3614428,2.5714428,0.25144288,2.001443
-1.0585572,-1.3885571,-1.6085571,-3.3485572,-4.898557,-5.848557,-4.598557,-2.028557,0.29144287,0.9114429,0.94144285,1.6214429,1.4614428,0.10144287,0.16144288,0.12144287,-0.06855713,0.011442871,0.8414429,0.9114429,-0.27855712,-0.118557125,0.73144287,0.99144286,0.28144288,0.19144288,-0.078557126,-0.24855714,-0.31855714,1.0714428,0.31144288,-0.93855715,-1.2885572,-2.9685571,-2.3385572,-2.048557,-1.0785571,-2.788557,-3.738557,-3.798557,-5.198557,-3.9085572,-2.828557,-2.9685571,-3.078557,-4.5485573,-5.198557,-2.1885571,2.481443,1.5714428,1.8014429,0.8314429,1.3314428,1.6814429,0.28144288,2.981443,0.27144286,1.2114428,0.06144287
-1.5085571,-1.4685571,-1.5085571,-1.6185571,-2.4685571,-3.8385572,-2.8885572,-3.568557,0.07144287,0.55144286,1.5414429,2.1314428,1.8714429,1.4414428,1.6814429,0.7714429,0.8314429,1.2714429,0.25144288,-0.17855713,-1.1785572,-1.1285571,0.25144288,-1.5085571,-1.2585571,-1.6485572,-0.6085571,-0.7885571,-0.09855713,-0.008557129,0.82144284,-0.15855713,-1.5385572,-3.4185572,-2.018557,-1.2185571,-1.1585572,-1.5985571,-2.9385571,-4.828557,-3.2085571,-4.4885573,-1.9385571,-3.298557,0.10144287,1.2414429,3.0314429,1.8414428,1.3314428,1.1014428,1.7914429,1.2114428,-0.15855713,-0.36855713,-0.09855713,0.29144287,0.06144287,-0.7885571,2.751443
-1.1985571,-1.0385572,-1.3685571,-1.2685571,-1.8085572,-1.2985572,-1.3985572,-1.7885572,-2.3785572,-0.47855714,0.17144287,-0.47855714,-0.7285571,0.8314429,0.33144286,0.07144287,-0.6585571,-0.7185571,-1.3485571,-1.6685572,-0.61855716,0.22144288,-0.078557126,-0.9585571,-1.8685571,-0.24855714,0.021442872,-0.9685571,-1.6185571,-0.15855713,-0.48855713,-0.57855713,-1.0485572,-4.018557,-2.6485572,-1.1585572,-3.0985572,-1.7885572,-3.488557,-3.0885572,-1.1185571,-3.518557,-1.6685572,-2.018557,0.39144287,2.6114428,2.3014429,2.011443,0.63144284,-0.038557127,-0.30855712,-0.45855713,0.27144286,3.8914428,1.4714428,2.681443,3.941443,1.6914428,-0.10855713
