json/gfs_20240723_18.json
{"header": { "discipline":0, "disciplineName":"Meteorological products", "gribEdition":2, "gribLength":80189, "center":7, "centerName":"US National Weather Service - NCEP(WMC)", "subcenter":0, "refTime":"2024-07-23T18:00:00.000Z", "significanceOfRT":1, "significanceOfRTName":"Start of forecast", "productStatus":0, "productStatusName":"Operational products", "productType":1, "productTypeName":"Forecast products", "productDefinitionTemplate":0, "productDefinitionTemplateName":"Analysis/forecast at horizontal level/layer at a point in time", "parameterCategory":2, "parameterCategoryName":"Momentum", "parameterNumber":2, "parameterNumberName":"U-component_of_wind", "parameterUnit":"m.s-1", "genProcessType":2, "genProcessTypeName":"Forecast", "forecastTime":0, "surface1Type":103, "surface1TypeName":"Specified height level above ground", "surface1Value":10.0, "surface2Type":255, "surface2TypeName":"Missing", "surface2Value":0.0, "gridDefinitionTemplate":0, "gridDefinitionTemplateName":"Latitude_Longitude", "numberPoints":65160, "shape":6, "shapeName":"Earth spherical with radius of 6,371,229.0 m", "gridUnits":"degrees", "resolution":48, "winds":"true", "scanMode":0, "nx":360, "ny":181, "basicAngle":0, "lo1":0.0, "la1":90.0, "lo2":359.0, "la2":-90.0, "dx":1.0, "dy":1.0 }, "data":
[rows 150 to 174 of 181, columns 0 to 56 of 360]
0.8282446,0.05824463,0.9182446,4.0582447,4.648245,2.5282447,1.0682446,1.5282446,3.9782445,1.8482447,2.9182446,4.8882446,6.918245,1.9282446,-0.51175535,-1.1917554,-1.8817554,-2.1617553,-3.1117554,-3.3117554,-3.3517554,-3.8117554,-5.001755,-5.831755,-5.811755,-5.5517554,-4.4617553,-3.7317553,-3.1717553,-2.8817554,-2.1617553,-1.5517554,0.01824463,1.1182446,1.6082447,2.0282447,1.4082446,1.9582447,3.5082445,4.168245,4.7882447,5.1982446,5.6182446,5.3182445,5.5482445,5.3282447,4.458245,3.5282447,3.0282447,1.5082446,0.38824463,-1.0517554,-3.2517555,-3.1617553,-4.0117555,-4.4517555,-4.3017554
1.0382446,2.6482446,1.5482446,2.4782445,1.8382447,0.5282446,0.7782446,2.3882446,0.56824464,1.8182446,3.6582446,5.1182446,1.8182446,-1.1817554,-3.3317554,-3.8517554,-4.1117554,-3.7417555,-3.8217554,-4.791755,-5.4817553,-6.041755,-6.2117553,-6.0117555,-5.331755,-4.851755,-4.4217553,-3.5217555,-3.3917553,-2.4717553,-1.7717553,-0.95175534,-0.5317554,-0.7917554,0.80824465,2.9782445,4.1982446,5.2182446,5.6982446,5.998245,6.0782447,5.708245,6.148245,5.9082446,5.2182446,5.5582447,5.3882446,5.208245,4.458245,3.9382446,2.6382446,1.3482447,-0.021755371,-1.5517554,-2.7617555,-2.4517553,-3.1817553
-0.4717554,-0.42175537,-1.0817554,-1.6717553,-1.4817554,-1.4217553,-0.87175536,-0.55175537,0.7782446,2.2282445,3.5682447,-0.8617554,-3.1917553,-4.8217554,-5.8617554,-6.6417556,-7.291755,-7.7417555,-8.281755,-8.581756,-7.9617553,-7.311755,-6.291755,-5.6717553,-4.5717554,-4.1717553,-4.081755,-3.5417554,-2.8417554,-2.0417554,-1.3317554,-0.81175536,0.36824462,1.3882446,2.1682446,2.8782446,3.8782446,4.6082444,4.2982445,4.5682445,4.1082444,5.0482445,4.6182446,5.1382446,4.0882444,3.7482445,4.0682445,3.7982447,3.3082447,2.6682446,1.0582446,-0.07175537,-3.1317554,-3.3217554,-2.8317554,-2.7317553,-4.1217556
-2.2417555,-2.5017555,-2.7517555,-2.6417553,-2.6617553,-2.3317554,-1.2917553,-0.31175536,0.8882446,0.23824462,-1.9217553,-3.7517555,-4.6717553,-6.0517554,-6.8817554,-8.651755,-8.831756,-8.251756,-8.761755,-8.261755,-8.181755,-7.4517555,-5.9317555,-5.2417555,-4.7317553,-4.521755,-4.021755,-3.5717554,-2.6517553,-1.9817554,-0.88175535,-0.22175537,0.99824464,1.6182446,2.7782447,2.6982446,2.7682447,3.2682447,3.0082445,4.3682446,4.3182445,3.8882446,4.418245,3.7182446,4.0882444,3.6882446,3.4482446,4.0582447,3.3682446,2.4682446,-1.0517554,-3.0317554,-2.3617554,-3.4417553,-3.5217555,-3.7917554,-3.6617553
-3.3617554,-3.6717553,-3.9817553,-3.7417555,-3.1317554,-2.0617554,-1.2517554,-0.7117554,-1.7517554,-3.2217553,-4.2417555,-5.1317554,-5.771755,-5.8917556,-6.581755,-6.9517555,-7.5517554,-7.8617554,-7.7617555,-7.331755,-6.751755,-6.2117553,-6.4617553,-5.7017555,-5.4617553,-4.9317555,-4.2217555,-3.4617553,-2.5517554,-1.8017554,-1.3317554,-1.0217553,-0.14175537,1.7582446,1.1882446,1.7382447,2.5282447,2.5582447,4.398245,5.648245,5.418245,5.7582445,5.4082446,2.7282445,3.5082445,4.2782445,1.7382447,3.2382445,-2.6117554,-4.7617555,-4.8917556,-5.541755,-4.7217555,-3.7917554,-3.3117554,-3.7817554,-3.5817554
-5.4717555,-5.3717556,-4.9217553,-4.0317554,-3.2717555,-2.3317554,-2.0717554,-3.0417554,-4.1417556,-5.001755,-5.4917555,-5.8917556,-6.291755,-6.0317554,-6.5117555,-6.8817554,-7.5317554,-7.6517553,-7.4717555,-7.3217554,-7.0717554,-6.5317554,-6.1417556,-5.8417554,-5.331755,-4.7817554,-3.5217555,-3.1017554,-2.3417554,-1.9317554,-0.7817554,0.55824465,1.1582446,2.1582446,3.0682447,3.4782445,4.2582445,2.8682446,2.8482447,2.2582445,2.9682446,2.4782445,-1.1117554,0.02824463,-2.9817553,-7.541755,-7.7417555,-7.0317554,-6.6217556,-7.2617555,-5.8917556,-4.8617554,-4.2217555,-3.6217554,-3.3517554,-3.0417554,-2.4317553
-6.2017555,-5.4617553,-4.7317553,-4.1417556,-3.6317554,-3.8017554,-4.5117555,-5.0917554,-5.7017555,-6.1917553,-6.4517555,-6.6717553,-6.791755,-6.9417553,-6.8717556,-7.7417555,-8.851755,-8.151755,-7.3717556,-7.4317555,-7.3917556,-7.041755,-6.041755,-5.3717556,-4.6917553,-3.9617553,-3.1617553,-2.7017553,-1.7817553,-2.0117555,-1.4917554,-0.26175538,0.54824466,0.28824463,0.56824464,-0.22175537,-0.04175537,1.4482446,2.2582445,2.6282446,-6.4417553,-7.561755,-7.8417554,-8.131756,-8.061755,-8.051755,-7.6517553,-7.4717555,-7.2417555,-6.6517553,-5.9117556,-4.4617553,-3.5817554,-0.70175534,1.6982446,3.5282447,1.2482446
-6.1517553,-5.4717555,-5.1617556,-4.9417553,-5.6417556,-6.3417554,-6.5717554,-6.8417554,-7.1517553,-7.601755,-7.831755,-8.281755,-8.591755,-9.251756,-9.501756,-10.321755,-8.911756,-8.401755,-8.601755,-8.471755,-7.8617554,-7.4517555,-6.9017553,-6.7017555,-6.7017555,-6.2617555,-5.7317553,-5.0317554,-4.7017555,-4.0117555,-3.2117553,-2.1117554,-0.24175537,2.1682446,3.0682447,1.1082447,-0.68175536,-6.561755,-8.231755,-9.781755,-10.671756,-10.581756,-10.561755,-10.131756,-9.441755,-8.801755,-8.071755,-5.7617555,-2.7217553,-0.48175538,-0.38175538,-1.6117554,-1.5417553,-0.45175537,4.0182447,6.5882444,3.0782447
-12.861755,-13.041756,-13.251756,-13.521755,-13.911756,-14.151755,-14.261755,-14.301755,-14.431755,-14.621756,-14.541756,-14.611755,-14.441755,-14.551755,-14.451756,-13.721755,-12.821755,-12.721755,-12.161756,-11.251756,-10.311755,-9.561755,-8.711756,-7.9017553,-7.8817554,-8.281755,-8.171756,-7.9617553,-7.9517555,-8.181755,-8.901755,-9.791756,-10.081756,-9.721755,-9.141755,-9.2417555,-9.661756,-10.141755,-10.371756,-11.131756,-11.001756,-10.921756,-9.581756,-6.8717556,-3.5517554,-5.8017554,-3.0117555,-5.9717555,3.0582447,-2.0917554,-1.8417554,-0.37175536,1.8382447,1.9382446,2.8782446,1.5382446,1.0682446
-17.171755,-17.401756,-17.641756,-17.911755,-18.061756,-18.181755,-18.241755,-18.251755,-18.101755,-17.881756,-17.661755,-17.661755,-17.911755,-18.071754,-17.361755,-16.381756,-15.301755,-14.191755,-13.361755,-12.601755,-12.031755,-11.311755,-10.751756,-10.191755,-9.781755,-9.191755,-8.821755,-8.511755,-8.351755,-7.6617556,-6.5717554,-6.6517553,-10.291756,-18.211756,-9.141755,-9.371756,-9.811755,-9.111755,-7.0117555,-1.7717553,-2.5717554,-5.5517554,-6.061755,-4.1417556,-3.1517553,-2.0317554,-0.95175534,0.24824463,-2.3417554,-2.5917554,-3.7117553,-3.4617553,-2.2317553,-0.37175536,2.7282445,0.50824463,-0.24175537
-20.121756,-20.401756,-20.521755,-20.821754,-20.641756,-20.761755,-21.371756,-21.241755,-21.561756,-20.671755,-20.161755,-19.161755,-18.711756,-18.651756,-17.081755,-17.251755,-16.831755,-13.621756,-13.651755,-12.301755,-11.621756,-11.751756,-11.041756,-10.401755,-9.101755,-8.051755,-7.6817555,-7.1817555,-7.061755,-6.8717556,-6.3817554,-5.5917554,-5.4617553,-10.821755,-12.541756,-6.4117556,-7.851755,-3.3617554,-1.1317554,-3.2717555,-3.0017555,-3.3817554,-3.3317554,-3.1517553,-3.3617554,-2.6817553,-2.0317554,-0.6117554,0.20824462,-1.5117553,-2.6617553,-3.2017553,-2.6817553,-1.8117554,-0.87175536,0.15824462,0.37824464
-19.051756,-19.881756,-21.491755,-21.411755,-19.491755,-18.451756,-17.461756,-14.751756,-17.891756,-18.671755,-17.831755,-17.721756,-14.331756,-14.511755,-14.381756,-14.131756,-13.761755,-14.871756,-13.391755,-10.351755,-10.691755,-12.101755,-13.071755,-12.861755,-12.921756,-12.291756,-10.071755,-11.401755,-10.531755,-11.101755,-10.731755,-10.331756,-10.431755,-10.571755,-9.391755,-9.511755,-9.921756,-8.331756,-5.331755,-4.1117554,-6.4117556,-6.2217555,-5.9917555,-5.831755,-5.4717555,-4.5717554,-3.7117553,-2.9217553,-2.1617553,-1.5717554,-1.3517554,-1.4917554,-1.7117554,-1.5117553,-1.0917554,-0.13175537,1.6282446
-2.0217555,-2.3517554,-3.2717555,-3.8217554,-3.8317554,-3.7117553,-3.9717553,-3.2217553,-0.09175537,-2.7817554,-3.0717554,-2.4417553,-4.811755,-1.2217554,-1.6117554,-1.2217554,-2.0617554,-4.6317554,-2.4117553,-0.5917554,-0.31175536,-0.8617554,-0.89175534,-0.6517554,-1.6917554,-1.6517553,-3.8517554,-5.3217554,-8.341755,-4.2817554,-5.311755,-5.9117556,-4.9217553,-4.561755,-4.2117553,-4.271755,-7.581755,-5.7617555,-4.351755,-4.4217553,-4.771755,-5.0917554,-5.2017555,-5.2817554,-4.9917555,-4.6517553,-4.4217553,-4.1217556,-4.0517554,-3.4617553,-3.2017553,-1.9417554,-0.57175535,0.8982446,2.2382445,3.3882446,4.398245
-3.0017555,-3.3017554,-2.7717555,-2.4217553,-2.5417554,-2.2617555,-2.3517554,-1.9817554,-1.2017554,-1.3717554,-1.5517554,-1.0617554,-0.14175537,1.3582447,2.7182446,2.1182446,0.038244627,-0.09175537,-0.5817554,-0.63175535,-0.70175534,-1.3417554,-3.0817554,-4.2217555,-3.6517553,-2.1417553,3.5882447,2.6482446,1.0782447,-1.7117554,-3.5817554,-5.331755,-5.6417556,-4.7817554,-5.5117555,-6.4617553,-6.501755,-5.4817553,-4.851755,-4.331755,-4.311755,-4.1417556,-4.2817554,-3.9117553,-3.5117555,-3.6017554,-3.1917553,-3.1417553,-2.5917554,-1.7517554,-0.57175535,0.9182446,2.1482446,3.1482446,3.7782447,4.418245,5.0682445
-1.8317554,-3.3317554,-4.271755,-3.3217554,-2.4217553,-1.3517554,-0.20175537,0.5982446,1.1282446,1.8382447,2.7082446,3.0982447,3.4282446,4.1782446,3.6582446,3.1182446,2.6982446,2.2382445,1.5982447,0.92824465,-0.031755373,-0.95175534,-1.7117554,-1.9417554,-1.7617553,-1.0517554,0.12824462,0.118244626,-0.22175537,-1.1117554,-2.1417553,-3.4417553,-4.6917553,-5.4717555,-4.7317553,-5.2217555,-5.291755,-5.291755,-5.041755,-4.4117556,-3.8017554,-3.1517553,-2.9617553,-2.6517553,-2.1717553,-1.8117554,-1.6117554,-1.3517554,-0.76175535,0.09824463,1.0182446,1.9182446,2.7282445,3.3382447,4.0582447,4.0782447,4.7882447
0.6482446,0.74824464,0.28824463,1.0182446,1.3682446,1.7982446,2.8082447,3.1582446,3.3582447,3.5682447,3.9682446,4.1582446,4.2882447,4.3082447,4.418245,4.3682446,3.9482446,3.3682446,3.4482446,3.7582445,3.0482447,2.5582447,1.8082446,1.4482446,1.1682446,0.7882446,0.19824463,-0.6717554,-1.5417553,-2.1417553,-2.9517553,-3.3517554,-3.7617555,-3.9717553,-4.351755,-4.4717555,-4.4917555,-4.7417555,-4.3917556,-3.7317553,-3.0117555,-2.3317554,-1.7117554,-1.3817554,-1.3317554,-1.0617554,-0.50175536,0.08824463,0.54824466,0.8482446,1.2982446,1.9282446,2.0782447,2.8382447,2.4782445,1.8082446,1.8882446
3.0482447,2.5582447,2.5982447,2.5182447,2.8382447,3.0782447,3.6682446,3.8282447,4.1282444,4.3582444,4.7182446,4.0582447,4.8782444,4.0282445,3.9182446,3.7882447,3.6382446,3.6682446,3.5082445,3.1582446,2.5982447,2.2182446,1.8882446,1.7182447,1.4882447,1.3782446,0.93824464,0.43824464,-0.21175537,-0.93175536,-1.4917554,-1.9617554,-2.3517554,-2.6417553,-3.0017555,-3.2117553,-3.3217554,-3.1017554,-2.7717555,-2.2717555,-1.8817554,-1.8317554,-1.3317554,-0.6117554,-0.25175536,0.10824463,0.37824464,0.5882446,0.81824464,0.80824465,0.7882446,1.1282446,0.48824462,-0.29175538,-0.06175537,-0.13175537,-0.7917554
2.1282446,2.0882447,1.7982446,2.1282446,2.2382445,2.0582447,1.9882447,2.1882446,2.4982445,2.4682446,2.2882447,2.4782445,2.5882447,2.5282447,2.2782447,2.1982446,2.1682446,2.1582446,1.6382446,1.3882446,1.2682446,1.1682446,1.1582446,1.1682446,1.0782447,0.8982446,0.7782446,0.32824463,-0.08175537,-0.22175537,-0.17175537,-0.24175537,-0.43175536,-0.5817554,-0.69175535,-0.9217554,-1.0117553,-0.99175537,-0.99175537,-0.9017554,-0.75175536,-0.22175537,0.26824462,0.43824464,0.6482446,0.80824465,0.8882446,0.99824464,0.8882446,0.39824462,-0.33175537,-0.88175535,-1.0217553,-1.1017554,-0.8417554,-1.9717554,-2.2517555
0.9682446,0.9682446,1.3382447,0.7082446,0.6582446,0.9082446,0.93824464,0.75824463,0.7882446,0.7882446,0.7182446,0.80824465,0.8482446,1.0182446,1.0782447,1.1782446,1.0782447,1.0582446,0.8282446,0.61824465,0.54824466,0.6482446,0.23824462,0.19824463,0.17824464,-0.12175537,-0.42175537,-0.42175537,-0.5917554,-0.8417554,-0.7817554,-0.8517554,-0.8317554,-1.0717554,-1.1317554,-0.89175534,-0.6017554,-0.50175536,-0.6017554,-0.64175534,-0.43175536,-0.34175536,0.04824463,0.68824464,0.55824465,0.38824463,0.09824463,-0.74175537,-1.3817554,-1.9217553,-1.7217554,-2.0517554,-2.4517553,-2.1417553,-2.3017554,-3.0017555,-3.5817554
-0.37175536,-0.5217554,-0.51175535,-0.7317554,-0.9817554,-0.6117554,-0.51175535,-0.37175536,-0.22175537,-0.70175534,-0.49175537,-0.0017553711,0.118244626,0.12824462,0.20824462,0.28824463,0.12824462,-0.20175537,-0.43175536,-0.55175537,-0.7917554,-1.2917553,-1.8117554,-2.1317554,-2.2317553,-2.1317554,-1.8617554,-1.7717553,-1.9517554,-2.2117553,-2.5317554,-2.7717555,-2.7917554,-2.3717554,-1.9317554,-1.8017554,-2.0517554,-2.2017553,-1.9117553,-1.8117554,-1.8617554,-1.8217554,-1.9817554,-2.2617555,-2.0117555,-1.7817553,-2.0717554,-2.5317554,-2.9217553,-2.8917553,-2.7417555,-2.7217553,-2.7517555,-2.9617553,-3.4817553,-3.5017555,-4.0317554
-2.2417555,-2.3117554,-2.4117553,-2.3217554,-2.0017555,-1.8917553,-1.7917553,-1.6117554,-1.5017554,-1.3017554,-1.1817554,-1.0617554,-0.95175534,-1.2117554,-1.4617554,-1.6717553,-2.0317554,-2.2617555,-2.4517553,-2.7517555,-3.1317554,-3.3917553,-3.5117555,-3.5517554,-3.7717555,-4.021755,-4.2317553,-4.4917555,-4.561755,-4.5117555,-4.3017554,-3.8917553,-3.7117553,-3.7317553,-3.7817554,-3.6017554,-3.2517555,-3.1417553,-3.1917553,-3.0617554,-2.9617553,-3.1817553,-3.2717555,-3.0717554,-2.9917555,-2.9617553,-2.9617553,-2.9917555,-3.0317554,-3.1217554,-3.1717553,-3.2417555,-3.3517554,-3.5517554,-3.7417555,-3.7817554,-3.8717554
-4.3417554,-4.2317553,-3.8617554,-3.4617553,-3.1317554,-2.8617554,-2.6017554,-2.2917554,-2.2617555,-2.3917553,-2.6917553,-3.0917554,-3.4917555,-3.5517554,-3.6817553,-4.041755,-4.311755,-4.5317554,-4.6517553,-4.6717553,-4.791755,-4.9617553,-5.2317553,-5.4717555,-5.4817553,-5.4417553,-5.5917554,-5.8617554,-5.9617553,-5.9217553,-5.9517555,-5.7117553,-5.291755,-5.0317554,-4.9617553,-4.7217555,-4.251755,-4.2017555,-4.1317554,-4.1317554,-3.8817554,-3.7117553,-3.5317554,-3.4317553,-3.4017553,-3.1817553,-2.8017554,-2.9517553,-3.5317554,-3.8017554,-3.7617555,-3.5817554,-3.8017554,-3.8217554,-3.9917555,-3.8117554,-4.2417555
-8.681755,-8.881756,-8.901755,-8.691755,-8.601755,-8.671756,-8.541756,-8.111755,-7.561755,-7.1317554,-6.8217554,-6.6317554,-6.541755,-6.5517554,-6.4117556,-6.1217556,-5.8417554,-5.791755,-5.851755,-5.9217553,-5.9517555,-5.9617553,-5.9417553,-6.1817555,-6.8417554,-7.1617556,-7.0317554,-6.751755,-6.4417553,-6.0517554,-5.7117553,-5.6617556,-5.751755,-5.8717556,-5.8017554,-5.561755,-5.4917555,-5.4617553,-5.4717555,-5.4517555,-5.0917554,-4.4917555,-3.9317553,-3.7017553,-3.2517555,-3.6217554,-3.7317553,-4.0317554,-4.2817554,-4.561755,-4.4817553,-4.2317553,-4.1517553,-3.9717553,-3.7917554,-3.6417553,-3.6717553
-11.041756,-10.921756,-10.701756,-10.461756,-10.151755,-9.901755,-9.771755,-9.601755,-9.251756,-9.011755,-8.761755,-8.591755,-8.401755,-8.321755,-8.271755,-8.331756,-8.471755,-8.4917555,-8.451756,-8.401755,-8.351755,-8.361755,-8.461756,-8.461756,-8.461756,-8.561755,-8.571755,-8.571755,-8.301755,-7.9617553,-7.6517553,-7.2417555,-6.9617553,-6.9117556,-6.4817553,-6.1617556,-5.9117556,-6.0917554,-6.3617554,-6.0317554,-6.0917554,-5.4817553,-4.8717556,-4.751755,-4.4717555,-4.4517555,-4.5117555,-3.8917553,-4.4617553,-4.2617555,-4.4917555,-4.601755,-4.5317554,-4.1417556,-3.8917553,-3.5517554,-3.6017554
-10.201756,-10.171756,-10.141755,-9.971755,-9.831756,-9.571755,-9.341755,-9.271755,-9.151755,-9.031755,-8.861755,-8.681755,-8.561755,-8.441755,-8.301755,-8.181755,-8.061755,-8.071755,-8.091755,-8.051755,-7.9917555,-7.9617553,-7.9017553,-7.7617555,-7.7317553,-7.7317553,-7.6417556,-7.5717554,-7.6117554,-7.581755,-7.501755,-7.6817555,-7.771755,-7.601755,-7.4117556,-7.351755,-7.1617556,-6.8417554,-6.6117554,-6.291755,-6.3717556,-6.4717555,-5.9317555,-5.851755,-5.501755,-5.0917554,-5.001755,-4.7417555,-4.5917554,-4.2417555,-4.1417556,-4.291755,-4.1617556,-4.4417553,-4.3717556,-4.1217556,-4.1217556
