json/gfs_20240719_12.json
{"header": { "discipline":0, "disciplineName":"Meteorological products", "gribEdition":2, "gribLength":79871, "center":7, "centerName":"US National Weather Service - NCEP(WMC)", "subcenter":0, "refTime":"2024-07-19T12:00:00.000Z", "significanceOfRT":1, "significanceOfRTName":"Start of forecast", "productStatus":0, "productStatusName":"Operational products", "productType":1, "productTypeName":"Forecast products", "productDefinitionTemplate":0, "productDefinitionTemplateName":"Analysis/forecast at horizontal level/layer at a point in time", "parameterCategory":2, "parameterCategoryName":"Momentum", "parameterNumber":3, "parameterNumberName":"V-component_of_wind", "parameterUnit":"m.s-1", "genProcessType":2, "genProcessTypeName":"Forecast", "forecastTime":0, "surface1Type":103, "surface1TypeName":"Specified height level above ground", "surface1Value":10.0, "surface2Type":255, "surface2TypeName":"Missing", "surface2Value":0.0, "gridDefinitionTemplate":0, "gridDefinitionTemplateName":"Latitude_Longitude", "numberPoints":65160, "shape":6, "shapeName":"Earth spherical with radius of 6,371,229.0 m", "gridUnits":"degrees", "resolution":48, "winds":"true", "scanMode":0, "nx":360, "ny":181, "basicAngle":0, "lo1":0.0, "la1":90.0, "lo2":359.0, "la2":-90.0, "dx":1.0, "dy":1.0 }, "data":
[rows 78 to 103 of 181, columns 295 to 353 of 360]
4.7119875,2.5719874,2.5719874,2.7419872,2.0019872,1.2519873,1.3219873,1.1519873,0.7719873,0.7519873,0.0719873,-0.9080127,-1.2680126,-3.2080126,-3.8880126,-3.8280127,-4.6080127,-4.2780128,-5.2680125,-3.8580127,-3.0980127,-2.2380128,-2.8080127,-2.1680126,-3.7680128,-4.848013,-4.3280125,-3.3880126,-2.8480127,-3.4780128,-2.6980126,-1.8680127,-2.7980127,-2.6180127,-1.4680127,-2.3080127,-2.6380126,-2.0180128,-2.0580127,-1.6580127,-1.1680127,-1.6180127,-1.8180127,-1.2180127,-0.3380127,3.4819872,1.5019873,4.1419873,2.1719873,1.6119874,0.6119873,1.6019874,1.3019873,-0.3080127,-0.088012695,0.9619873,0.7719873,0.9819873,0.9519873
7.4319873,0.3319873,3.0519874,3.9319873,3.3519874,2.1119874,1.3419873,1.4019873,0.08198731,1.1519873,-0.0780127,0.1819873,-0.048012696,-1.0880127,-2.9380126,-2.5880127,-3.6380126,-5.2280126,-4.3180127,-3.8280127,-3.9480126,-4.0880127,-3.9180126,-3.0680127,-1.2680126,-0.8480127,-1.8080127,-1.5880127,-2.0680127,-2.3980126,-1.9580127,-2.6380126,-1.8980126,-2.4980128,-1.8080127,-2.0780127,-2.0380127,-1.1780127,-0.8780127,-0.31801268,0.20198731,-0.6880127,-1.3680127,1.8019873,3.5419874,2.7219872,3.9219873,1.8919873,0.6719873,0.9719873,0.7319873,1.6019874,-0.048012696,-0.028012695,0.3919873,0.8319873,1.5919873,1.0319873,1.0119873
3.3019874,1.1219873,0.57198733,3.2819872,4.1219873,3.3319874,2.6419873,1.3419873,0.4519873,-0.5380127,-1.3480127,-1.0680127,0.051987305,1.2219872,0.2619873,-0.4680127,-1.0780127,-1.4180127,-1.0880127,-2.0080128,-3.6280127,-4.368013,-4.5780125,-5.3280125,-4.7780128,-4.508013,-4.3580127,-4.6480126,-3.4180126,-1.8180127,-2.5880127,-3.1780126,-2.2880127,1.8919873,1.0519873,0.4019873,2.6019874,3.1419873,4.1619873,4.261987,4.051987,2.5519874,3.5019872,5.0619874,6.2719874,5.4619875,5.151987,2.6319873,3.5319872,3.2819872,1.6919873,1.1519873,1.5719873,1.3419873,1.6719873,1.9419873,1.1819873,0.4119873,0.9319873
0.57198733,0.1019873,1.1919873,0.031987306,1.2919873,2.9019873,1.1519873,0.5019873,0.3419873,-0.3480127,-1.2680126,-1.6580127,-1.7980127,-1.0480127,-0.7880127,-0.8080127,-1.7880127,-2.2680128,-2.2280128,-1.2580127,-2.7380128,-3.0980127,-2.6780126,-3.8280127,-3.6880126,-3.5880127,-3.4480126,-2.9580126,-2.4780128,-2.1380126,1.1119874,1.2119873,4.9219875,4.861987,4.7119875,4.511987,6.3119874,6.6019874,7.0219874,6.9619875,6.7019873,6.7519875,7.341987,7.6019874,6.7319875,6.6219873,6.241987,6.0819874,5.9319873,5.8519874,6.591987,5.861987,0.6219873,1.1219873,0.7719873,1.0919873,-0.3280127,0.1819873,0.4819873
-1.1380126,-0.7580127,0.6419873,0.3319873,0.9219873,1.0419873,1.8419873,0.6119873,0.5919873,0.3819873,0.3219873,0.041987304,-0.3380127,-0.5480127,-1.6080127,-2.0480127,-3.2380128,-2.6180127,-1.4180127,-1.5080127,-2.1280127,-1.5880127,-1.9480127,-2.4680128,0.6619873,1.3919873,-0.4480127,0.2119873,1.0319873,3.6819873,4.9719872,5.341987,5.4519873,6.3319874,6.6619873,7.781987,7.781987,9.131988,9.541987,9.2119875,8.691987,8.851987,8.321987,7.491987,7.1419873,6.4519873,6.2219872,5.761987,6.1819873,6.4819875,6.591987,5.2719874,3.1919873,1.1119874,0.3819873,-0.0780127,0.5819873,1.6219873,0.8919873
0.4719873,-0.5080127,-0.8480127,-0.3480127,0.20198731,1.0119873,0.7819873,1.6519873,1.0619873,1.2819873,1.2719873,1.8019873,1.3619874,0.8019873,-0.5880127,0.4719873,-2.0080128,-2.1580126,-1.1780127,-1.3180127,-0.3780127,-0.6980127,-0.3880127,1.1219873,3.0219872,3.0919874,3.2519872,2.8119874,3.6419873,5.3119874,7.341987,5.6719875,7.781987,8.341988,7.7519875,9.291987,9.551988,8.921988,9.011988,8.911987,8.821987,8.651987,7.511987,6.9119873,5.9119873,5.4319873,5.7919874,5.4119873,6.051987,5.281987,5.2019873,4.4619875,4.8919873,3.4919872,0.3619873,0.49198732,0.3219873,0.5019873,0.8519873
0.11198731,-0.2980127,-0.8480127,-0.5980127,0.2119873,-0.1080127,-0.038012695,0.49198732,1.7819873,1.9219873,2.2019873,3.6219873,3.8419874,2.6719873,2.7919874,3.1619873,1.9319873,-0.3380127,0.0719873,1.8319873,2.7319872,1.8219873,3.3519874,4.2119875,5.261987,6.0219874,4.6919875,4.9619875,6.3119874,5.9319873,6.5419874,7.9419875,9.541987,9.621987,9.431988,9.731987,9.191987,9.751987,9.021987,8.251987,7.401987,7.6719875,7.361987,6.6819873,6.1219873,6.031987,5.361987,5.091987,5.051987,5.011987,5.281987,5.261987,5.5419874,6.281987,4.611987,1.5219873,0.3919873,-0.3780127,-0.1480127
0.5419873,-0.3580127,-0.1780127,0.051987305,0.1019873,-0.18801269,-0.5280127,-0.8380127,0.041987304,0.2319873,0.1019873,0.8019873,0.9519873,3.0019872,1.8119873,3.1219873,4.091987,3.0619874,2.6519873,2.9619873,3.2619872,3.1219873,4.0819874,4.631987,6.4519873,6.8919873,7.8919873,6.841987,6.841987,7.4119873,8.161987,8.861987,8.871987,9.171988,9.221988,8.801988,9.151987,8.621987,7.6419873,6.761987,6.011987,5.2719874,6.0819874,5.761987,5.2319875,5.7019873,5.7519875,5.131987,4.761987,5.381987,5.131987,5.4519873,6.7019873,6.9519873,6.2719874,5.0419874,4.611987,1.6819873,1.6419873
-0.008012695,0.3019873,-0.5480127,-0.15801269,0.3819873,-0.5080127,-0.5980127,-0.7680127,-0.018012695,-0.1080127,0.5219873,0.20198731,0.8619873,1.1019874,3.6819873,2.8819873,3.4619873,3.8319874,3.9019873,4.071987,3.1719873,5.301987,5.8119874,5.321987,5.281987,4.8919873,3.7719872,6.781987,7.2319875,7.591987,7.2119875,7.781987,7.4619875,7.091987,6.3319874,7.9719872,7.2719874,6.8519874,5.9119873,5.4219875,5.821987,6.2319875,5.6819873,5.381987,5.6719875,6.1619873,5.8319874,5.8519874,5.6619873,5.841987,5.401987,6.0019875,6.381987,5.6019874,5.7519875,7.1019874,6.5219874,6.0219874,5.7019873
0.121987306,0.4119873,-0.09801269,-0.13801269,-0.048012696,-0.2980127,-0.3480127,0.051987305,0.051987305,0.0019873048,0.6219873,0.2919873,0.49198732,0.6619873,1.7019873,2.6319873,3.3719873,2.8819873,3.6919873,3.8019874,4.611987,5.261987,5.1619873,5.2119875,5.6419873,6.261987,6.651987,7.2919874,7.131987,6.361987,6.9519873,5.651987,5.9119873,5.9119873,6.3519874,6.5419874,6.821987,7.1819873,7.1719875,7.0819874,7.2219872,6.2919874,5.9819875,4.9619875,5.0819874,4.881987,4.781987,4.5219874,4.4619875,4.611987,5.2019873,5.531987,6.1419873,6.2519875,6.071987,5.7019873,5.8919873,5.9419875,6.1219873
-0.2280127,-0.5180127,-0.4680127,-0.1980127,0.021987304,-0.7680127,-0.31801268,0.1319873,-0.088012695,0.4819873,-0.2380127,-0.15801269,0.3019873,0.4419873,0.9519873,2.1319873,1.7919873,1.9519873,2.8819873,3.2519872,3.5419874,3.7119873,3.7519872,4.741987,5.591987,6.651987,6.5819874,6.4319873,6.4819875,6.6019874,6.7219872,6.4119873,6.1619873,5.4419875,5.761987,5.651987,5.6719875,6.4119873,8.271987,7.6219873,7.2919874,5.591987,5.6019874,5.2019873,4.3519874,3.4719872,3.5619874,3.6019874,3.8819873,4.8319874,5.531987,5.321987,5.0619874,4.8319874,5.321987,5.0019875,5.3319874,5.301987,4.991987
0.1019873,-0.6980127,-0.2080127,0.1819873,-0.4180127,-0.4180127,-0.1680127,-0.3780127,-0.2980127,0.121987306,-0.088012695,-0.09801269,-0.2980127,0.17198731,0.46198732,1.0119873,1.4419873,1.1919873,1.3619874,1.9319873,2.3919873,3.2719872,3.2519872,3.9419873,4.341987,5.7519875,6.531987,6.8119874,6.5019875,6.4219875,6.7519875,6.4319873,7.0619874,4.551987,4.6719875,5.5019875,5.5019875,5.111987,5.571987,5.861987,5.381987,4.821987,4.2019873,3.5619874,2.8719873,1.9219873,2.1019874,3.0519874,3.5719874,3.4919872,3.1119874,3.1119874,3.3819873,3.4419873,3.5319872,4.0019875,2.7419872,4.1019874,4.5819874
-0.8880127,-0.4580127,-0.2780127,-0.5680127,-0.28801268,0.051987305,0.08198731,0.0719873,-0.1980127,0.041987304,0.14198731,0.4119873,-0.3380127,-0.6680127,-0.6980127,-0.3880127,-0.3780127,-0.058012694,0.6919873,1.2219872,2.2419872,1.9319873,2.6319873,3.2119873,4.4819875,4.9819875,5.1219873,5.3119874,6.3719873,6.4519873,5.9219875,6.5619874,5.7119875,4.7219872,4.821987,4.8919873,5.1819873,3.9819872,4.281987,4.111987,3.0219872,2.6919873,2.9419873,2.1419873,2.1619873,1.9919873,1.9819874,2.3219874,2.3619874,2.4619873,2.3219874,2.5719874,2.7219872,2.2519872,2.1219873,3.6319873,2.8719873,2.1119874,3.3719873
-0.7480127,-0.5880127,-0.3880127,-0.5280127,0.14198731,0.031987306,0.5819873,0.57198733,0.1319873,0.051987305,-0.088012695,-0.3280127,-0.8580127,-0.8080127,-0.7180127,-0.2680127,0.091987304,0.17198731,0.6019873,1.3519874,1.3019873,2.1619873,3.0019872,3.8919873,5.1919875,6.3319874,5.9519873,5.741987,5.631987,5.5219874,5.4719872,6.321987,6.491987,5.611987,5.631987,4.7219872,4.0419874,2.9019873,2.1419873,1.9019873,2.2219872,1.2719873,0.9019873,1.7419873,0.9619873,0.1619873,-0.4180127,-0.2080127,-0.3280127,0.63198733,1.0019873,1.9219873,2.6419873,3.3519874,3.5019872,2.2219872,3.0219872,3.2419872,4.1919875
-0.13801269,-0.4980127,-0.21801269,-0.67801267,-0.038012695,0.091987304,-0.1980127,-0.058012694,0.051987305,0.3319873,0.2519873,-0.4980127,-0.3380127,-0.9380127,-0.6580127,0.08198731,0.031987306,-0.018012695,0.5619873,0.5119873,0.57198733,1.1919873,4.4119873,3.9819872,6.281987,8.031987,7.6919875,7.0419874,6.5219874,5.611987,5.6719875,5.781987,6.071987,5.4219875,5.4319873,5.2719874,4.7919874,4.261987,1.6619873,1.3519874,2.4819872,3.5919874,3.1819873,2.2819872,0.3119873,0.8119873,1.3019873,1.2119873,0.6619873,1.4819874,2.4919872,1.7819873,2.8019874,3.3219874,3.5219872,3.4219873,2.3219874,3.2319872,2.8719873
-0.1480127,0.17198731,0.08198731,0.5119873,-0.1180127,0.11198731,-0.2080127,-0.5280127,-0.1780127,0.0719873,0.4719873,0.051987305,-0.28801268,-0.3680127,-0.3780127,-0.21801269,-0.1780127,-0.1680127,0.46198732,0.8519873,1.3119873,1.2119873,1.9019873,2.6019874,2.8819873,3.0419874,8.631988,8.911987,8.191987,6.8119874,5.5419874,5.401987,5.4819875,5.6819873,5.0819874,6.1719875,5.5419874,5.4519873,1.4919873,2.3819873,2.9519873,2.7519872,2.5319872,1.7019873,0.1319873,0.9919873,0.88198733,0.8719873,3.2219872,2.0219872,2.1919873,1.8019873,2.0019872,2.3819873,3.1719873,3.7719872,3.8819873,4.4719872,4.6619873
0.121987306,-0.2980127,0.2919873,0.2519873,0.20198731,-0.1480127,-0.5580127,-0.28801268,0.2819873,0.5919873,0.43198732,0.4119873,0.021987304,-0.2280127,-0.3780127,-0.47801268,-0.3080127,-0.2380127,0.5319873,0.9119873,1.1419873,1.7519873,1.7019873,1.1819873,1.2119873,2.6319873,2.7419872,6.3919873,8.191987,7.6819873,6.531987,5.381987,4.761987,5.381987,5.5819874,5.1619873,5.531987,5.341987,1.9719872,1.4319873,1.9519873,1.1819873,2.2119873,3.8819873,3.1019874,2.4219873,3.1419873,3.8919873,3.7319872,4.3119874,2.5819874,1.9219873,2.4319873,1.7519873,2.2619872,3.2919874,3.3319874,4.5819874,4.4219875
0.6719873,0.6519873,0.021987304,0.061987303,0.2319873,-0.18801269,-0.5880127,-0.25801268,0.3419873,0.3619873,-0.088012695,0.0019873048,0.2419873,0.4419873,-0.1680127,-0.6480127,-0.5380127,0.6219873,0.9219873,1.7319874,1.4519873,1.5919873,2.5419874,2.4119873,3.0319872,3.0819874,3.3219874,4.6419873,5.631987,6.151987,7.5619874,6.111987,6.0819874,6.8319874,6.2119875,6.1619873,5.881987,5.0419874,4.901987,3.2019873,1.6319873,1.9819874,3.1419873,3.6419873,4.7019873,3.8819873,3.5019872,3.9719872,4.111987,3.1619873,4.281987,2.9519873,2.7419872,3.6419873,2.5819874,2.3119874,4.6419873,4.7319875,4.551987
0.88198733,0.2219873,0.5219873,0.1519873,0.3919873,0.2219873,0.051987305,0.2919873,0.031987306,0.041987304,0.021987304,0.1519873,0.031987306,0.2119873,0.7519873,0.4119873,-0.1080127,0.8019873,0.57198733,1.0319873,2.4119873,2.1619873,2.8619874,2.4919872,2.7419872,3.8419874,4.2019873,4.8519874,8.071987,4.2719874,7.9619875,5.781987,5.5219874,4.821987,4.821987,4.5219874,5.841987,5.301987,6.2019873,3.8019874,3.0019872,3.1319873,4.1619873,4.151987,5.381987,5.5619874,4.8119874,3.1219873,3.6219873,4.6219873,4.071987,5.151987,4.341987,3.9419873,4.321987,3.8919873,3.5719874,3.0819874,3.6419873
0.8419873,0.3319873,0.49198732,0.7119873,0.3019873,0.1019873,0.11198731,0.1519873,0.2419873,0.5319873,0.2819873,0.6819873,0.6419873,0.5819873,0.6719873,0.4019873,-0.088012695,0.6119873,0.3419873,1.5019873,1.5019873,2.3319874,2.9319873,3.3819873,2.1219873,3.8419874,4.3519874,4.7219872,7.7019873,5.5019875,5.651987,6.131987,6.151987,4.7319875,3.3219874,4.1019874,4.361987,3.8419874,5.551987,6.1619873,5.281987,4.401987,4.9719872,5.2719874,4.571987,5.091987,4.1819873,4.3119874,4.6619873,4.4519873,4.3519874,4.0219874,3.7019873,3.2519872,3.4019873,4.381987,3.4819872,3.6819873,3.8619874
0.6419873,0.5619873,0.5619873,0.4219873,0.8419873,0.3719873,0.2519873,0.061987303,-0.018012695,0.5019873,0.5619873,0.63198733,0.5019873,0.5619873,0.2819873,1.4319873,-0.6280127,-1.1880127,0.1619873,0.9019873,1.5919873,1.9919873,2.4619873,2.7619872,4.1219873,2.9819872,4.6719875,4.6619873,3.7619872,3.5019872,4.2019873,6.2319875,5.1919875,4.9619875,4.4619875,3.3319874,2.5319872,3.3219874,4.2319875,5.031987,5.091987,5.1619873,3.8719873,4.0419874,4.401987,3.3719873,4.3519874,4.8319874,4.5219874,3.7319872,3.8519874,4.071987,4.591987,4.0819874,4.511987,4.1019874,4.0819874,4.4419875,4.361987
0.5519873,0.4719873,0.3819873,0.7019873,0.2319873,0.57198733,0.3519873,0.57198733,0.6119873,0.43198732,0.061987303,1.0719873,0.8619873,0.6919873,0.7719873,0.9019873,-0.5280127,1.0419873,-0.5080127,0.3619873,1.2719873,1.5619873,2.3119874,2.8119874,4.9119873,5.341987,5.491987,4.6819873,3.3619874,2.7519872,4.841987,3.9719872,4.2519875,3.3719873,3.9319873,3.6319873,2.8519874,3.0119872,1.9319873,4.0419874,2.4519873,2.1119874,3.2619872,3.2219872,2.3719873,3.3819873,3.4219873,4.881987,3.3219874,3.9919872,3.7519872,4.1419873,4.551987,4.7719874,4.3519874,5.0819874,4.6819873,5.051987,5.131987
0.3719873,0.6919873,0.6819873,0.5119873,0.9019873,0.4419873,0.6819873,0.4719873,0.7019873,1.1819873,0.2119873,0.3419873,0.5119873,0.9519873,0.82198733,-0.31801268,-0.3880127,0.4519873,-0.2780127,-0.5080127,0.3719873,0.08198731,1.1319873,1.1319873,5.1919875,6.571987,5.2719874,4.1219873,3.2919874,2.7319872,3.5319872,4.1619873,4.3519874,3.1419873,2.1619873,1.9219873,1.5619873,2.2819872,3.0519874,1.2819873,2.2819872,2.8519874,3.4619873,1.8919873,2.6119874,2.5319872,1.9519873,2.4419873,3.3419874,3.6119874,3.4919872,4.381987,4.0419874,4.0419874,4.6719875,4.6619873,5.131987,4.991987,5.1019874
0.1019873,-0.028012695,0.4719873,1.2619873,0.27198732,0.6519873,0.57198733,0.4119873,-0.038012695,0.6619873,0.43198732,0.3319873,0.7519873,1.6819873,2.2619872,1.0119873,1.4619873,-0.9680127,0.011987304,0.5219873,0.7119873,0.1519873,0.8319873,2.1219873,1.4119873,2.4819872,2.0819874,3.2919874,4.511987,5.3519874,3.4619873,3.7419872,4.241987,3.6719873,2.9719872,2.0619874,1.6719873,1.8519874,1.6019874,2.7019873,1.0819873,1.9019873,2.4919872,2.1619873,1.6119874,1.5519873,1.4219873,2.0319872,1.6119874,2.4119873,2.7819872,2.5619874,3.5419874,4.4119873,4.7719874,4.091987,4.781987,4.7519875,4.9119873
0.08198731,-0.0780127,-0.31801268,0.2119873,0.3919873,0.5019873,0.6519873,0.2119873,0.3219873,0.11198731,0.5619873,0.5419873,0.6919873,1.0619873,1.8919873,0.7919873,0.8719873,1.0819873,1.1019874,0.4719873,0.49198732,0.1819873,1.5719873,1.5619873,1.1619873,2.2619872,2.9819872,2.2519872,4.631987,5.011987,3.1319873,3.3019874,3.5519874,4.4619875,5.011987,4.1719875,1.8019873,1.9719872,2.3819873,3.2319872,0.8119873,1.8519874,0.7119873,1.5319873,0.0719873,0.5019873,1.2519873,0.7719873,0.9419873,1.8819873,2.2519872,2.5119872,2.4919872,2.9719872,3.3919873,3.4519873,3.6719873,4.4219875,4.6019874
-0.5080127,-1.6480126,-0.28801268,-0.24801269,-0.2080127,-0.3680127,0.5019873,-0.018012695,0.1619873,-0.088012695,0.011987304,0.4519873,0.7919873,0.63198733,0.2119873,0.1519873,0.6019873,-0.058012694,1.9119873,0.6919873,0.6019873,0.14198731,0.091987304,0.63198733,0.8619873,1.6619873,1.9419873,2.7419872,3.2519872,3.5619874,4.9319873,3.1619873,3.1019874,4.1419873,4.6819873,5.2019873,4.821987,2.6719873,-0.13801269,0.7719873,1.8419873,-0.038012695,0.6119873,-0.038012695,1.1919873,0.5219873,0.6219873,-0.8980127,-0.8480127,-0.1280127,0.121987306,1.9219873,1.7419873,2.4319873,2.9219873,2.2719872,2.7219872,2.9419873,3.3219874
