json/gfs_20240720_06.json
{"header": { "discipline":0, "disciplineName":"Meteorological products", "gribEdition":2, "gribLength":79523, "center":7, "centerName":"US National Weather Service - NCEP(WMC)", "subcenter":0, "refTime":"2024-07-20T06:00:00.000Z", "significanceOfRT":1, "significanceOfRTName":"Start of forecast", "productStatus":0, "productStatusName":"Operational products", "productType":1, "productTypeName":"Forecast products", "productDefinitionTemplate":0, "productDefinitionTemplateName":"Analysis/forecast at horizontal level/layer at a point in time", "parameterCategory":2, "parameterCategoryName":"Momentum", "parameterNumber":2, "parameterNumberName":"U-component_of_wind", "parameterUnit":"m.s-1", "genProcessType":2, "genProcessTypeName":"Forecast", "forecastTime":0, "surface1Type":103, "surface1TypeName":"Specified height level above ground", "surface1Value":10.0, "surface2Type":255, "surface2TypeName":"Missing", "surface2Value":0.0, "gridDefinitionTemplate":0, "gridDefinitionTemplateName":"Latitude_Longitude", "numberPoints":65160, "shape":6, "shapeName":"Earth spherical with radius of 6,371,229.0 m", "gridUnits":"degrees", "resolution":48, "winds":"true", "scanMode":0, "nx":360, "ny":181, "basicAngle":0, "lo1":0.0, "la1":90.0, "lo2":359.0, "la2":-90.0, "dx":1.0, "dy":1.0 }, "data":
[rows 0 to 25 of 181, columns 116 to 173 of 360]
-2.9980469,-3.0680468,-3.128047,-3.188047,-3.2480469,-3.2980468,-3.3580468,-3.418047,-3.468047,-3.5280468,-3.5780468,-3.628047,-3.678047,-3.728047,-3.7780468,-3.8280468,-3.878047,-3.918047,-3.958047,-4.008047,-4.048047,-4.088047,-4.128047,-4.168047,-4.1980467,-4.2380466,-4.268047,-4.298047,-4.338047,-4.3680468,-4.3880467,-4.418047,-4.4480467,-4.4680467,-4.4880466,-4.518047,-4.538047,-4.558047,-4.568047,-4.588047,-4.608047,-4.6180468,-4.628047,-4.6380467,-4.648047,-4.6580467,-4.668047,-4.668047,-4.668047,-4.6780467,-4.6780467,-4.6780467,-4.668047,-4.668047,-4.668047,-4.6580467,-4.648047,-4.6380467
-2.5280468,-2.628047,-2.718047,-2.8080468,-2.908047,-3.0080469,-3.0880468,-3.188047,-3.2680469,-3.3680468,-3.458047,-3.5380468,-3.628047,-3.708047,-3.7980468,-3.878047,-3.958047,-4.028047,-4.098047,-4.1780467,-4.2380466,-4.308047,-4.3680468,-4.4280467,-4.4880466,-4.548047,-4.598047,-4.6580467,-4.708047,-4.758047,-4.818047,-4.8680468,-4.9080467,-4.958047,-5.008047,-5.048047,-5.088047,-5.1180468,-5.1380467,-5.1580467,-5.188047,-5.1980467,-5.228047,-5.2380466,-5.248047,-5.258047,-5.268047,-5.268047,-5.268047,-5.268047,-5.268047,-5.268047,-5.258047,-5.258047,-5.248047,-5.2380466,-5.2380466,-5.228047
-2.3180468,-2.408047,-2.488047,-2.5780468,-2.668047,-2.7680469,-2.878047,-2.988047,-3.0980468,-3.218047,-3.3280468,-3.448047,-3.5480468,-3.648047,-3.7580469,-3.8480468,-3.938047,-4.018047,-4.088047,-4.1580467,-4.208047,-4.268047,-4.318047,-4.3680468,-4.418047,-4.4480467,-4.478047,-4.498047,-4.508047,-4.528047,-4.548047,-4.558047,-4.578047,-4.578047,-4.588047,-4.588047,-4.588047,-4.588047,-4.578047,-4.568047,-4.568047,-4.558047,-4.538047,-4.528047,-4.518047,-4.498047,-4.478047,-4.4480467,-4.418047,-4.3880467,-4.3680468,-4.338047,-4.308047,-4.288047,-4.268047,-4.248047,-4.228047,-4.208047
-1.8780469,-2.0480468,-2.228047,-2.398047,-2.5580468,-2.708047,-2.8480468,-2.958047,-3.0680468,-3.158047,-3.2480469,-3.3280468,-3.408047,-3.478047,-3.5680468,-3.648047,-3.718047,-3.8080468,-3.888047,-3.948047,-3.988047,-4.008047,-4.018047,-4.028047,-4.028047,-4.018047,-4.038047,-4.068047,-4.1180468,-4.148047,-4.168047,-4.168047,-4.148047,-4.1380467,-4.128047,-4.1180468,-4.108047,-4.088047,-4.068047,-4.028047,-3.968047,-3.888047,-3.8080468,-3.728047,-3.668047,-3.6180468,-3.5480468,-3.4980469,-3.428047,-3.3480468,-3.2680469,-3.198047,-3.1180468,-3.0480468,-2.978047,-2.918047,-2.8680468,-2.8180468
-0.88804686,-0.9380469,-1.0180469,-1.1380469,-1.2980468,-1.4680469,-1.6580468,-1.8380469,-2.0080469,-2.158047,-2.2980468,-2.418047,-2.5280468,-2.638047,-2.728047,-2.8180468,-2.908047,-2.988047,-3.0580468,-3.128047,-3.188047,-3.2580469,-3.2780468,-3.238047,-3.158047,-3.0680468,-2.968047,-2.878047,-2.8180468,-2.7780468,-2.7780468,-2.8180468,-2.888047,-2.938047,-2.9980469,-3.0180469,-3.0480468,-3.0680468,-3.0780468,-3.0780468,-3.0580468,-3.0780468,-3.0880468,-3.0980468,-3.0980468,-3.0780468,-3.0480468,-3.0280468,-2.9980469,-2.968047,-2.918047,-2.8680468,-2.8280468,-2.7980468,-2.8180468,-2.8480468,-2.8580468,-2.878047
0.61195314,0.5119531,0.40195313,0.26195312,0.111953124,-0.058046874,-0.20804687,-0.3280469,-0.41804686,-0.50804687,-0.6080469,-0.69804686,-0.77804685,-0.8780469,-1.0280468,-1.1680468,-1.3280469,-1.4580469,-1.5980469,-1.7780468,-1.9880469,-2.208047,-2.378047,-2.408047,-2.378047,-2.3480468,-2.378047,-2.448047,-2.468047,-2.418047,-2.2680469,-2.168047,-2.128047,-2.2680469,-2.3480468,-2.2980468,-2.238047,-2.228047,-2.3080468,-2.468047,-2.638047,-2.8680468,-3.1080468,-3.3380468,-3.5080469,-3.6080468,-3.678047,-3.648047,-3.5880468,-3.5080469,-3.378047,-3.168047,-2.928047,-2.698047,-2.5480468,-2.448047,-2.398047,-2.3680468
2.7019532,2.521953,2.311953,2.091953,1.8919531,1.6919532,1.4819531,1.2519531,1.0819532,0.9419531,0.8719531,0.86195314,0.8719531,0.85195315,0.7619531,0.60195315,0.37195313,0.14195313,-0.038046874,-0.15804687,-0.25804687,-0.44804686,-0.7980469,-1.0280468,-1.0280468,-0.8780469,-0.9180469,-1.0880469,-1.2780468,-1.4080468,-1.3980469,-1.3280469,-1.3680469,-1.6880469,-1.9780469,-2.0380468,-1.8080468,-1.5280468,-1.5180469,-1.6980469,-1.9380469,-2.148047,-2.3480468,-2.5180469,-2.668047,-2.7880468,-2.898047,-2.968047,-2.958047,-2.918047,-2.8480468,-2.7980468,-2.718047,-2.678047,-2.678047,-2.668047,-2.5780468,-2.3680468
4.351953,4.2619534,4.151953,4.021953,3.8919532,3.791953,3.6419532,3.4519532,3.281953,3.1619532,3.061953,2.9119532,2.7319531,2.551953,2.351953,2.1319532,1.8919531,1.6919532,1.6119531,1.6019531,1.6019531,1.5419531,1.3219532,1.0419531,0.80195314,0.6219531,0.5319531,0.5019531,0.40195313,0.41195312,0.4519531,0.28195313,0.011953125,-0.21804687,-0.52804685,-0.6780469,-0.44804686,-0.28804687,-0.41804686,-0.63804686,-0.88804686,-1.1280469,-1.3580469,-1.5880469,-1.8180469,-2.0380468,-2.238047,-2.388047,-2.5380468,-2.688047,-2.8280468,-2.918047,-2.978047,-3.0080469,-3.0380468,-3.0480468,-3.0480468,-2.9980469
5.241953,5.181953,5.161953,5.1119533,5.021953,4.911953,4.8019533,4.681953,4.5719533,4.441953,4.291953,4.141953,3.9819531,3.841953,3.7419531,3.621953,3.551953,3.4919531,3.4319532,3.371953,3.2319531,2.9519532,2.611953,2.4719532,2.561953,2.6419532,2.521953,2.281953,2.121953,2.2219532,2.4319532,2.341953,1.9619532,1.6819531,1.5119531,1.3519531,1.2819531,1.3119531,1.3719531,1.3619531,1.3819531,1.4619532,1.5519531,1.6319531,1.7019532,1.7819531,1.7719531,1.6719531,1.4919531,1.1719531,0.91195315,0.74195313,0.6319531,0.5719531,0.54195315,0.5019531,0.4519531,0.38195312
5.621953,5.5319533,5.451953,5.351953,5.311953,5.3019533,5.241953,5.151953,5.041953,4.941953,4.8419533,4.711953,4.5319533,4.371953,4.2819533,4.201953,4.171953,4.141953,4.081953,3.9919531,3.9619532,3.9419532,3.9319532,3.9719532,3.9519532,3.781953,3.551953,3.4319532,3.591953,3.9719532,4.121953,4.021953,4.0119534,4.171953,4.331953,4.431953,4.581953,4.791953,4.901953,4.921953,4.791953,4.541953,4.3019533,4.181953,4.0719533,3.9019532,3.6919532,3.531953,3.511953,3.4519532,3.321953,3.1719532,3.041953,3.111953,3.301953,3.4619532,3.571953,3.7019532
5.931953,5.5519533,5.451953,5.471953,5.5119534,5.431953,5.3619533,5.2819533,5.181953,5.081953,5.0319533,4.941953,4.8419533,4.701953,4.5119534,4.421953,4.3619533,4.3419533,4.3619533,4.291953,4.251953,4.241953,4.2819533,4.3619533,4.481953,4.521953,4.561953,4.601953,4.5919533,4.521953,4.501953,4.501953,4.6319532,4.8419533,5.1319532,5.3419533,5.521953,5.7619534,6.021953,6.181953,6.231953,6.181953,6.121953,6.041953,6.001953,6.001953,6.081953,6.171953,6.181953,6.171953,6.081953,5.921953,5.911953,5.971953,6.041953,5.981953,5.691953,5.411953
6.8619533,6.911953,7.021953,6.5519533,5.741953,5.5719533,5.5519533,5.5319533,5.481953,5.421953,5.331953,5.241953,5.221953,5.161953,5.061953,4.981953,4.911953,4.811953,4.691953,4.6319532,4.601953,4.5919533,4.5719533,4.581953,4.6119533,4.661953,4.641953,4.991953,5.3619533,5.491953,5.3219533,5.081953,5.0119534,5.0119534,5.231953,5.491953,5.731953,5.721953,5.691953,6.081953,6.221953,6.201953,6.541953,6.391953,6.101953,6.021953,6.1119533,6.141953,6.0719533,6.081953,6.1119533,6.0919533,6.2819533,6.241953,6.241953,6.231953,6.101953,5.8619533
6.961953,7.271953,7.501953,7.6119533,7.621953,7.6319532,7.521953,7.5319533,7.621953,7.641953,6.961953,5.661953,5.3419533,5.1119533,4.971953,4.751953,4.601953,4.721953,4.621953,4.3619533,4.201953,4.181953,4.171953,4.161953,4.7619534,4.731953,5.241953,5.751953,5.931953,5.971953,5.6119533,4.911953,5.0719533,4.911953,4.901953,4.7819533,4.8219533,4.961953,5.061953,5.141953,5.311953,5.401953,5.5919533,5.8019533,5.981953,5.991953,5.8619533,5.7619534,5.721953,5.811953,5.871953,5.8419533,5.951953,5.961953,5.941953,5.961953,5.941953,6.0519533
5.921953,6.451953,7.271953,7.271953,7.8819532,7.721953,7.581953,7.621953,7.5919533,7.751953,8.011953,8.041953,7.981953,7.921953,7.681953,7.581953,7.561953,7.351953,7.601953,7.941953,7.961953,7.721953,7.491953,7.201953,6.8819532,6.8819532,6.921953,6.8819532,6.8019533,6.751953,6.8019533,7.0119534,7.291953,7.221953,6.811953,6.391953,5.5319533,5.5119534,5.6319532,5.831953,5.411953,5.121953,4.981953,5.0719533,5.191953,5.491953,5.5719533,5.561953,5.5919533,5.701953,5.741953,5.871953,5.921953,5.961953,6.1319532,6.371953,6.431953,6.3019533
4.401953,5.5719533,6.921953,7.421953,6.151953,5.561953,5.8219533,5.931953,6.411953,7.3419533,7.721953,7.771953,7.8819532,7.891953,8.081953,8.171953,8.081953,7.971953,7.931953,8.021954,7.811953,7.421953,7.811953,8.211953,7.6319532,6.431953,6.0519533,6.8019533,7.081953,7.151953,7.221953,7.621953,7.5519533,7.291953,7.581953,7.621953,7.5919533,7.601953,7.541953,7.3819532,7.221953,6.741953,5.941953,4.981953,5.291953,5.5919533,5.7819533,6.0119534,6.0919533,6.101953,6.021953,6.101953,6.231953,6.371953,6.931953,7.121953,7.201953,6.771953
-0.43804687,0.5619531,2.021953,2.9819531,3.761953,5.021953,5.871953,6.731953,7.421953,7.751953,8.021954,8.021954,8.251953,8.241953,8.061954,8.1019535,8.241953,7.8219533,6.8219533,5.371953,5.771953,5.891953,6.811953,7.291953,6.6319532,6.441953,6.5319533,7.171953,6.601953,5.811953,5.041953,5.191953,6.5519533,7.901953,8.521954,7.8219533,7.171953,7.3419533,7.391953,6.891953,6.5719533,5.701953,5.541953,5.5319533,5.491953,5.331953,5.251953,5.8419533,6.0919533,6.061953,6.0519533,6.251953,6.211953,5.851953,5.491953,5.291953,5.181953,5.161953
8.751953,8.6019535,8.261953,7.951953,7.421953,7.0319533,7.081953,6.291953,5.791953,6.001953,6.411953,7.061953,7.5919533,7.6319532,7.641953,7.581953,7.891953,7.701953,8.031953,7.581953,6.541953,7.241953,7.391953,7.0319533,5.971953,7.831953,7.3819532,7.1119533,6.6319532,4.171953,2.7319531,3.1619532,3.5019531,4.3819532,4.581953,4.8819532,4.711953,4.191953,4.451953,4.601953,4.831953,5.191953,5.701953,5.681953,5.6319532,5.3619533,5.151953,5.291953,5.0719533,4.741953,4.661953,4.3619533,3.9319532,3.561953,3.4519532,3.4219532,3.4119532,3.551953
5.561953,5.711953,5.711953,5.831953,4.391953,3.6419532,4.7819533,5.0719533,5.991953,6.0919533,6.541953,6.191953,7.231953,6.951953,2.6319532,3.8819532,4.191953,4.711953,5.3019533,5.771953,5.431953,6.421953,5.351953,4.441953,4.041953,4.401953,4.581953,4.3019533,5.3219533,5.621953,4.931953,4.221953,4.231953,4.651953,3.801953,3.4819531,3.781953,4.041953,4.461953,3.531953,3.3919532,3.4419532,3.561953,3.601953,3.571953,3.4819531,3.2319531,3.1519532,3.1819532,3.031953,3.091953,2.811953,2.321953,2.111953,2.1619532,2.331953,2.6719532,2.821953
3.8819532,3.7319531,3.871953,3.9419532,4.061953,4.291953,4.461953,4.5519533,4.871953,5.411953,5.5319533,4.401953,5.3619533,0.7619531,3.531953,2.861953,3.051953,3.871953,3.531953,3.2019532,3.031953,3.121953,3.321953,3.291953,4.901953,5.671953,5.7619534,5.481953,5.221953,4.931953,2.7119532,4.5519533,5.121953,5.541953,-0.48804688,-2.168047,-1.2180469,-0.2980469,0.17195313,1.0819532,1.7719531,1.8619531,1.8319532,1.6019531,1.3019531,1.6019531,1.7419531,1.9519532,2.0019531,1.6519531,1.5619531,0.91195315,1.0519531,1.4219531,1.9519532,1.9319531,1.2219532,0.61195314
3.121953,2.821953,3.2219532,3.531953,3.361953,3.1519532,3.601953,3.7019532,3.581953,2.9819531,2.9919531,2.761953,3.321953,2.101953,-2.428047,-3.3580468,0.85195315,2.081953,3.2519531,4.001953,1.6619531,0.9019531,1.0119531,0.31195313,2.761953,3.101953,2.771953,3.9919531,3.9619532,3.761953,4.061953,2.3819532,3.7319531,5.0719533,5.8619533,5.181953,-2.3380468,-2.628047,-2.3480468,-1.7980468,-0.8080469,-0.7480469,-1.9080468,-1.6280469,-1.4980469,0.6319531,-1.4580469,-1.7880468,-0.83804685,-0.07804687,0.97195315,1.1019531,0.24195312,-0.70804685,-0.88804686,-1.4680469,-1.2980468,-1.7080469
1.9819531,1.6619531,1.6519531,2.341953,2.261953,2.6419532,1.8819531,1.8019531,2.1519532,2.4319532,-0.94804686,2.041953,2.781953,3.841953,-0.5580469,-0.49804688,-1.9780469,-0.19804688,1.2819531,-1.5880469,-0.42804688,0.111953124,1.2519531,1.4819531,3.2119532,4.401953,3.341953,3.111953,0.8719531,1.7219532,2.321953,0.24195312,1.5919532,3.6919532,3.781953,2.9519532,1.5819532,2.331953,1.3719531,1.7419531,2.4819531,1.1819531,-3.0980468,-4.558047,-3.188047,-4.838047,-4.858047,-3.5180469,-3.0880468,-3.0580468,-3.218047,-4.268047,-4.278047,-3.678047,-4.6580467,-1.5980469,-2.2980468,-0.58804685
1.7019532,1.7119532,1.6819531,2.571953,2.1519532,2.591953,0.9619531,1.4619532,0.7719531,1.4919531,2.571953,4.271953,5.471953,3.841953,-2.3580468,-2.438047,-1.7880468,0.011953125,-1.9080468,-0.9080469,-0.70804685,0.21195312,0.72195315,0.8319531,0.8219531,-1.4080468,0.8919531,-0.17804688,0.7019531,1.3919531,1.1019531,0.17195313,0.12195312,1.3019531,1.2519531,-0.3280469,-0.3580469,-0.22804688,-0.09804688,0.5319531,0.79195315,1.1019531,-2.0680468,-0.31804687,-2.958047,-4.308047,-2.228047,-0.8480469,-0.88804686,0.54195315,-2.0280468,-3.718047,-4.528047,-2.208047,-4.9680467,-2.7680469,-1.5980469,0.8319531
-0.77804685,-0.13804688,1.1519531,0.09195313,-0.038046874,1.0119531,0.5919531,-0.058046874,0.061953124,0.5119531,0.9019531,2.4519532,2.281953,3.8919532,-0.47804686,-0.33804688,-0.11804687,-0.64804685,-1.4980469,0.4519531,0.46195313,-1.5580468,0.041953124,-1.1980469,-0.8780469,-2.898047,-3.958047,-3.2980468,-2.418047,-1.0880469,0.38195312,-0.44804686,1.5319531,-0.008046875,1.5719532,-0.058046874,0.5319531,-0.48804688,-0.8580469,-0.43804687,-3.628047,-4.048047,-4.628047,-3.2980468,-1.8080468,0.43195313,1.0819532,0.08195312,-0.008046875,-0.52804685,-0.63804686,1.7919531,2.351953,3.7019532,1.8919531,-4.028047,-0.64804685,3.4619532
-1.5880469,-1.7080469,-1.1480469,-1.1780468,-1.1780468,-1.3380469,-2.938047,-0.76804686,-1.1080469,0.8419531,1.8319532,3.2019532,1.7719531,-0.25804687,-3.638047,-1.0580468,-0.43804687,-2.0280468,-3.448047,-2.8380468,-0.88804686,-0.8480469,1.4819531,1.7319531,-2.958047,-1.0380468,-4.008047,2.821953,-2.0380468,-2.3680468,-0.23804687,1.0319531,-4.188047,-3.0980468,-2.5680468,-2.658047,-2.3480468,-2.228047,-2.3580468,-0.3580469,0.08195312,0.98195314,2.9919531,2.4519532,1.7219532,4.621953,3.9119532,3.041953,3.841953,3.521953,0.49195313,0.8219531,1.4319531,1.3819531,1.1319531,1.6219531,2.081953,2.4519532
-0.95804685,1.2119532,0.68195313,0.21195312,0.9619531,0.001953125,2.291953,1.4619532,1.6919532,1.0119531,4.3019533,3.051953,2.261953,2.111953,-3.0480468,-2.0780468,-2.7880468,-1.6280469,-4.2380466,-3.5680468,-1.9380469,-0.2980469,1.0819532,-0.21804687,1.6619531,-3.2680469,-1.3380469,-0.09804688,1.6319531,-0.38804686,-1.0680469,-1.2180469,-0.39804688,1.9619532,0.31195313,1.2819531,1.4119531,0.071953125,1.2019532,0.3919531,1.4519532,4.521953,3.6419532,0.80195314,2.271953,2.1919532,2.871953,4.351953,2.4019532,3.4119532,1.7319531,0.15195313,-0.11804687,0.5919531,0.9519531,-1.0680469,0.30195314,0.071953125
2.1619532,3.1419532,2.2519531,2.811953,2.1519532,2.6519532,2.4119532,2.561953,-0.3280469,4.991953,2.4519532,5.101953,2.551953,-2.5080469,-1.1880469,-1.1880469,-3.6180468,-4.228047,-4.4280467,-4.798047,-3.488047,-3.658047,-2.0380468,-1.8980469,-0.15804687,-3.238047,-2.158047,-0.7180469,-1.0880469,0.25195312,-1.3680469,-0.028046874,-1.5880469,-1.4980469,0.74195313,1.5819532,1.8619531,1.2519531,-0.07804687,1.8419532,1.2119532,3.4519532,2.561953,3.9419532,1.2019532,-1.1580468,0.7719531,2.4019532,-0.36804688,0.9619531,1.8319532,0.6519531,-2.468047,-2.0780468,-1.1380469,-0.47804686,0.6519531,-0.43804687
