json/gfs_20240726_00.json
{"header": { "discipline":0, "disciplineName":"Meteorological products", "gribEdition":2, "gribLength":79331, "center":7, "centerName":"US National Weather Service - NCEP(WMC)", "subcenter":0, "refTime":"2024-07-26T00:00:00.000Z", "significanceOfRT":1, "significanceOfRTName":"Start of forecast", "productStatus":0, "productStatusName":"Operational products", "productType":1, "productTypeName":"Forecast products", "productDefinitionTemplate":0, "productDefinitionTemplateName":"Analysis/forecast at horizontal level/layer at a point in time", "parameterCategory":2, "parameterCategoryName":"Momentum", "parameterNumber":2, "parameterNumberName":"U-component_of_wind", "parameterUnit":"m.s-1", "genProcessType":2, "genProcessTypeName":"Forecast", "forecastTime":0, "surface1Type":103, "surface1TypeName":"Specified height level above ground", "surface1Value":10.0, "surface2Type":255, "surface2TypeName":"Missing", "surface2Value":0.0, "gridDefinitionTemplate":0, "gridDefinitionTemplateName":"Latitude_Longitude", "numberPoints":65160, "shape":6, "shapeName":"Earth spherical with radius of 6,371,229.0 m", "gridUnits":"degrees", "resolution":48, "winds":"true", "scanMode":0, "nx":360, "ny":181, "basicAngle":0, "lo1":0.0, "la1":90.0, "lo2":359.0, "la2":-90.0, "dx":1.0, "dy":1.0 }, "data":
[rows 150 to 174 of 181, columns 232 to 289 of 360]
-0.8326196,0.14738037,0.27738038,0.49738038,0.7973804,0.40738037,0.7273804,1.5373803,1.3573804,1.2973803,1.6573803,2.2073803,3.0373805,3.9373803,4.7173805,4.6373806,4.80738,5.26738,5.53738,5.3873806,4.8373804,5.09738,3.9273803,3.3573804,3.2173803,3.3373804,4.36738,5.1073804,4.6873803,2.7873805,2.9973803,2.3673804,1.4573804,1.9273803,1.8973804,1.9473804,-2.4426196,-1.7026197,-3.6326196,-2.2126195,-1.2126197,0.05738037,0.4873804,0.95738035,0.6773804,-0.04261963,-0.9026196,0.8573804,5.9973803,5.4673805,3.8773804,1.0473803,-4.23262,0.8073804,0.08738037,5.09738,3.5773804,3.5173805
0.77738035,1.0073804,0.8073804,1.7373804,1.8073803,1.0573803,1.3773804,2.2673805,2.4673803,2.4273803,3.0273805,3.0373805,3.5573804,3.9973803,3.4373803,3.5473804,4.1573806,4.8373804,4.7273803,4.6873803,5.0273805,5.1573806,5.4073806,5.4873805,4.4973803,4.0873804,4.0473804,3.7873805,3.1673803,1.8973804,1.5773804,1.4873804,1.2073804,1.2273804,2.0073805,1.4173803,0.40738037,0.11738037,0.17738037,-0.31261963,-0.38261962,-1.4326196,-1.8526196,-1.4726197,-1.1526196,-2.0426197,-2.8426197,-3.2426195,-4.9326196,-6.2426195,-5.67262,-1.8726196,0.027380371,0.22738037,1.2773803,0.29738036,-0.40261963,-1.9726197
2.5073805,3.1873803,3.6373804,4.51738,4.9573803,3.6573803,3.5473804,3.8373804,4.2573805,4.28738,4.4673805,4.3173804,4.6073804,5.1973805,4.86738,4.7273803,5.2573805,4.9973803,4.76738,4.5273805,4.2973804,5.26738,4.2773805,4.1373806,4.28738,4.0673804,3.2773805,3.4873803,3.5373805,3.1073804,3.1173804,3.0073805,2.6973803,2.5473804,2.4873803,2.8673804,2.3473804,1.7373804,1.6273804,1.5673804,0.9273804,0.7473804,0.32738036,-1.7626196,-2.6926196,-3.3926196,-4.2026196,-5.4726195,-6.0726194,-6.17262,-5.6626196,-4.3226194,-3.0826197,-1.8426197,0.25738037,1.3973804,2.3673804,4.1073804
4.9573803,5.3773804,5.86738,6.2973804,6.36738,6.2373805,6.0273805,6.1373806,5.80738,5.8373804,6.0073805,6.09738,5.7473803,5.9273806,6.4173803,5.7573805,5.4273806,5.53738,5.2373805,5.1573806,5.2473803,5.36738,5.7173805,5.78738,5.0073805,5.55738,5.8873806,5.9673805,5.1573806,4.78738,5.1073804,4.6673803,4.3173804,3.9873803,4.11738,3.2473803,3.3473804,2.1673803,1.3673804,1.6973804,1.8273804,1.7873803,1.8073803,1.3473804,0.64738035,-1.3926196,-1.9026196,-2.6326196,-3.0626197,-3.4226196,-2.9326196,-2.2826197,-2.2426195,-1.2426196,0.08738037,1.5973804,3.6473804,5.7473803
6.05738,6.8173804,6.9973803,7.34738,7.7073803,7.2573805,7.1973805,7.4373803,6.82738,7.26738,7.0873804,6.34738,6.55738,6.6773806,6.30738,6.8773804,6.4373803,6.2773805,6.05738,5.5673804,5.6773806,5.8973804,6.26738,6.7073803,7.4173803,7.3573804,7.4873805,7.4073806,8.017381,6.55738,4.82738,6.07738,4.9573803,3.4173803,3.6273804,3.3573804,3.6573803,4.1473804,3.8973804,2.3973804,2.0273805,2.1573803,2.0573804,1.2873803,1.6173804,2.5973804,0.36738038,0.43738037,0.37738037,0.21738037,-0.41261962,-0.07261963,0.7373804,-0.20261963,-0.7526196,-1.4926196,-3.0126197,-2.8226197
5.8573804,6.82738,7.4373803,7.6673803,7.2773805,7.3373804,7.2373805,7.1473804,7.3873806,7.6873803,7.84738,7.6973805,7.7473803,7.9773803,7.5873804,7.51738,7.2173805,7.0273805,6.6873803,6.30738,6.78738,7.2573805,7.6073804,8.0073805,8.437381,8.74738,9.31738,8.7573805,9.057381,8.24738,5.4373803,5.6373806,5.7273803,3.8973804,3.3973804,3.3473804,3.7573805,3.7773805,2.6073804,1.7073804,1.7073804,2.0773804,1.7873803,1.5273803,0.95738035,0.70738035,0.50738037,1.4473804,0.89738035,0.47738037,0.077380374,-0.16261964,-0.0026196288,-0.08261963,0.06738037,-1.0226196,-3.9426196,-6.0226197
4.26738,4.3173804,4.3373804,4.6573806,4.59738,4.8873806,5.2073803,5.4773803,6.28738,6.9373803,7.6873803,8.52738,8.98738,8.927381,8.7573805,7.9273806,8.017381,5.3773804,4.6873803,5.6873803,7.2373805,7.80738,8.65738,9.61738,10.10738,9.82738,9.58738,9.807381,10.10738,8.48738,6.6873803,6.7073803,3.7473803,3.1473804,4.36738,3.6273804,3.9173803,4.3773804,3.3373804,3.2973804,2.7073803,2.3573804,2.0373805,2.1473804,1.4873804,1.3973804,1.5073804,1.5073804,1.4973804,0.8773804,0.20738037,-0.28261963,-1.0926197,-0.8826196,-1.1426196,-0.74261963,-1.2426196,-4.0026197
4.1873803,4.4273806,4.61738,4.8973804,5.1873803,5.4073806,5.6773806,5.6873803,6.01738,6.4373803,6.9073806,7.01738,7.28738,6.7773805,6.34738,6.3973804,6.0073805,6.05738,6.0673804,6.36738,6.6773806,8.847381,7.4573803,6.3773804,6.5873804,7.7173805,6.7573805,6.7073803,5.6473804,4.4873805,4.0473804,5.1873803,4.4173803,4.4473805,5.30738,4.36738,4.7573805,4.8573804,5.2973804,4.78738,4.80738,4.0273805,3.5073805,3.0773804,2.4673803,1.8573804,2.2473803,1.8873804,1.2073804,1.1873803,0.08738037,-0.54261965,-1.2826196,-3.1326196,-3.1726196,-3.2726197,-2.2426195,-0.53261966
4.5873804,5.05738,5.5273805,5.6773806,5.7773805,6.28738,6.32738,6.2073803,6.2273803,6.4973803,6.4873805,6.4873805,6.3973804,5.8973804,5.9273806,6.0273805,6.34738,6.0273805,6.1073804,6.1073804,5.8973804,5.7373805,5.6973805,6.28738,6.4773803,6.2473803,6.3373804,6.07738,6.0873804,5.8573804,5.9173803,6.05738,5.3173804,5.2773805,6.0073805,5.51738,5.6973805,5.8573804,5.59738,5.3173804,5.1373806,4.6673803,3.5373805,3.2973804,2.5173805,2.0873804,1.9773804,1.6373804,1.0073804,0.8473804,0.11738037,-0.19261962,-0.8726196,-1.5326196,-3.1626196,-5.3726196,-5.7426195,-6.92262
4.6673803,4.9573803,5.34738,5.6373806,6.0273805,6.4473805,6.32738,6.1973805,6.0473804,5.84738,5.6673803,5.55738,5.4473805,5.1473804,4.76738,4.7573805,4.6073804,4.5273805,4.5673804,4.5473804,4.9373803,5.2173805,5.7173805,5.80738,5.61738,5.7573805,5.6973805,5.05738,4.2973804,4.4173803,4.5073805,4.8873806,5.1973805,5.55738,5.9573803,6.3573804,6.30738,5.6273804,5.7573805,4.8873806,4.2073803,3.9273803,2.7273803,2.7173803,2.3373804,1.9373803,1.2373804,1.1773803,1.2373804,0.83738035,0.9273804,0.6073804,0.7473804,-1.0526196,-0.15261963,1.4873804,-1.2526196,-2.0626197
4.5273805,5.0273805,5.11738,5.6073804,5.8773804,6.0473804,6.11738,5.6773806,5.4173803,4.9773803,4.53738,3.7273803,3.0973804,1.9473804,2.3273804,2.7073803,3.4173803,3.6173804,3.8473804,4.2273803,4.5073805,4.7373805,5.30738,5.3373804,5.5273805,5.1273804,4.6973805,4.0073805,3.4373803,3.4673803,3.7173803,4.2373805,4.8373804,5.1973805,5.7773805,6.51738,6.7573805,5.82738,5.8973804,5.4373803,2.7873805,2.5873804,1.7273804,0.45738038,0.21738037,-0.18261963,0.52738035,0.69738036,1.0073804,1.0473803,1.0073804,1.2473804,-0.5126196,0.7873804,0.82738036,-1.4626197,-2.2826197,-1.6426196
4.3373804,4.7273803,5.2273803,5.51738,5.34738,5.2473803,5.26738,4.8973804,4.5273805,2.8173804,1.3573804,0.33738038,0.23738037,0.6073804,1.3373804,2.3473804,2.5773804,2.6973803,3.4373803,4.07738,4.0873804,4.3373804,4.7073803,4.9873805,4.7473803,5.30738,4.1473804,3.0573804,3.1273804,3.7473803,4.2273803,4.03738,4.5273805,3.3273804,2.2273803,-0.5226196,-3.7726197,-2.3226197,-2.6926196,-3.7426195,-4.5526195,-3.7026196,-3.5426197,-3.2226195,-2.6026196,-2.0826197,-0.9526196,0.30738038,0.96738034,1.2473804,1.0073804,0.9173804,-1.9426197,1.4473804,4.6373806,2.4273803,-0.53261966,-1.4326196
4.2773805,4.4273806,4.2773805,3.9873803,4.1073804,4.1773806,3.9973803,3.7173803,1.2273804,-1.2526196,-1.1626196,-0.6326196,-0.33261964,0.027380371,1.0873804,1.2073804,2.1473804,2.6873803,1.8573804,2.3473804,2.3673804,2.2473803,2.3173804,2.7073803,2.3273804,0.42738038,-1.0526196,0.58738035,1.1273804,-0.60261965,0.39738038,0.03738037,2.9273803,0.8673804,1.8173804,-4.2026196,-3.7326195,-2.4326196,-2.9726195,-3.7126195,-3.3826196,-3.0626197,-2.7526197,-2.3826196,-1.9626197,-0.8726196,0.33738038,0.9373804,1.6573803,1.7873803,-0.18261963,-1.8926196,-1.5326196,-3.1126196,-0.7026196,1.0373803,-0.66261965,-2.0526197
3.1773803,3.7273803,0.65738034,0.9373804,1.4973804,0.40738037,-2.3526196,-3.0926197,-2.4326196,-1.9126196,-0.97261965,-0.12261963,-0.13261963,1.1873803,1.7773803,1.8273804,1.9373803,1.8973804,0.90738034,1.0773804,0.05738037,-0.19261962,0.70738035,-0.37261963,0.007380371,0.94738036,0.9373804,1.2273804,-0.04261963,-5.7626195,-0.9626196,2.6173804,4.09738,3.7073803,1.4373803,-1.8826196,-2.0326197,-1.8626196,-2.0326197,-3.5626197,-1.2626196,-2.2626197,-5.48262,-6.0326195,-3.8426197,0.28738037,1.1073804,-0.93261963,-4.17262,-4.7926197,2.7173803,-0.12261963,-1.2326196,-3.8126197,-0.34261963,-1.2226197,-2.8226197,-2.6126196
-1.8926196,-0.61261964,-0.39261964,-0.55261964,0.75738037,-0.7126196,-1.7926196,0.65738034,0.8073804,2.4773803,1.4573804,-0.34261963,1.4073803,-0.7526196,0.63738036,0.8473804,3.1273804,0.9273804,0.38738036,-0.04261963,0.40738037,0.51738036,0.20738037,-0.20261963,-0.24261963,-3.4626195,0.6173804,-5.9726195,-6.3026195,-11.652619,-10.26262,-11.75262,-11.072619,-5.90262,-1.6426196,0.64738035,-2.0326197,-7.67262,-9.29262,-9.96262,-11.00262,-11.17262,-9.08262,-6.9726195,-8.022619,-8.032619,-12.20262,-13.95262,-7.8926196,-2.3726196,-0.35261962,-2.7326195,-2.5526197,-1.4626197,-4.23262,-6.1026196,-7.5726194,-6.3726196
-0.22261962,-1.6126196,-0.47261962,-0.40261963,-0.5626196,-0.8326196,-0.74261963,-0.9426196,-0.6226196,-0.29261962,-1.0426196,-0.9026196,-0.35261962,1.5273803,1.3973804,2.1073804,3.0373805,2.1973803,2.4673803,2.8573804,0.83738035,2.2473803,1.3073803,1.1273804,0.40738037,-0.25261962,-1.8226197,-2.0326197,-1.1126196,-7.73262,-10.402619,-6.4526196,-4.0326195,-2.2026196,-2.5526197,-3.3426197,-4.13262,-5.65262,-8.22262,-10.22262,-10.9926195,-10.20262,-7.5326195,-4.9526196,-2.0326197,0.017380372,0.9173804,-0.61261964,-2.3126197,-0.29261962,0.90738034,2.7273803,3.1073804,-0.13261963,-3.3326197,-5.2626195,-1.4726197,-4.2526197
-1.4226196,-1.0326196,0.09738037,-0.5726196,-0.7026196,-0.21261963,-1.1926197,-1.8226197,-2.0426197,-1.1626196,-1.3326197,-1.3626196,1.3373804,5.5673804,3.5873804,3.6473804,0.64738035,-2.5126197,-0.6326196,-0.32261962,-0.6326196,-1.2826196,-2.0926197,-1.6626196,-1.1926197,-1.4526197,-1.3926196,-1.0026196,-1.6926197,-3.1026196,-1.8526196,-1.7726196,-3.6226196,-5.7526197,-6.1126194,-7.3226194,-6.6426196,-7.17262,-7.6626196,-7.3026195,-6.2926197,-4.6226196,-2.8826196,-1.7026197,-0.8226196,-0.12261963,0.23738037,1.3073803,1.6573803,1.8773804,-1.0726197,-2.0826197,-2.7726197,-4.17262,-4.6626196,-6.3626194,-5.3126197,-4.13262
-0.04261963,-0.86261964,-0.35261962,0.7373804,1.3773804,2.0073805,2.1973803,1.6173804,1.5873804,1.0773804,1.2573804,3.6873803,3.1873803,2.2873805,1.5173804,0.69738036,0.5473804,0.58738035,-0.73261964,-1.3626196,-1.9426197,-2.3426197,-2.1726196,-2.5426197,-2.7126195,-2.8726196,-3.0726197,-2.3926196,-1.5126196,-0.86261964,-1.1326196,-1.7326196,-1.7426196,-1.0726197,-0.11261963,0.06738037,0.017380372,0.49738038,0.5573804,0.71738034,1.4873804,1.6673803,1.5573803,1.2973803,1.2273804,0.6873804,-1.1026196,-4.5426197,-2.1626196,2.1273804,2.6773803,0.7473804,-0.84261966,1.0673804,1.3673804,1.7273804,2.3373804,3.3173804
2.4073803,2.4473803,2.3973804,2.9473803,2.9473803,2.7773805,2.3973804,2.0073805,2.5673804,2.3573804,1.3973804,1.6073804,1.3173804,0.56738037,0.30738038,0.06738037,0.007380371,-0.9026196,-1.9326196,-2.0926197,-2.3126197,-2.3326197,-2.5226197,-2.8226197,-2.4426196,-2.7226195,-3.0926197,-3.4026196,-3.2226195,-3.0926197,-2.9026196,-1.9326196,-0.91261965,-0.80261964,-0.8326196,-1.3126197,-2.1926196,-2.2526197,-2.2426195,-2.4526196,-2.2426195,-2.6626196,0.43738037,2.0773804,-0.7126196,-0.07261963,1.8973804,1.9573804,3.0973804,4.1873803,4.1973805,3.6473804,3.5873804,5.8973804,7.6073804,6.6973805,5.51738,4.6073804
1.2873803,2.3473804,2.8473804,2.7573805,2.4173803,1.4173803,0.49738038,-0.17261963,-0.84261966,-0.7526196,-0.34261963,-0.49261963,-0.93261963,-0.28261963,0.5373804,0.39738038,-0.5626196,-1.8226197,-2.9426196,-3.0526197,-2.7326195,-2.6726196,-3.2226195,-3.7526197,-4.0526195,-4.38262,-4.4526196,-4.3726196,-4.5326195,-3.9926195,-2.9026196,-2.6526196,-3.0726197,-3.8826196,-4.8226194,-5.3626194,-5.7026196,-5.9126196,-5.4726195,-3.6026196,-0.67261964,4.07738,7.1973805,6.0273805,3.6473804,-0.15261963,2.1373804,3.9173803,4.4273806,5.4673805,6.32738,6.05738,4.84738,3.6773803,3.0873804,3.9573803,3.6973803,2.6573803
0.9973804,1.5473803,1.3673804,0.7373804,0.14738037,0.03738037,0.23738037,0.11738037,0.12738037,0.017380372,-0.28261963,-0.46261963,-0.67261964,-1.3126197,-1.6126196,-1.6326196,-2.0626197,-2.7126195,-3.3326197,-3.5326197,-3.5926197,-3.7726197,-3.9326196,-4.0026197,-4.2626195,-4.5726194,-4.3126197,-3.7026196,-3.3826196,-4.0026197,-4.2826195,-3.9326196,-3.6026196,-4.1126194,-4.2426195,-2.8626196,-1.1526196,0.88738036,2.6473804,3.2873805,3.4673803,3.5173805,4.1873803,4.4573803,3.9073803,4.6573806,5.9373803,6.7473803,4.78738,4.4573803,5.3373804,5.7573805,3.9073803,2.9573803,2.8973804,2.7173803,2.4273803,2.1873803
-0.9626196,-0.5026196,-0.40261963,-0.08261963,0.20738037,-0.16261964,-0.40261963,-0.27261963,-0.35261962,-1.0026196,-1.8726196,-2.6326196,-3.1726196,-3.4026196,-3.3126197,-3.3526196,-3.5926197,-3.7326195,-3.7826197,-3.6926196,-3.4526196,-3.1526196,-2.9726195,-3.0026197,-3.0426197,-3.2926197,-3.4326196,-3.3126197,-2.7326195,-1.6226196,-0.29261962,0.9173804,1.8673804,2.5973804,3.3273804,4.0873804,4.4373803,4.34738,4.86738,5.1573806,5.4373803,6.32738,5.4273806,4.8973804,5.34738,6.7273803,8.307381,9.427381,9.677381,9.08738,8.41738,7.57738,6.0873804,4.3173804,2.8173804,2.1573803,2.0173805,1.1173804
-0.34261963,-0.31261963,-0.20261963,0.12738037,0.27738038,0.24738038,-0.08261963,-0.9426196,-1.8326197,-2.5926197,-3.0126197,-2.9726195,-2.9526196,-3.0826197,-3.2226195,-3.2826197,-3.3826196,-3.4826195,-3.4826195,-3.4026196,-3.5026197,-3.4526196,-3.6626196,-3.7426195,-3.1726196,-1.9026196,-0.37261963,0.7873804,1.6273804,2.3773804,3.0373805,3.3473804,3.3973804,3.7373803,4.55738,5.2373805,5.4673805,5.5873804,5.6373806,6.09738,6.7373805,6.55738,6.2173805,6.6373806,7.4373803,7.3373804,6.6773806,6.28738,6.1573806,5.4973803,4.4873805,3.6973803,2.7373803,1.7173804,0.83738035,-0.13261963,-0.7726196,-0.5226196
-3.2226195,-3.3926196,-3.6326196,-4.0726194,-4.6126194,-5.0626197,-5.3426194,-5.5426197,-5.8626194,-6.2026196,-6.23262,-5.90262,-5.4526196,-5.0426197,-4.73262,-4.5526195,-4.6226196,-4.8426194,-4.3426194,-3.7726197,-3.3226197,-3.4626195,-3.1426196,-3.4926195,-3.4926195,-2.2226195,-0.5226196,0.88738036,1.7573804,2.1973803,2.4273803,2.5773804,2.7973804,3.1373804,3.7573805,4.1373806,4.28738,3.9373803,3.9673803,4.32738,4.0873804,4.3373804,4.30738,4.1473804,4.36738,4.80738,5.2373805,5.1573806,5.0673804,5.1073804,4.8773804,4.1973805,3.3373804,2.6473804,2.3173804,1.9273803,1.3173804,0.32738036
-7.3726196,-7.15262,-7.0926194,-7.2426195,-7.6226196,-7.8426194,-7.98262,-8.102619,-8.39262,-8.45262,-8.34262,-8.46262,-9.13262,-9.87262,-10.45262,-10.39262,-9.83262,-9.33262,-9.01262,-8.772619,-8.4926195,-8.12262,-7.5726194,-6.71262,-5.69262,-4.8326197,-4.23262,-3.7026196,-3.2126195,-2.9226196,-2.9126196,-2.9726195,-2.6326196,-2.0626197,-1.3626196,-0.5126196,0.41738036,1.5773804,2.2873805,2.5473804,2.3573804,1.8873804,2.4173803,2.2073803,1.9173803,2.0073805,2.3373804,2.5873804,2.9773803,3.5773804,4.3373804,4.9973803,5.4373803,5.7173805,5.9373803,6.09738,6.1773806,5.9573803
