json/gfs_20240719_00.json
{"header": { "discipline":0, "disciplineName":"Meteorological products", "gribEdition":2, "gribLength":79796, "center":7, "centerName":"US National Weather Service - NCEP(WMC)", "subcenter":0, "refTime":"2024-07-19T00:00:00.000Z", "significanceOfRT":1, "significanceOfRTName":"Start of forecast", "productStatus":0, "productStatusName":"Operational products", "productType":1, "productTypeName":"Forecast products", "productDefinitionTemplate":0, "productDefinitionTemplateName":"Analysis/forecast at horizontal level/layer at a point in time", "parameterCategory":2, "parameterCategoryName":"Momentum", "parameterNumber":3, "parameterNumberName":"V-component_of_wind", "parameterUnit":"m.s-1", "genProcessType":2, "genProcessTypeName":"Forecast", "forecastTime":0, "surface1Type":103, "surface1TypeName":"Specified height level above ground", "surface1Value":10.0, "surface2Type":255, "surface2TypeName":"Missing", "surface2Value":0.0, "gridDefinitionTemplate":0, "gridDefinitionTemplateName":"Latitude_Longitude", "numberPoints":65160, "shape":6, "shapeName":"Earth spherical with radius of 6,371,229.0 m", "gridUnits":"degrees", "resolution":48, "winds":"true", "scanMode":0, "nx":360, "ny":181, "basicAngle":0, "lo1":0.0, "la1":90.0, "lo2":359.0, "la2":-90.0, "dx":1.0, "dy":1.0 }, "data":
[rows 81 to 107 of 181, columns 244 to 304 of 360]
2.490437,3.050437,3.250437,3.930437,5.060437,4.930437,4.690437,4.210437,2.570437,1.090437,0.840437,1.610437,1.8304371,2.220437,2.260437,1.410437,2.320437,2.400437,1.050437,0.930437,4.370117E-4,0.13043702,1.0804371,1.400437,2.090437,2.040437,1.120437,0.970437,-0.289563,-1.399563,0.360437,0.620437,-1.019563,0.830437,1.970437,2.220437,0.400437,3.300437,1.220437,0.35043702,-1.209563,0.650437,-1.079563,0.030437011,-2.149563,2.090437,0.28043702,1.570437,0.67043704,0.930437,1.3304371,1.190437,-0.719563,-0.11956299,-0.82956296,-0.249563,-1.979563,-1.439563,-0.06956299,0.140437,0.25043702
6.630437,5.850437,5.790437,6.2704372,6.670437,5.570437,6.010437,4.720437,3.970437,3.100437,4.490437,5.440437,5.290437,4.860437,4.400437,3.670437,3.020437,3.600437,3.720437,2.620437,2.630437,2.240437,3.220437,3.330437,3.680437,3.210437,2.8904371,3.260437,1.5804371,0.86043704,0.520437,1.310437,2.330437,2.520437,4.800437,2.580437,-1.469563,6.500437,0.55043703,1.910437,0.100437015,-1.2995629,-0.589563,1.010437,0.870437,4.370117E-4,2.490437,1.070437,0.31043702,-0.39956298,0.360437,-1.309563,-0.869563,0.35043702,-1.009563,-0.009562988,-0.689563,-1.259563,-1.269563,-0.859563,-0.329563
6.980437,7.430437,6.890437,6.380437,5.690437,5.930437,5.990437,5.890437,6.0204372,5.890437,5.690437,5.100437,5.340437,4.590437,5.080437,4.680437,5.600437,5.290437,5.220437,4.780437,3.780437,4.190437,4.540437,4.760437,4.940437,4.5204372,5.400437,2.630437,0.830437,1.640437,2.080437,2.930437,3.370437,3.730437,0.500437,1.9504371,-0.719563,2.720437,1.7004371,1.490437,-0.629563,0.590437,-0.76956296,-0.719563,-0.08956299,1.460437,1.990437,2.660437,2.290437,0.99043703,-0.329563,-0.12956299,-0.739563,-0.319563,-0.879563,-0.809563,-0.88956296,-0.88956296,-2.059563,-2.329563,-0.939563
7.580437,6.660437,5.950437,5.860437,6.220437,6.410437,6.480437,5.980437,5.880437,5.600437,5.230437,5.900437,5.390437,5.580437,5.010437,5.600437,5.840437,5.870437,5.730437,5.630437,6.060437,5.490437,4.7704372,4.550437,5.090437,5.460437,5.290437,3.980437,4.840437,4.940437,5.360437,5.500437,4.060437,3.810437,-0.06956299,-0.12956299,0.08043701,1.510437,2.970437,0.74043703,-0.06956299,-0.839563,0.750437,1.2004371,1.000437,2.330437,1.790437,2.280437,2.970437,0.460437,-0.009562988,0.12043701,-0.779563,-1.089563,0.44043702,-0.20956299,0.960437,0.15043701,-0.459563,-2.389563,-1.619563
6.890437,7.140437,7.630437,6.690437,5.880437,6.0204372,5.750437,5.940437,5.590437,5.300437,5.080437,4.790437,4.850437,4.720437,5.040437,5.600437,5.810437,6.200437,5.540437,5.980437,5.410437,5.450437,5.440437,5.0204372,5.490437,5.120437,4.170437,5.670437,5.060437,5.610437,5.200437,5.430437,5.350437,4.920437,3.450437,3.150437,2.350437,2.070437,1.390437,-0.15956299,-0.40956298,0.070437014,-0.46956298,-0.33956298,2.450437,1.720437,2.310437,2.830437,1.310437,0.660437,1.600437,0.44043702,0.070437014,-0.46956298,-0.859563,0.530437,-0.729563,-0.03956299,0.570437,0.400437,-0.569563
5.790437,6.130437,6.320437,6.290437,6.860437,6.740437,6.560437,6.300437,6.440437,6.230437,5.470437,5.340437,5.040437,4.790437,5.210437,4.940437,5.510437,5.480437,6.250437,6.400437,6.570437,6.090437,5.790437,5.7704372,5.390437,4.400437,5.430437,6.050437,6.430437,6.010437,6.340437,6.340437,6.210437,5.540437,5.420437,4.240437,3.150437,1.990437,1.750437,0.330437,1.500437,-0.539563,-0.21956299,0.220437,2.410437,1.800437,0.960437,0.25043702,-0.349563,0.220437,0.23043701,-0.609563,0.030437011,0.590437,-0.249563,-0.50956297,-0.009562988,-0.40956298,0.17043701,-0.029562987,-0.23956299
4.890437,4.7704372,4.740437,5.0204372,5.400437,5.7704372,5.790437,5.470437,4.930437,5.250437,5.150437,5.0204372,4.980437,5.170437,5.300437,5.820437,5.940437,6.240437,6.120437,6.420437,5.720437,5.350437,6.250437,6.210437,5.220437,4.790437,5.040437,5.120437,5.930437,5.410437,5.760437,6.090437,5.960437,5.470437,5.090437,3.600437,2.590437,1.9504371,1.050437,-0.049562987,0.12043701,1.790437,4.370117E-4,2.760437,1.310437,0.950437,0.330437,0.030437011,-0.269563,-0.36956298,-0.359563,0.08043701,0.540437,0.420437,0.600437,1.470437,1.140437,-0.669563,-0.679563,-0.899563,-0.14956298
4.690437,4.5204372,4.530437,4.630437,5.480437,5.450437,5.160437,4.610437,5.360437,4.690437,4.350437,4.7704372,5.180437,5.680437,5.460437,5.2704372,5.390437,5.700437,5.200437,5.500437,5.380437,5.570437,6.060437,6.090437,4.530437,3.850437,5.990437,6.430437,6.440437,6.890437,6.730437,5.460437,5.410437,5.620437,4.430437,3.620437,3.300437,1.4504371,-0.23956299,1.620437,1.2004371,-0.82956296,1.2004371,0.520437,0.21043701,-0.05956299,0.490437,-0.249563,-0.319563,-1.089563,-0.849563,-0.269563,-0.37956297,-0.679563,-0.109562986,-0.249563,0.270437,-0.529563,-0.729563,-1.279563,-1.719563
4.740437,3.790437,3.210437,3.790437,4.080437,4.010437,4.240437,3.970437,4.460437,3.930437,3.630437,4.600437,5.280437,5.890437,6.150437,6.230437,6.160437,6.140437,5.380437,5.240437,5.360437,4.870437,4.150437,4.320437,3.180437,2.610437,5.900437,6.220437,6.130437,5.950437,6.150437,6.110437,4.550437,4.120437,2.820437,2.910437,3.600437,-1.429563,0.490437,0.630437,0.44043702,-0.11956299,-0.529563,-0.46956298,0.13043702,-0.33956298,-0.18956299,0.17043701,-0.619563,-0.529563,0.67043704,-1.149563,-0.82956296,0.520437,-0.329563,-0.589563,-1.079563,-0.459563,-0.50956297,-0.849563,-0.799563
3.320437,3.270437,3.270437,3.920437,3.520437,2.310437,2.500437,3.270437,3.3904371,2.880437,2.820437,3.170437,3.720437,5.130437,5.0204372,5.160437,4.330437,4.000437,4.290437,3.960437,4.260437,4.800437,4.7704372,4.630437,4.080437,3.430437,6.290437,5.830437,5.930437,5.550437,5.200437,4.820437,5.250437,3.900437,3.360437,2.720437,-0.449563,-0.389563,1.2004371,-1.009563,-0.17956299,-0.39956298,-0.139563,-0.599563,-0.569563,-0.799563,-0.88956296,-0.689563,-0.589563,-0.989563,-1.109563,-0.22956298,-1.159563,-0.869563,-0.14956298,0.31043702,0.320437,-0.12956299,-0.08956299,-0.299563,-0.009562988
4.000437,3.440437,3.470437,2.950437,3.750437,3.550437,4.900437,4.330437,3.290437,4.590437,4.070437,3.870437,4.100437,3.420437,4.690437,4.470437,4.440437,4.780437,4.850437,4.870437,4.230437,4.820437,4.850437,5.380437,4.580437,2.830437,4.220437,4.660437,4.790437,4.760437,4.580437,4.490437,3.930437,4.800437,3.620437,2.290437,-1.739563,-0.029562987,-0.429563,0.360437,0.450437,0.44043702,-0.40956298,-0.18956299,-1.089563,-0.929563,-0.299563,-1.099563,-1.189563,-1.159563,-0.609563,-0.749563,-0.69956297,-0.05956299,-0.22956298,-0.049562987,0.030437011,4.370117E-4,-0.49956298,0.61043704,0.330437
3.060437,4.240437,4.060437,4.260437,3.720437,4.510437,4.500437,4.820437,4.620437,4.980437,5.490437,4.000437,3.660437,4.240437,4.810437,4.880437,4.980437,4.970437,5.420437,5.550437,4.880437,4.820437,4.460437,2.870437,3.380437,3.580437,2.930437,3.720437,3.730437,4.000437,4.490437,5.130437,5.080437,4.230437,3.620437,0.44043702,1.770437,-0.06956299,-0.40956298,0.570437,-0.599563,-1.179563,0.330437,0.12043701,0.830437,0.38043702,-0.289563,-0.539563,-0.22956298,-0.169563,-0.779563,0.580437,0.67043704,-0.749563,-0.289563,0.560437,-0.289563,0.330437,-0.11956299,-0.049562987,1.290437
3.770437,4.030437,3.940437,4.860437,4.650437,3.780437,5.030437,5.400437,5.090437,4.480437,4.340437,5.100437,5.470437,5.300437,5.560437,6.310437,6.010437,6.320437,5.920437,4.730437,4.500437,3.820437,4.120437,4.040437,4.000437,4.180437,4.240437,3.360437,3.1404371,3.590437,4.160437,4.880437,4.5204372,4.660437,5.360437,3.220437,1.650437,-0.009562988,-0.33956298,0.070437014,-0.329563,1.170437,0.55043703,0.270437,0.070437014,-0.08956299,-0.649563,-0.18956299,0.38043702,0.28043702,0.020437011,0.73043704,0.28043702,0.73043704,0.20043701,-0.27956298,0.23043701,-0.51956296,0.290437,0.710437,-0.559563
4.200437,4.710437,5.300437,5.110437,5.0204372,6.280437,5.690437,6.080437,5.590437,5.750437,4.920437,5.360437,5.300437,5.620437,6.110437,5.540437,5.890437,6.010437,5.670437,4.880437,4.2704372,4.060437,4.690437,5.080437,4.940437,4.790437,4.700437,4.890437,5.030437,5.640437,5.440437,4.870437,5.650437,5.600437,6.640437,1.040437,-0.36956298,-0.09956299,-0.12956299,0.34043702,0.400437,-0.459563,-0.019562988,0.260437,-0.269563,0.020437011,0.140437,0.20043701,0.420437,0.420437,0.330437,0.390437,0.73043704,-0.389563,0.540437,0.31043702,0.450437,-0.09956299,0.31043702,-0.17956299,0.010437012
2.630437,3.440437,3.950437,4.410437,3.920437,4.240437,4.260437,3.850437,4.890437,4.880437,4.650437,5.400437,5.7704372,5.480437,6.070437,6.160437,5.880437,5.550437,5.820437,5.860437,5.530437,4.960437,5.160437,5.710437,6.380437,6.200437,5.650437,5.400437,5.620437,5.230437,5.740437,5.460437,5.570437,5.680437,6.670437,4.990437,0.560437,-0.69956297,1.050437,-0.599563,-0.909563,0.05043701,-0.389563,-0.05956299,0.38043702,-0.009562988,0.690437,0.15043701,0.290437,0.55043703,0.35043702,0.770437,0.73043704,0.400437,0.290437,0.760437,-0.349563,-0.23956299,0.600437,0.480437,0.140437
3.8904371,3.630437,2.910437,3.260437,4.460437,3.120437,3.350437,3.470437,4.340437,4.540437,4.640437,5.170437,5.380437,6.320437,6.240437,5.740437,5.620437,5.890437,5.890437,5.950437,6.170437,6.360437,5.890437,5.640437,5.420437,5.780437,5.870437,5.900437,6.080437,5.650437,5.650437,5.650437,4.840437,5.670437,5.620437,6.120437,5.530437,-1.039563,-0.559563,-0.009562988,-1.1695629,-0.51956296,0.320437,0.390437,0.850437,0.510437,0.620437,0.970437,0.34043702,0.530437,0.710437,-0.649563,-0.15956299,0.510437,0.630437,0.100437015,0.870437,0.67043704,0.420437,0.67043704,0.47043702
1.280437,3.590437,2.110437,1.790437,3.030437,3.050437,3.900437,4.970437,4.920437,5.320437,5.830437,5.380437,5.5204372,5.700437,5.610437,5.500437,6.180437,6.160437,5.650437,5.990437,5.950437,5.470437,6.290437,5.890437,5.500437,6.150437,6.140437,5.930437,5.890437,5.780437,6.130437,5.980437,6.310437,6.600437,6.700437,5.910437,6.580437,-1.619563,-1.589563,-1.329563,-0.269563,0.680437,-0.419563,-0.169563,-0.22956298,0.530437,0.320437,0.35043702,0.810437,0.80043703,0.44043702,0.640437,0.570437,0.600437,0.20043701,0.710437,0.070437014,0.580437,0.16043702,0.44043702,0.750437
0.020437011,2.050437,2.430437,2.610437,2.270437,3.3904371,4.040437,4.400437,4.340437,5.080437,5.210437,5.720437,6.030437,6.0204372,6.000437,6.000437,5.960437,6.380437,6.110437,5.590437,5.880437,6.330437,5.880437,6.390437,6.510437,5.850437,5.450437,5.970437,6.030437,6.190437,6.740437,7.340437,7.730437,7.950437,7.980437,7.060437,6.620437,1.5804371,-0.449563,0.16043702,0.970437,0.220437,0.31043702,-0.479563,0.08043701,-0.479563,-0.43956298,0.220437,0.300437,0.19043702,-0.009562988,0.320437,0.560437,0.23043701,0.680437,0.630437,0.67043704,0.650437,0.700437,0.720437,0.010437012
4.100437,2.540437,1.920437,2.150437,3.120437,2.990437,3.590437,3.910437,4.470437,4.550437,4.960437,5.350437,5.260437,6.240437,6.540437,6.390437,6.410437,6.120437,6.060437,6.030437,5.670437,6.000437,5.560437,6.170437,6.090437,6.150437,6.140437,6.210437,6.760437,7.190437,7.530437,7.970437,7.800437,7.870437,8.010437,7.320437,5.860437,5.890437,1.070437,-0.559563,-0.669563,-0.08956299,-0.299563,-0.23956299,-0.599563,0.13043702,0.040437013,-0.75956297,-0.269563,0.12043701,1.020437,0.840437,0.320437,0.320437,0.790437,0.960437,0.850437,-0.139563,0.620437,1.000437,-0.539563
2.800437,2.690437,2.320437,3.050437,2.930437,3.150437,3.110437,3.8904371,3.830437,4.620437,4.620437,5.320437,5.540437,5.740437,6.260437,6.110437,6.160437,6.0204372,6.510437,5.950437,5.470437,5.590437,5.7704372,5.740437,5.920437,6.290437,6.450437,6.570437,6.750437,7.480437,7.580437,7.550437,7.7704372,7.840437,7.800437,7.590437,6.0204372,6.380437,0.950437,-1.4195629,0.13043702,-0.40956298,0.12043701,0.030437011,-0.43956298,-0.17956299,0.05043701,-0.17956299,-0.329563,-0.049562987,-0.37956297,0.400437,0.010437012,0.34043702,0.040437013,0.20043701,0.24043702,-0.03956299,-0.03956299,0.530437,0.820437
2.620437,2.060437,2.830437,2.420437,3.230437,2.990437,3.380437,3.360437,3.530437,4.210437,4.780437,4.870437,5.2704372,5.460437,5.750437,5.640437,6.000437,5.700437,5.990437,6.030437,5.560437,5.610437,5.700437,5.840437,5.650437,5.620437,5.2704372,5.850437,6.100437,6.330437,7.120437,7.190437,7.360437,7.860437,7.7704372,7.780437,6.910437,6.330437,6.010437,-0.709563,-1.279563,1.360437,-0.46956298,0.21043701,-0.07956299,-0.22956298,-0.019562988,0.500437,0.010437012,0.220437,0.55043703,0.35043702,-0.709563,0.020437011,-0.269563,4.370117E-4,0.290437,0.73043704,0.44043702,0.020437011,1.060437
3.000437,3.580437,3.300437,3.540437,3.070437,2.920437,3.290437,3.780437,4.120437,3.700437,4.120437,5.150437,4.720437,4.660437,5.370437,5.190437,5.210437,5.260437,5.650437,6.200437,5.700437,5.720437,5.240437,5.500437,5.710437,5.570437,5.630437,5.720437,5.420437,6.060437,6.240437,6.2704372,7.140437,7.220437,7.640437,7.110437,6.480437,5.930437,6.540437,3.350437,-1.359563,-1.479563,1.0804371,0.780437,1.760437,0.060437012,0.690437,0.010437012,0.430437,0.100437015,0.520437,0.37043703,0.270437,1.060437,0.680437,0.34043702,0.330437,-0.27956298,0.44043702,0.18043701,0.070437014
2.730437,4.210437,3.630437,2.850437,3.440437,2.920437,3.580437,2.810437,3.620437,3.780437,4.080437,4.500437,4.910437,4.680437,4.650437,5.230437,5.080437,4.970437,4.930437,5.240437,5.150437,5.400437,5.920437,5.670437,6.090437,5.690437,5.140437,5.650437,5.990437,6.010437,5.840437,5.760437,6.830437,6.790437,6.750437,7.080437,6.640437,5.630437,5.870437,6.300437,-0.94956297,-2.079563,-3.019563,2.120437,0.900437,1.530437,0.540437,0.67043704,0.47043702,-0.349563,0.030437011,0.880437,0.620437,0.220437,1.240437,0.040437013,-0.569563,-0.15956299,0.09043701,0.030437011,0.44043702
2.120437,2.050437,2.840437,2.910437,2.770437,3.510437,2.440437,3.1404371,1.660437,3.340437,2.900437,4.120437,4.350437,4.370437,4.550437,4.910437,4.820437,5.120437,4.930437,5.110437,5.410437,5.920437,5.860437,6.340437,6.5204372,6.530437,6.590437,5.810437,5.880437,6.160437,6.220437,6.200437,6.510437,6.580437,7.010437,6.340437,6.040437,6.230437,5.7704372,6.550437,-0.589563,-1.759563,-2.699563,-1.579563,-2.319563,-2.489563,0.500437,0.830437,0.460437,-1.139563,-0.029562987,-0.19956298,-0.529563,0.13043702,-0.619563,-0.429563,-0.46956298,-1.149563,-1.189563,-0.779563,-1.259563
2.500437,2.060437,2.260437,2.420437,2.910437,2.970437,2.650437,3.630437,3.730437,3.570437,4.250437,3.010437,3.910437,3.6404371,4.210437,4.680437,4.820437,4.470437,5.100437,5.470437,5.970437,6.080437,6.080437,6.360437,6.390437,6.280437,6.610437,5.780437,5.650437,5.530437,6.110437,6.650437,5.750437,6.820437,7.150437,6.410437,6.810437,6.480437,5.860437,6.030437,4.930437,2.450437,-0.659563,-0.169563,-2.049563,-0.389563,-0.75956297,-1.609563,0.020437011,0.590437,-0.819563,-1.119563,-0.57956296,-0.549563,-0.419563,-0.869563,-1.009563,-1.559563,-1.019563,-0.349563,-0.249563
1.630437,1.160437,1.880437,2.020437,2.710437,2.440437,2.150437,2.760437,3.420437,1.870437,3.310437,2.500437,3.840437,4.140437,3.500437,4.190437,3.980437,4.440437,5.070437,5.330437,5.870437,6.370437,6.210437,6.410437,6.240437,6.5204372,7.010437,7.410437,7.310437,6.720437,6.900437,6.170437,6.530437,5.890437,6.310437,6.990437,6.510437,6.390437,5.650437,4.950437,5.080437,3.620437,1.3304371,0.13043702,-0.51956296,0.910437,-0.39956298,-3.6095629,1.4504371,0.780437,-0.329563,-0.319563,-1.069563,-0.779563,-1.229563,-0.899563,-1.379563,-1.929563,-1.449563,-1.109563,1.260437
1.150437,1.400437,1.880437,2.440437,2.350437,1.770437,1.760437,2.6404371,2.020437,2.460437,2.180437,2.290437,1.900437,2.150437,2.800437,3.3904371,4.0204372,5.0204372,4.880437,5.180437,5.560437,5.560437,5.260437,6.250437,6.150437,7.0204372,7.700437,7.680437,7.680437,7.030437,7.350437,6.680437,7.080437,7.200437,6.620437,6.750437,6.390437,5.630437,5.630437,4.440437,3.870437,3.050437,2.610437,1.460437,0.92043704,-1.469563,0.870437,-3.919563,-1.459563,-1.279563,0.780437,0.840437,-0.549563,-1.449563,-2.219563,-2.449563,-1.069563,-0.719563,-0.689563,-0.029562987,0.25043702
