json/gfs_20240719_06.json
{"header": { "discipline":0, "disciplineName":"Meteorological products", "gribEdition":2, "gribLength":79745, "center":7, "centerName":"US National Weather Service - NCEP(WMC)", "subcenter":0, "refTime":"2024-07-19T06:00:00.000Z", "significanceOfRT":1, "significanceOfRTName":"Start of forecast", "productStatus":0, "productStatusName":"Operational products", "productType":1, "productTypeName":"Forecast products", "productDefinitionTemplate":0, "productDefinitionTemplateName":"Analysis/forecast at horizontal level/layer at a point in time", "parameterCategory":2, "parameterCategoryName":"Momentum", "parameterNumber":3, "parameterNumberName":"V-component_of_wind", "parameterUnit":"m.s-1", "genProcessType":2, "genProcessTypeName":"Forecast", "forecastTime":0, "surface1Type":103, "surface1TypeName":"Specified height level above ground", "surface1Value":10.0, "surface2Type":255, "surface2TypeName":"Missing", "surface2Value":0.0, "gridDefinitionTemplate":0, "gridDefinitionTemplateName":"Latitude_Longitude", "numberPoints":65160, "shape":6, "shapeName":"Earth spherical with radius of 6,371,229.0 m", "gridUnits":"degrees", "resolution":48, "winds":"true", "scanMode":0, "nx":360, "ny":181, "basicAngle":0, "lo1":0.0, "la1":90.0, "lo2":359.0, "la2":-90.0, "dx":1.0, "dy":1.0 }, "data":
[rows 26 to 51 of 181, columns 0 to 57 of 360]
4.4523487,4.4423485,5.332349,5.5523486,5.122349,4.4123487,3.4423487,2.3323486,2.1423485,1.6323487,0.8723486,-0.007651367,0.51234865,-0.5676514,-2.3576515,-2.0976515,-2.7776513,-0.24765137,-0.67765135,-1.3976513,-1.6376513,-1.2376513,-3.2676513,-2.9876513,-1.3376514,-0.30765137,0.022348633,0.18234864,-0.14765137,-0.26765138,-0.8976514,-1.4776514,-0.47765136,0.5623486,-0.53765136,-0.25765136,0.23234864,-0.38765135,1.4523486,0.10234863,-0.61765134,-1.3176514,-1.7276514,-1.9776514,-2.1576514,-2.4676514,-3.3176513,-2.9176514,-2.6376514,-2.4376514,-2.0876513,-2.3876514,-1.7176514,-2.2276514,-2.7976513,-2.3076513,-2.7876513,-4.4476514
4.7423487,5.582349,5.4723487,5.7123485,6.292349,4.4023485,1.5823486,-0.65765136,0.6023486,-0.16765137,0.42234862,-1.4576514,-1.6176513,-2.6776514,-1.7476513,-3.5476513,-2.8876514,-2.0676513,-2.4276514,-3.8776515,-3.8076513,-3.2676513,-2.1176515,-1.8676513,-1.3276514,-0.24765137,0.90234864,1.0723486,1.6823486,1.8323486,1.5023487,1.2123486,0.6723486,0.70234865,0.58234864,1.4223486,1.4123486,-0.37765136,-1.7676513,-0.38765135,-0.44765136,-0.78765136,-1.3076514,-1.7976514,-2.5576513,-2.9076514,-2.8476515,-2.9076514,-2.7276514,-1.8376514,-2.0376513,-2.3876514,-1.8476514,-2.9576514,-2.8476515,-2.7576513,-3.0376513,-3.0976515
4.4923487,5.4923487,6.5723486,5.9523487,8.132349,2.8123486,1.0123487,1.3423486,0.8023486,-1.0076513,-1.3376514,-3.5476513,-2.7276514,-2.8676515,0.022348633,-1.2376513,-3.0976515,-2.6476514,-6.3176513,-5.7376513,-5.1576514,-3.9076514,-2.2876513,-1.4976513,-1.6176513,-1.6676514,-0.55765134,0.27234864,1.4623486,1.4323486,1.7523487,1.8523487,1.8723487,1.3323486,0.9123486,0.6123486,0.29234862,0.7423486,-0.12765136,-1.2776513,-0.12765136,0.6023486,-0.32765138,-1.2976514,-1.5176513,-1.0976514,-0.6476514,-1.4376514,-0.9476514,-1.4176514,-1.9076514,-2.9376514,-2.1076515,-1.3976513,-1.7676513,-1.5076513,-2.2276514,-1.6076514
5.3423486,5.892349,6.5023484,6.1523485,7.7123485,2.3723485,1.1723486,0.7923486,-0.71765137,-0.037651367,-0.037651367,-0.37765136,-1.7976514,-1.8876513,-2.2476513,-1.0876514,-3.8776515,-3.3076513,-6.2476516,-6.377651,-5.7376513,-4.377651,-2.4876513,-1.7176514,-1.9176514,-0.6376514,0.21234864,1.4523486,3.5023487,3.0823486,2.3723485,2.6023486,2.1723487,1.6823486,0.6223486,0.6123486,-0.66765136,-0.7576514,-0.117651366,-0.5776514,-0.38765135,0.21234864,0.29234862,0.022348633,-0.037651367,0.07234863,-0.49765137,-1.3076514,-1.6176513,-1.3876513,-0.7676514,-1.0776514,-0.9576514,-0.5776514,-1.5576514,-2.1176515,-2.2976513,-1.8876513
6.2423487,6.3023486,6.2123485,5.6123486,5.9123487,5.102349,0.47234863,0.6223486,-1.1376513,-1.3476514,-0.8176514,-0.7676514,-1.3276514,-0.8976514,-1.6676514,-1.8976513,-1.1376513,-1.6376513,-2.0376513,-2.6776514,-4.9076514,-4.147651,-4.397651,-4.187651,-2.4376514,-1.2776513,2.0123487,4.042349,4.4723487,4.2323484,1.0223486,1.7023486,2.4723487,1.2123486,1.0623486,-0.96765137,-1.4976513,-1.3276514,-0.5176514,-0.18765137,-0.7676514,1.0123487,1.3023486,0.5623486,0.31234863,-0.46765137,-0.38765135,-1.2376513,-1.3676513,-1.5876514,-1.5576514,-0.73765135,-0.6976514,-0.47765136,-1.6776514,-2.3676515,-2.1376514,-1.5976514
6.9923487,5.7323484,5.7023487,5.4223485,5.9423485,5.9823484,1.0223486,-0.31765136,-1.4176514,-0.6976514,-2.3876514,-1.4276514,-0.16765137,0.8523486,1.3723487,-0.6276514,-1.1476513,-1.5676514,-1.7276514,-2.0376513,-2.9476514,-4.3476515,-4.6176515,-2.5576513,-1.0176513,0.26234862,0.6223486,1.0923486,2.3923485,2.2423487,2.3323486,1.6223487,1.5123487,0.88234866,-0.5076514,-0.6476514,-0.59765136,0.77234864,1.3023486,0.8123486,-0.7576514,1.2423487,1.1623486,0.6823486,0.062348634,-0.77765137,-1.0576514,-2.0076513,-1.8776513,-1.4776514,-1.0676514,-1.1776514,-1.6576514,-1.5976514,-2.0576513,-2.0176513,-1.0876514,-1.5976514
6.2223487,6.3823485,6.5023484,6.9823484,6.1623487,5.122349,2.8423486,-0.37765136,0.52234864,0.78234863,-0.92765135,-0.15765136,1.5223486,1.5823486,0.46234864,0.052348632,-0.7576514,-0.92765135,-2.1876514,-2.0176513,-2.5676513,-2.0876513,-2.3076513,-1.3776513,0.042348634,0.022348633,1.5323486,2.4323487,2.7023487,2.0023487,1.7623487,0.76234865,0.53234863,0.48234862,-0.9576514,-1.2376513,-0.99765134,-1.1276513,0.29234862,-1.0076513,-1.4176514,1.0923486,1.1623486,0.75234866,-0.16765137,-1.3376514,-1.3876513,-1.9176514,-0.9376514,-1.5876514,-2.3576515,-2.6776514,-2.8976514,-2.2476513,-1.8676513,-1.6476513,-1.6876514,-1.9176514
6.4923487,4.6123486,5.4623485,6.1123486,6.1823487,6.1823487,5.3423486,3.5623486,1.8023486,0.6623486,0.48234862,0.51234865,0.20234863,0.51234865,-0.07765137,-0.27765137,-0.7576514,-0.49765137,-1.5776514,-0.9476514,-1.3076514,-2.0276513,-0.41765136,0.022348633,0.26234862,0.71234864,1.4323486,1.1923486,1.3323486,1.1523486,-0.26765138,0.11234863,-0.36765137,-0.7076514,-1.4776514,-1.6776514,-0.79765135,-0.19765137,-2.2876513,-2.7776513,-2.0076513,-0.26765138,1.1823486,-0.15765136,-0.72765136,-1.3976513,-1.4676514,-1.9476514,-2.3276513,-2.2576513,-2.4676514,-2.1376514,-2.2076514,-1.9176514,-2.6676514,-2.4476514,-1.6576514,-2.2576513
5.0723486,5.872349,6.1823487,6.082349,5.2823486,5.082349,4.7423487,3.7123487,2.9123487,1.3223486,0.23234864,-0.057651367,-0.65765136,-0.25765136,-0.24765137,-0.6976514,-0.77765137,-1.3976513,-1.9276514,-1.9076514,-1.8076514,-1.4176514,0.062348634,-0.10765137,-0.49765137,0.18234864,0.8123486,0.042348634,-0.46765137,-0.59765136,-0.16765137,-0.5176514,-0.67765135,-1.2376513,-2.2876513,-2.1676514,-2.0076513,-2.7076514,-2.7176514,-2.5376513,-2.8976514,-0.19765137,-0.21765137,-0.71765137,-1.1176513,-2.0576513,-1.8276514,-1.8976513,-1.8176514,-2.5476513,-3.4376514,-3.2176514,-2.6376514,-2.1576514,-1.8976513,-2.5476513,-2.2776513,-1.9276514
6.4623485,6.7623487,5.6323485,4.6323485,4.1523485,4.1723485,3.3123486,2.5123487,2.1723487,0.90234864,-0.017651368,-1.4176514,-1.1076514,-1.7376513,-0.7576514,-0.6476514,-0.91765136,-1.6676514,-2.3076513,-2.8276513,-2.5576513,-2.2476513,-1.0576514,-0.5776514,-0.55765134,-0.65765136,-0.73765135,-0.8876514,-1.1276513,-1.5176513,-1.3376514,-1.7376513,-1.7176514,-2.3176513,-2.6576514,-2.1976514,-3.9276514,-2.0576513,-4.5576515,-4.4676514,-0.65765136,-0.72765136,-0.38765135,-0.45765138,-0.6976514,-0.21765137,-1.9976513,-1.2476513,-2.9376514,-1.7976514,-3.3076513,-2.9876513,-3.1276515,-3.0876513,-2.5076513,-2.6376514,-2.3776515,-1.1276513
5.1723485,5.9523487,4.2323484,3.8323486,3.6223485,3.2323487,2.6523485,1.7323487,1.1123487,-0.007651367,-0.7076514,-1.4876513,1.0023487,1.3223486,0.83234864,1.0623486,-0.36765137,-0.9476514,-1.2976514,-1.3276514,-0.8176514,-0.65765136,-1.4976513,-1.4076514,-1.5876514,-1.8076514,-1.4776514,-2.1076515,-2.3476515,-1.8676513,-2.8376513,-3.1976514,-3.2576513,-3.2076514,-2.8976514,-4.0876513,-4.8176513,-3.9076514,-5.937651,-4.687651,-5.0276513,0.77234864,0.28234863,1.5723486,0.8623486,-0.5876514,-1.6676514,-2.6876514,-3.1876514,-3.1476514,-3.7176514,-3.5376513,-3.4576514,-3.5376513,-3.8076513,-3.6476514,-3.4876513,-1.6476513
3.0123487,3.2923486,2.8723485,2.8223486,2.5023487,2.9823487,0.7323486,0.48234862,0.58234864,0.77234864,0.43234864,0.9923486,1.4823487,0.51234865,0.78234863,1.1823486,0.88234866,0.012348633,-1.1476513,-1.9076514,-2.2576513,-1.9276514,-1.6576514,-2.1276515,-2.1376514,-2.3976514,-2.4576514,-3.3576515,-3.0576513,-3.0076513,-3.3676515,-3.3776515,-3.9276514,-4.4276514,-4.1976514,-4.3476515,-5.207651,-5.4876513,-6.3676515,-4.707651,-2.8676515,-2.7176514,0.77234864,1.3523487,1.6423486,-0.5176514,-2.4376514,-2.6676514,-3.4076514,-4.9476514,-3.7476513,-3.6776514,-3.4476514,-3.8876514,-4.2376513,-4.417651,-3.0476513,-0.66765136
1.4923487,1.0823486,2.5323486,2.6223485,1.4223486,0.9123486,0.45234862,1.1323487,0.51234865,0.23234864,1.0723486,1.0623486,0.96234864,0.7923486,0.6123486,0.43234864,-0.35765135,0.53234863,-0.96765137,-1.2576513,-1.9976513,-2.4176514,-2.3676515,-2.5976515,-1.9776514,-2.5576513,-2.7076514,-3.0176513,-2.7076514,-3.1776514,-2.8276513,-4.0176516,-3.4376514,-4.4876513,-3.8076513,-3.8576515,-4.2376513,-4.8476515,-5.6976514,-5.0476513,-2.2576513,-1.0076513,-0.09765137,-0.10765137,-0.13765137,0.71234864,-0.17765136,-2.3576515,-4.417651,-4.4476514,-4.5176516,-4.877651,-4.4676514,-4.127651,-3.9876513,-4.0776515,-3.2676513,-0.46765137
0.27234864,1.0423486,2.1023486,1.5123487,1.6223487,1.3223486,1.2223487,1.1623486,-0.037651367,-1.1676514,-0.6476514,-0.55765134,-0.48765138,0.022348633,0.23234864,-0.9476514,0.50234866,0.5523486,-1.3976513,-1.9176514,-1.9676514,-1.4376514,-2.2376513,-2.0876513,-1.1576514,-2.1076515,-2.5976515,-2.4276514,-3.5776513,-3.8876514,-3.6376514,-4.4676514,-4.7776513,-5.0176516,-4.127651,-2.2976513,-3.7276514,-4.2676516,-4.5976515,-4.127651,-4.0276513,-3.5476513,-2.0076513,-2.5576513,-1.4276514,0.34234864,-0.77765137,-2.1376514,-3.6176515,-4.4276514,-4.9076514,-5.0276513,-4.4976516,-3.9776514,-3.6776514,-5.1376514,-5.107651,-3.9876513
2.1523485,3.5723486,1.6223487,1.4123486,2.0223486,1.0223486,-0.35765135,-0.77765137,-1.2276514,-0.49765137,-1.4076514,-0.90765136,-0.5876514,-1.3276514,-0.96765137,-0.057651367,-0.36765137,-0.86765134,-3.1276515,-0.96765137,-0.71765137,-1.4776514,-1.0876514,-0.6476514,-1.1676514,-1.6376513,-2.7176514,-3.4376514,-3.0676513,-3.9776514,-4.4476514,-5.687651,-5.8376513,-5.127651,-3.6776514,-4.5776515,-4.9076514,-3.9476514,-5.1376514,-5.2176514,-4.707651,-4.1976514,-3.3076513,-1.3676513,-1.8476514,-1.0876514,-2.4876513,-3.8176513,-3.9476514,-3.4476514,-4.107651,-4.167651,-4.397651,-4.3076515,-4.8476515,-5.107651,-5.1376514,-4.2876515
2.0323486,2.1423485,0.7923486,1.1823486,0.10234863,-0.017651368,-0.36765137,-0.5676514,-1.8776513,0.24234863,0.32234862,0.82234865,0.0023486328,0.21234864,0.44234863,1.2123486,-1.6276513,-3.4976513,-1.1976514,-1.3976513,-0.07765137,-1.4476514,-2.1776514,-1.4976513,-1.0076513,-0.96765137,-1.9176514,-2.9176514,-4.3076515,-5.5176516,-5.4776516,-6.1776514,-6.107651,-5.8276515,-4.5976515,-3.5376513,-5.7676516,-5.9776516,-5.3376513,-4.9776516,-3.8776515,-2.8976514,-1.7276514,-0.77765137,-2.3776515,-2.8176513,-3.6576514,-4.2476516,-4.6176515,-2.7176514,-1.7376513,-2.9076514,-1.7076514,-2.8076513,-4.9876513,-5.0176516,-5.3876514,-3.6576514
0.8123486,1.5723486,1.0823486,1.7823486,0.69234866,0.77234864,0.40234864,0.72234863,0.57234865,0.13234863,0.32234862,0.40234864,0.12234864,0.35234863,-0.5776514,-0.54765135,-0.84765136,-2.3876514,0.12234864,-0.27765137,-2.2976513,-5.667651,-4.877651,-1.1176513,-0.30765137,-0.53765136,-2.1976514,-3.5976515,-4.5876513,-5.627651,-6.4076514,-6.2376513,-6.5776515,-5.4276514,-7.0976515,-6.897651,-5.5876513,-5.5376515,-3.2576513,-3.5076513,-3.8076513,-3.3476515,-3.3276513,-1.2676513,-2.5276513,-0.13765137,-1.1676514,-2.2776513,-3.5876513,-1.8676513,-2.4676514,-3.7376513,-0.9376514,-1.1076514,-4.0576515,-5.647651,-5.4676514,-2.9576514
0.53234863,1.0723486,0.8623486,1.4423486,0.42234862,-0.39765137,0.8523486,0.94234866,0.82234865,0.062348634,-0.37765136,0.21234864,0.70234865,1.0123487,0.44234863,0.17234863,-1.3776513,-2.4576514,-1.6576514,-2.4576514,-3.7376513,-5.0376515,-3.8476515,-0.10765137,0.6023486,0.37234864,-0.60765135,-4.2576513,-5.2976513,-6.5876513,-6.937651,-7.4776516,-6.8276515,-6.8476515,-6.5676513,-6.3076515,-4.1576514,-0.8776514,-0.61765134,-1.8776513,-2.1276515,0.26234862,-1.0976514,-2.2476513,-1.5576514,-1.0676514,-0.49765137,-1.6976514,-1.5676514,-2.1376514,-3.3476515,-1.7376513,-3.7276514,-3.4976513,-4.0476513,-3.6576514,-2.4076514,-0.41765136
0.9823486,0.9223486,0.8723486,0.89234865,1.6023487,1.1323487,-0.8976514,1.6123487,-0.15765136,-1.3976513,-0.74765134,-1.2176514,-1.5676514,-2.2376513,-1.1176513,-1.0176513,-1.9576514,-1.8476514,-0.61765134,-2.1476514,-3.8476515,-3.8576515,-0.09765137,0.90234864,-0.12765136,0.53234863,-1.7076514,-4.9276514,-7.7376513,-8.577651,-8.8076515,-10.587651,-7.8076515,-3.4376514,-3.2876513,-4.7576513,-2.3176513,-0.78765136,-2.0976515,0.22234863,0.76234865,-0.16765137,0.17234863,-0.71765137,-1.2576513,-2.3576515,-1.5376514,-3.2376513,-3.3376513,0.51234865,-3.6476514,-4.9076514,-3.7276514,1.9323486,1.1723486,-0.30765137,-0.39765137,-1.3176514
0.08234863,0.51234865,0.6723486,0.64234865,1.3023486,-0.9376514,-0.22765137,0.38234863,-0.38765135,-0.17765136,0.14234863,-0.5076514,-2.1476514,-4.6776514,-2.9076514,-1.3376514,-0.97765136,-0.45765138,-0.6876514,-1.0576514,-3.1776514,1.0923486,0.21234864,0.95234865,1.5723486,0.9923486,0.64234865,-7.8276515,-7.8376513,-8.197651,-10.937652,-11.507651,-9.237652,-1.9676514,-1.9776514,-2.8976514,-2.3776515,-2.9676514,-0.7076514,-0.7576514,-0.5676514,0.69234866,0.33234864,0.42234862,0.10234863,-0.96765137,-0.96765137,0.28234863,0.83234864,-0.44765136,-1.6976514,-2.1176515,-1.4276514,2.5723486,0.72234863,-1.9576514,-1.9576514,-2.2276514
1.4723487,1.3223486,-0.12765136,-1.3076514,-1.5576514,-1.2176514,-1.9076514,-1.3276514,-0.7576514,0.47234863,0.19234863,-1.7876514,-0.22765137,-3.1876514,-5.9676514,-1.0876514,-2.2076514,-1.0976514,0.26234862,-0.14765137,-0.8776514,0.052348632,-0.10765137,1.3623487,3.3723485,0.88234866,-3.4176514,-5.5076513,-6.7176514,-10.297651,-11.247651,-10.497651,-7.6976514,-3.6776514,-1.0476514,-4.607651,-5.8276515,-4.187651,-0.36765137,3.3023486,-1.5476514,-0.32765138,1.4723487,2.2823486,2.3223486,0.31234863,0.63234866,1.6523486,1.4523486,-0.07765137,-1.4376514,-0.59765136,-0.41765136,1.0023487,-1.5776514,-2.6976514,-4.6576514,-4.397651
2.0423486,-0.40765136,-0.85765135,-2.5676513,-1.4376514,-1.9276514,-1.4876513,-1.8476514,3.3323486,1.2423487,-4.5576515,-1.1876514,-0.92765135,-0.99765134,-0.99765134,-3.6676514,-3.9376514,0.47234863,-0.9476514,-1.3476514,-0.23765136,-1.9076514,-0.33765137,-0.5776514,-1.1776514,-0.8176514,-1.9176514,-3.2076514,-4.0276513,-9.757651,-9.367651,-7.9476514,-5.6376514,-2.4876513,0.76234865,-2.3476515,-4.0576515,-1.7276514,0.28234863,2.5223486,2.0923486,1.5623486,1.0823486,-0.53765136,-1.4376514,-1.3676513,-1.8376514,-1.3876513,-0.21765137,-2.1676514,-4.0376515,-2.0476513,-1.2776513,-0.5076514,-1.7376513,-3.2576513,-4.2876515,-5.377651
0.27234864,-0.59765136,-0.99765134,-0.12765136,3.1823487,0.9323486,-2.0176513,-0.55765134,-0.7576514,-0.17765136,-1.5576514,-5.8176513,0.33234864,-0.13765137,0.08234863,-0.8976514,0.77234864,-4.0576515,-4.667651,-0.23765136,-2.2576513,-0.48765138,-0.7576514,-1.6176513,-0.79765135,-1.7676513,-3.0876513,-5.8376513,-5.417651,-6.107651,-3.6576514,0.6623486,3.7423487,-0.73765135,-1.5076513,-2.9176514,-7.0976515,-5.0676513,3.7423487,2.2123487,0.49234864,2.2923486,-0.5676514,-1.9976513,1.5723486,1.4323486,1.2123486,-1.9176514,-2.2076514,-3.2376513,-6.357651,-3.1776514,-2.7276514,-0.8776514,-1.8276514,-1.9676514,-3.7376513,-3.8876514
-0.047651365,0.72234863,-0.047651365,-0.09765137,1.8723487,0.52234864,-0.85765135,-2.6576514,-1.9176514,0.9223486,-2.0076513,-2.1776514,-2.4576514,-1.9076514,-1.1276513,-0.78765136,-2.8476515,-3.4776514,-6.167651,-5.7576513,-0.017651368,-1.0676514,1.3423486,-1.2676513,-0.52765137,-4.5976515,-6.7176514,-4.687651,-4.6576514,-1.5276513,-1.7176514,-1.2576513,-0.28765136,-1.9376514,-3.7476513,-2.3076513,-2.1476514,-0.98765135,-0.31765136,0.41234863,1.9023486,-1.5776514,-1.7876514,-0.86765134,-1.9676514,-1.8076514,-1.5276513,2.0623486,2.0323486,-3.1876514,-4.7276516,-3.1276515,-3.1776514,-1.0976514,-1.3176514,-0.7076514,-1.5276513,-2.4476514
0.7423486,3.2923486,1.9923487,-0.9576514,-1.3276514,-0.7676514,-1.6676514,-3.4976513,-3.9776514,-0.43765137,-0.13765137,-3.0676513,-2.9776514,-3.9476514,-3.4776514,-1.0176513,-0.23765136,-2.0176513,-6.457651,-9.107652,-1.1276513,-0.67765135,-1.6076514,-6.357651,-4.2776513,-5.607651,-8.297651,-4.3376513,-4.167651,-0.97765136,-2.2676513,-2.2176514,-2.2776513,-4.4476514,-4.8476515,-4.8476515,-3.5476513,-4.9676514,-4.127651,-2.4076514,-2.6576514,0.7323486,-0.23765136,-3.1776514,-1.3876513,-1.8976513,-0.26765138,2.0323486,1.2823486,-1.0776514,-4.0876513,-5.107651,-4.9276514,-1.5376514,1.7823486,0.65234864,1.0823486,-1.5676514
-0.19765137,2.7723486,0.65234864,-1.7276514,-1.4076514,-0.54765135,-1.9176514,-4.0376515,-4.8376513,-2.5976515,-0.92765135,-2.0576513,-3.4276514,-2.3676515,-2.2276514,-1.4076514,0.08234863,-2.0976515,-9.237652,-9.207651,-4.187651,0.08234863,-2.4476514,-1.4276514,-9.327651,-12.387651,-6.9076514,-5.5076513,-3.4376514,-3.3676515,-2.7976513,-4.0276513,-3.8776515,-5.7476516,-3.8176513,-5.707651,-4.667651,-7.5976515,-3.0876513,0.78234863,-3.3976514,-1.2676513,-3.7076514,0.10234863,-0.59765136,-2.9776514,1.6223487,-2.7876513,-2.7476513,0.17234863,-4.0176516,-4.8176513,-6.207651,-3.4376514,4.812349,3.1223485,2.2123487,-2.2276514
