json/gfs_20240724_18.json
{"header": { "discipline":0, "disciplineName":"Meteorological products", "gribEdition":2, "gribLength":79634, "center":7, "centerName":"US National Weather Service - NCEP(WMC)", "subcenter":0, "refTime":"2024-07-24T18:00:00.000Z", "significanceOfRT":1, "significanceOfRTName":"Start of forecast", "productStatus":0, "productStatusName":"Operational products", "productType":1, "productTypeName":"Forecast products", "productDefinitionTemplate":0, "productDefinitionTemplateName":"Analysis/forecast at horizontal level/layer at a point in time", "parameterCategory":2, "parameterCategoryName":"Momentum", "parameterNumber":2, "parameterNumberName":"U-component_of_wind", "parameterUnit":"m.s-1", "genProcessType":2, "genProcessTypeName":"Forecast", "forecastTime":0, "surface1Type":103, "surface1TypeName":"Specified height level above ground", "surface1Value":10.0, "surface2Type":255, "surface2TypeName":"Missing", "surface2Value":0.0, "gridDefinitionTemplate":0, "gridDefinitionTemplateName":"Latitude_Longitude", "numberPoints":65160, "shape":6, "shapeName":"Earth spherical with radius of 6,371,229.0 m", "gridUnits":"degrees", "resolution":48, "winds":"true", "scanMode":0, "nx":360, "ny":181, "basicAngle":0, "lo1":0.0, "la1":90.0, "lo2":359.0, "la2":-90.0, "dx":1.0, "dy":1.0 }, "data":
[rows 104 to 129 of 181, columns 0 to 58 of 360]
-6.328335,-5.848335,-6.008335,-5.458335,-4.978335,-4.088335,-2.928335,-2.238335,-1.5983349,-1.558335,-0.038334962,1.941665,1.981665,2.291665,-2.188335,-1.358335,-1.858335,-1.5683349,-1.2283349,-1.408335,-1.808335,-2.128335,0.39166504,0.14166504,-1.7283349,-2.428335,-1.938335,-1.388335,-2.2683349,-2.138335,1.881665,-1.408335,-1.9783349,0.011665039,-0.78833497,1.571665,-0.18833496,-0.19833496,0.591665,-1.2083349,-1.608335,-4.6383348,-2.088335,-0.84833497,0.31166503,2.041665,4.041665,4.451665,-0.69833493,-1.428335,1.241665,-5.3883348,-5.218335,-5.568335,-6.398335,-7.458335,-8.818335,-8.168335,-8.868335
-6.758335,-6.538335,-6.178335,-5.998335,-5.568335,-4.928335,-3.478335,-2.5283349,-2.678335,-1.438335,-0.29833496,1.061665,1.241665,0.89166504,-1.148335,-0.99833494,-1.5883349,-1.9483349,-1.898335,-1.648335,-2.058335,-1.488335,0.04166504,-0.04833496,-1.868335,-2.298335,-1.788335,-1.0983349,-2.228335,0.541665,1.621665,-1.4483349,-0.578335,-1.008335,-0.48833495,1.221665,-0.27833498,-0.67833495,-1.048335,-1.378335,-1.0883349,-3.238335,-0.768335,-0.04833496,2.141665,4.3416653,3.451665,0.21166503,-0.648335,-1.9683349,0.28166503,-4.098335,-4.498335,-5.9083347,-6.858335,-7.678335,-7.338335,-5.878335,-5.378335
-6.788335,-5.968335,-5.838335,-6.038335,-5.778335,-5.578335,-4.448335,-3.628335,-2.658335,-2.0383348,-1.668335,0.14166504,2.371665,3.301665,-3.568335,-0.45833495,-2.728335,-2.308335,-1.938335,-2.338335,-2.118335,-2.138335,-0.79833496,0.31166503,-2.2583349,-2.878335,0.64166504,-1.898335,-1.4483349,-0.038334962,-0.28833497,-0.718335,-0.18833496,-1.178335,-1.938335,-1.8483349,0.89166504,0.601665,-1.238335,-1.4483349,-1.248335,-0.98833495,0.661665,1.8016651,4.571665,4.921665,2.191665,-0.20833497,-2.948335,-2.238335,-3.428335,-3.148335,-4.278335,-6.418335,-6.358335,-7.858335,-7.028335,-5.648335,-3.998335
-6.508335,-6.328335,-5.758335,-5.868335,-5.8883348,-5.738335,-4.728335,-3.928335,-2.698335,-2.168335,-1.9783349,-1.238335,0.12166504,-1.268335,-3.368335,-0.43833497,-1.2183349,-1.8483349,-1.5783349,-2.148335,-1.688335,-1.3383349,-0.39833495,-1.998335,-2.698335,0.42166504,-2.828335,-1.8183349,-0.33833495,-0.008334961,-0.578335,2.251665,-0.40833497,-0.60833496,-0.36833495,-1.628335,-1.808335,-1.5983349,-1.8283349,-2.298335,-0.43833497,0.39166504,1.441665,3.521665,4.561665,1.1516651,3.541665,-1.9783349,-2.7583349,-0.17833497,-3.0383348,-3.418335,-4.308335,-6.708335,-7.438335,-7.418335,-6.668335,-6.568335,-7.268335
-6.198335,-6.208335,-5.698335,-5.3883348,-5.628335,-5.418335,-4.538335,-4.688335,-3.848335,-3.338335,-2.7783349,-2.998335,-1.878335,-1.908335,-3.708335,-2.988335,1.761665,-0.708335,-1.8183349,-1.538335,-0.908335,-1.688335,-1.648335,-1.488335,0.17166504,-1.7183349,-0.48833495,-1.638335,0.861665,1.0416651,1.5216651,-1.488335,0.09166504,1.311665,-1.5883349,-1.858335,-2.418335,-2.648335,-2.868335,-0.97833496,0.731665,1.321665,2.421665,4.421665,2.281665,0.47166502,0.96166503,-2.2783349,-1.3283349,0.33166504,-3.398335,-3.558335,-3.7683349,-6.788335,-7.548335,-7.228335,-8.1483345,-7.038335,-7.988335
-5.738335,-6.038335,-5.828335,-5.198335,-4.588335,-5.028335,-4.828335,-4.778335,-4.1383348,-3.578335,-3.078335,-3.168335,-3.628335,-0.92833495,-1.018335,-3.408335,0.861665,2.281665,-2.2783349,-1.378335,-1.868335,-0.59833497,-0.06833496,-0.658335,0.77166504,-0.10833496,-1.278335,0.921665,-0.43833497,0.90166503,-0.768335,-1.418335,-0.61833495,1.071665,0.24166504,-1.388335,-5.718335,-3.728335,-1.008335,0.13166504,0.65166503,1.361665,1.981665,4.421665,5.981665,1.511665,1.601665,-2.708335,-0.968335,1.011665,-5.028335,-3.618335,-4.438335,-6.268335,-7.808335,-7.308335,-6.818335,-7.788335,-6.9083347
-4.968335,-5.098335,-5.1583347,-5.258335,-5.068335,-4.528335,-4.428335,-4.468335,-4.378335,-4.308335,-2.958335,-3.2583349,-3.308335,-2.688335,1.101665,0.49166504,1.621665,2.4616652,-1.358335,1.341665,0.09166504,-1.798335,0.58166504,1.061665,-0.48833495,-3.088335,-0.49833497,1.471665,-0.42833495,1.1816651,0.40166503,-0.61833495,1.461665,1.561665,-2.198335,-5.258335,-4.188335,-1.988335,-0.18833496,0.99166507,0.75166506,1.461665,2.201665,4.191665,6.781665,1.2816651,0.44166505,-1.4683349,-0.53833497,-3.218335,-4.548335,-4.218335,-4.648335,-5.798335,-7.768335,-7.428335,-7.398335,-6.378335,-6.948335
-3.5383348,-3.858335,-4.218335,-4.678335,-4.518335,-4.518335,-4.278335,-4.548335,-4.238335,-4.118335,-4.238335,-3.548335,-3.338335,-3.128335,2.631665,-1.108335,3.151665,3.4716651,-1.0683349,1.5216651,-0.12833495,-0.40833497,1.861665,0.721665,1.1616651,-1.298335,2.861665,3.401665,0.83166504,0.36166504,0.48166505,-0.25833496,-3.2783349,-0.69833493,-2.2583349,-2.078335,-1.498335,-0.06833496,0.63166505,1.1716651,1.141665,1.5316651,2.061665,4.381665,1.6616651,1.201665,0.50166506,-1.878335,0.0016650391,-3.408335,-4.858335,-4.048335,-5.318335,-5.718335,-3.888335,-0.74833494,-4.468335,-6.978335,-7.198335
-0.81833494,-2.098335,-2.638335,-3.308335,-3.928335,-3.948335,-3.7783349,-4.228335,-4.348335,-4.378335,-4.238335,-3.248335,-2.5083349,-2.338335,-2.158335,-1.808335,1.361665,1.981665,3.701665,0.841665,-2.218335,0.13166504,0.601665,0.791665,1.2716651,0.75166506,1.611665,2.781665,1.001665,0.0016650391,-0.97833496,1.951665,0.791665,-1.508335,-1.428335,-0.62833494,-0.34833497,1.0216651,1.7816651,1.4216651,1.241665,1.721665,1.971665,2.151665,0.93166506,3.651665,-0.61833495,-1.1983349,0.41166505,-4.268335,-4.878335,-4.728335,-5.258335,-6.398335,-6.358335,-7.198335,-6.328335,-6.4083347,-6.828335
1.571665,0.32166505,-0.19833496,-1.2083349,-3.158335,-3.098335,-2.878335,-3.298335,-4.128335,-4.4083347,-4.068335,-3.898335,-2.498335,-1.8383349,-0.36833495,0.63166505,1.1516651,2.621665,-0.73833495,-3.858335,-2.688335,-1.3283349,0.28166503,0.44166505,0.49166504,0.71166503,2.771665,3.811665,0.611665,2.871665,0.87166506,2.361665,1.241665,-1.498335,-0.59833497,-0.838335,-0.02833496,1.311665,2.361665,2.201665,1.2816651,0.83166504,1.1816651,0.31166503,1.101665,1.691665,-2.138335,-0.15833496,-3.708335,-4.448335,-5.008335,-5.568335,-6.228335,-5.728335,-6.048335,-6.528335,-6.268335,-5.998335,-5.988335
1.891665,2.001665,1.611665,1.701665,0.30166504,-1.5983349,-1.798335,-2.128335,-2.618335,-3.408335,-3.728335,-3.118335,-2.168335,-2.118335,-1.608335,-0.10833496,0.971665,-0.17833497,-1.2183349,-3.5383348,-3.0083349,-0.86833495,0.721665,0.16166504,1.331665,1.2716651,3.2216651,0.981665,0.23166505,0.19166504,1.9016651,2.4616652,0.99166507,-1.018335,-1.038335,-0.718335,0.12166504,0.89166504,2.2216651,2.441665,1.6516651,0.10166504,-0.42833495,0.08166504,-0.16833496,1.961665,-1.008335,-0.21833496,-4.148335,-4.828335,-5.578335,-5.528335,-5.818335,-5.618335,-6.008335,-5.438335,-5.778335,-5.798335,-5.348335
1.461665,0.35166505,0.76166505,0.861665,-0.41833496,-0.40833497,-0.768335,-0.72833496,-1.418335,-1.8283349,-2.328335,-1.858335,-2.0283349,-2.0183349,-1.378335,-1.4483349,0.04166504,1.601665,-2.878335,-2.968335,-2.888335,-0.17833497,1.211665,1.4216651,1.981665,2.631665,2.011665,2.381665,1.491665,3.401665,-0.47833496,1.9116651,-4.248335,-4.208335,-1.238335,-2.688335,1.0316651,-0.21833496,1.871665,2.581665,1.231665,0.81166506,-0.43833497,-0.768335,-2.368335,-1.248335,-2.378335,-1.628335,-5.348335,-5.608335,-5.8883348,-6.058335,-5.228335,-5.568335,-6.918335,-6.808335,-6.518335,-5.838335,-5.4083347
2.691665,2.071665,1.7916651,1.1616651,-0.37833497,-0.908335,-0.30833495,-0.22833496,-0.69833493,0.37166503,-1.3283349,-1.0983349,-1.9783349,-2.558335,-2.298335,-1.018335,0.03166504,-1.378335,-2.978335,-2.608335,-2.378335,0.23166505,1.751665,2.261665,2.7316651,1.5216651,0.03166504,1.451665,0.591665,0.75166506,0.69166505,-1.858335,-2.208335,-3.248335,-1.538335,3.121665,1.821665,1.201665,2.251665,3.2416651,1.961665,0.36166504,-1.5683349,-3.058335,-5.448335,-9.198335,-10.778335,-6.978335,-6.198335,-6.548335,-6.558335,-6.478335,-6.958335,-6.6383348,-5.728335,-5.148335,-4.698335,-4.348335,-3.858335
3.641665,2.901665,1.6716651,1.591665,-0.06833496,-0.75833493,-2.058335,-1.538335,-1.9483349,-1.498335,-1.308335,-0.97833496,-0.66833496,-2.918335,-2.908335,-2.7683349,-2.968335,0.14166504,-0.768335,1.1516651,-2.568335,0.851665,1.511665,1.571665,2.321665,-2.5283349,0.25166503,1.4316651,2.681665,1.981665,1.9016651,-1.658335,-0.62833494,-0.29833496,0.051665038,2.791665,9.161665,6.681665,4.671665,3.181665,1.261665,-0.34833497,-1.7283349,-3.988335,-6.358335,-7.438335,-5.968335,-6.3883348,-6.478335,-6.828335,-6.348335,-5.3883348,-4.858335,-4.568335,-3.828335,-3.448335,-2.618335,-1.638335,-1.3283349
4.241665,3.301665,2.431665,2.691665,1.501665,0.77166504,-0.46833497,-1.1983349,-0.97833496,-1.428335,-2.098335,-2.138335,-1.5983349,-1.788335,-2.748335,-3.968335,-2.798335,1.611665,-0.29833496,-2.668335,-1.9583349,-0.42833495,1.721665,1.241665,1.581665,0.04166504,0.731665,1.841665,1.9016651,2.631665,-1.758335,-2.938335,0.81166506,1.761665,0.541665,2.401665,5.981665,9.611665,7.381665,4.481665,1.451665,-0.67833495,-1.788335,-3.738335,-6.448335,-7.328335,-7.088335,-6.118335,-4.368335,-4.358335,-4.078335,-3.938335,-3.638335,-3.358335,-2.948335,-1.668335,-0.32833496,0.841665,1.691665
5.621665,4.241665,3.621665,3.181665,2.4616652,2.511665,1.391665,-0.41833496,-0.968335,-1.408335,-1.8183349,-1.738335,-1.2183349,-0.898335,-1.058335,-3.108335,-2.888335,-1.788335,-0.588335,-0.81833494,2.031665,1.331665,1.6816651,2.641665,0.19166504,1.561665,2.4816651,2.041665,1.2716651,0.88166505,-1.5783349,0.48166505,1.501665,0.76166505,0.88166505,-0.38833496,-6.238335,-2.428335,8.221665,0.08166504,-1.3483349,-1.888335,-2.108335,-3.808335,-3.7783349,-4.538335,-4.108335,-3.0183349,-2.078335,-1.9583349,-2.668335,-1.918335,-1.058335,-2.0383348,-1.0683349,0.841665,2.671665,3.351665,3.601665
6.3416653,6.311665,4.631665,3.501665,3.171665,3.191665,2.761665,0.14166504,-0.10833496,-0.97833496,-0.42833495,-1.378335,-0.98833495,-0.97833496,0.32166505,-1.7083349,-2.858335,-1.9483349,-0.24833496,-3.188335,0.63166505,0.62166506,2.331665,3.391665,2.311665,1.821665,1.4316651,0.44166505,0.99166507,0.03166504,0.28166503,3.771665,3.311665,2.4716651,1.441665,1.101665,-3.078335,-3.808335,-7.798335,-5.698335,0.90166503,3.521665,-0.23833495,-1.998335,-0.838335,-0.44833496,-0.55833495,1.1616651,0.38166505,0.41166505,0.81166506,1.381665,-0.36833495,-1.038335,0.731665,3.501665,3.691665,2.351665,3.161665
7.221665,6.191665,5.141665,3.9616652,3.771665,3.381665,2.081665,-0.14833497,-0.04833496,0.03166504,-0.94833493,-1.3283349,-0.98833495,-3.418335,-3.0283349,-2.058335,-2.488335,-2.238335,-2.2683349,0.781665,2.911665,1.121665,0.32166505,-2.898335,0.30166504,-1.668335,-0.50833493,-0.118334964,1.4216651,-0.78833497,3.091665,5.561665,5.891665,4.5916653,3.2216651,2.4616652,1.131665,0.49166504,-1.428335,-2.428335,3.311665,0.52166504,-2.958335,-5.028335,-4.938335,-5.6583347,-3.228335,0.95166504,-0.05833496,-0.94833493,-4.1383348,-2.158335,-0.22833496,0.70166504,0.69166505,0.55166507,1.611665,3.2116652,4.241665
9.651665,6.281665,5.051665,4.661665,4.321665,3.641665,2.201665,1.331665,1.261665,0.911665,-0.67833495,-1.4683349,-1.548335,-3.668335,-3.178335,-1.2283349,-2.048335,-1.8283349,-1.278335,-1.648335,-1.128335,1.5516651,-1.9483349,0.26166505,-1.188335,1.691665,0.23166505,0.80166507,1.7916651,5.621665,6.101665,6.711665,8.531665,8.461665,5.3616652,3.791665,-0.12833495,-2.428335,-1.4583349,-2.068335,1.311665,-5.178335,-5.738335,-4.698335,-3.298335,-2.7783349,-4.188335,-3.798335,-2.238335,-0.45833495,-0.61833495,-0.05833496,1.6816651,2.281665,2.351665,3.381665,4.951665,5.631665,5.491665
10.041665,7.441665,5.081665,4.821665,4.151665,4.891665,3.861665,3.571665,3.111665,2.081665,-1.008335,-1.368335,-1.628335,-2.858335,-3.558335,-6.418335,-5.878335,-0.578335,-1.128335,-0.74833494,-0.20833497,-1.0783349,-3.158335,-1.158335,0.011665039,-1.248335,2.311665,2.021665,8.161665,5.391665,7.011665,7.891665,8.151665,7.871665,7.141665,5.781665,0.731665,-2.5283349,-3.098335,-2.958335,-3.5383348,-4.398335,-4.278335,-2.678335,-1.4483349,-2.148335,-3.318335,-2.7883348,-2.328335,0.10166504,1.131665,1.561665,2.2216651,3.781665,3.2116652,4.701665,5.891665,4.371665,5.701665
10.861665,8.951665,5.661665,4.631665,4.551665,4.541665,4.8616652,4.271665,2.871665,3.341665,0.09166504,-0.81833494,-0.768335,-1.3383349,-3.0383348,-4.438335,-5.898335,-6.678335,-2.978335,-1.5683349,-0.69833493,-0.42833495,0.28166503,0.911665,3.581665,-1.7283349,0.76166505,2.4816651,4.301665,5.781665,5.211665,8.021665,5.371665,5.061665,6.581665,6.651665,4.311665,-2.248335,-1.4683349,-0.30833495,-2.488335,-1.8383349,-1.018335,-0.29833496,0.20166504,-0.15833496,-2.5383348,-0.638335,-0.15833496,2.891665,0.64166504,3.011665,3.941665,2.581665,1.241665,1.391665,1.561665,2.331665,3.861665
10.871665,10.491665,8.571665,5.051665,4.781665,4.531665,3.9816651,4.151665,2.621665,3.111665,2.9616652,0.14166504,0.89166504,-0.75833493,-1.768335,-2.808335,-4.048335,-3.838335,-2.188335,-1.988335,1.501665,4.3616652,4.471665,-0.73833495,-3.368335,-2.238335,0.80166507,1.081665,3.861665,3.291665,6.041665,6.851665,8.141665,6.301665,6.131665,6.471665,5.331665,2.661665,0.971665,0.26166505,0.28166503,0.29166505,-0.07833496,0.051665038,0.06166504,-0.37833497,-1.4483349,-0.53833497,0.0016650391,1.091665,0.971665,-0.14833497,1.0416651,2.411665,3.791665,4.821665,4.701665,4.411665,5.101665
12.3516655,10.801665,9.461665,5.761665,5.471665,4.891665,4.041665,4.071665,3.701665,4.371665,3.531665,1.5216651,1.721665,1.191665,1.0216651,0.18166503,-1.738335,-2.2683349,-1.4583349,-0.47833496,1.441665,-1.138335,-2.0283349,-3.918335,-4.038335,-1.988335,-0.94833493,0.04166504,2.111665,1.861665,3.171665,2.911665,2.581665,3.761665,5.401665,5.201665,2.011665,2.9716651,2.201665,0.89166504,1.611665,1.501665,-0.968335,-1.048335,-0.658335,-0.34833497,0.57166505,1.261665,-0.06833496,-0.27833498,1.761665,3.7216651,4.051665,5.3616652,5.8416653,4.401665,5.8616652,6.271665,6.911665
12.311665,12.451665,10.991665,8.041665,5.881665,5.501665,5.001665,4.221665,4.131665,5.471665,4.8616652,3.2316651,3.621665,3.341665,1.761665,1.121665,-0.06833496,-1.168335,0.051665038,0.49166504,-0.47833496,-1.908335,-0.48833495,-4.598335,-3.618335,-2.078335,-1.248335,-0.17833497,0.52166504,0.15166503,1.0316651,0.90166503,-0.91833496,-1.148335,-1.438335,1.561665,1.4316651,3.9816651,1.961665,0.531665,0.80166507,-0.19833496,-2.088335,-1.508335,0.17166504,1.1816651,2.531665,3.131665,1.501665,3.131665,3.921665,4.581665,4.931665,5.651665,6.961665,7.831665,7.941665,8.991665,8.341665
10.251665,13.611665,10.751665,7.801665,6.131665,5.541665,5.511665,5.231665,4.871665,4.631665,5.871665,4.211665,3.421665,3.611665,2.591665,1.7716651,0.021665039,0.22166504,0.94166505,0.55166507,0.27166504,-3.148335,-3.318335,-3.568335,-1.538335,0.07166504,-0.658335,-0.10833496,0.16166504,-0.46833497,-0.768335,-1.028335,-1.1983349,-1.168335,0.24166504,1.881665,4.761665,-0.35833496,0.49166504,0.46166503,1.321665,-1.2083349,-1.638335,0.89166504,0.921665,1.621665,0.07166504,1.871665,2.911665,5.641665,4.961665,6.001665,6.191665,7.161665,8.271665,8.921665,10.001665,9.121665,10.231665
10.031665,9.181665,11.751665,9.541665,7.231665,6.891665,5.711665,5.371665,4.831665,4.821665,5.121665,4.711665,3.201665,4.421665,3.411665,2.521665,1.841665,1.611665,2.001665,1.991665,1.611665,-1.168335,-2.238335,-1.8383349,-1.3283349,0.08166504,0.12166504,0.64166504,0.0016650391,0.051665038,-1.238335,-1.308335,-1.558335,-0.48833495,-2.148335,-1.3383349,1.461665,2.581665,-1.168335,-0.50833493,0.17166504,-1.058335,-0.32833496,-0.29833496,-2.178335,-1.988335,1.841665,4.101665,5.031665,5.671665,4.6116652,6.0916653,8.381665,9.241665,10.271665,10.931665,11.151665,11.891665,12.011665
