json/gfs_20240722_00.json
{"header": { "discipline":0, "disciplineName":"Meteorological products", "gribEdition":2, "gribLength":79379, "center":7, "centerName":"US National Weather Service - NCEP(WMC)", "subcenter":0, "refTime":"2024-07-22T00:00:00.000Z", "significanceOfRT":1, "significanceOfRTName":"Start of forecast", "productStatus":0, "productStatusName":"Operational products", "productType":1, "productTypeName":"Forecast products", "productDefinitionTemplate":0, "productDefinitionTemplateName":"Analysis/forecast at horizontal level/layer at a point in time", "parameterCategory":2, "parameterCategoryName":"Momentum", "parameterNumber":3, "parameterNumberName":"V-component_of_wind", "parameterUnit":"m.s-1", "genProcessType":2, "genProcessTypeName":"Forecast", "forecastTime":0, "surface1Type":103, "surface1TypeName":"Specified height level above ground", "surface1Value":10.0, "surface2Type":255, "surface2TypeName":"Missing", "surface2Value":0.0, "gridDefinitionTemplate":0, "gridDefinitionTemplateName":"Latitude_Longitude", "numberPoints":65160, "shape":6, "shapeName":"Earth spherical with radius of 6,371,229.0 m", "gridUnits":"degrees", "resolution":48, "winds":"true", "scanMode":0, "nx":360, "ny":181, "basicAngle":0, "lo1":0.0, "la1":90.0, "lo2":359.0, "la2":-90.0, "dx":1.0, "dy":1.0 }, "data":
[rows 0 to 25 of 181, columns 295 to 353 of 360]
4.8002295,4.7102294,4.6202297,4.5302296,4.4402294,4.3402295,4.2502294,4.1502295,4.0502295,3.9502294,3.8502295,3.7502296,3.6502295,3.5402296,3.4402294,3.3302295,3.2302294,3.1202295,3.0102296,2.9002295,2.7902296,2.6802294,2.5602295,2.4502294,2.3402295,2.2202294,2.1102295,1.9902295,1.8702295,1.7602295,1.6402295,1.5202295,1.4002295,1.2802294,1.1602294,1.0402294,0.9202295,0.8002295,0.6802295,0.5602295,0.4402295,0.3202295,0.2002295,0.07022949,-0.049770508,-0.16977051,-0.2897705,-0.40977052,-0.5297705,-0.6497705,-0.7697705,-0.8897705,-1.0097705,-1.1297705,-1.2497705,-1.3697705,-1.4897705,-1.6097705,-1.7297705
4.5002294,4.4402294,4.3702297,4.3002295,4.2302294,4.1502295,4.0902295,4.0102296,3.9302294,3.8602295,3.7702296,3.6902294,3.6002295,3.5002296,3.4102294,3.3202295,3.2102294,3.1102295,3.0102296,2.9102294,2.8102295,2.7002294,2.6002295,2.4902296,2.3802295,2.2702296,2.1602294,2.0602295,1.9502295,1.8402295,1.7302295,1.6102295,1.5002295,1.3802295,1.2702295,1.1502295,1.0402294,0.9202295,0.8002295,0.6702295,0.5502295,0.43022949,0.31022948,0.18022949,0.06022949,-0.05977051,-0.17977051,-0.2997705,-0.40977052,-0.5297705,-0.6497705,-0.7597705,-0.8797705,-0.98977053,-1.0997705,-1.2097706,-1.3197705,-1.4297705,-1.5397705
4.4902296,4.4102297,4.3302293,4.2402296,4.1502295,4.0402293,3.9502294,3.8302295,3.7302294,3.6102295,3.5002296,3.3702295,3.2602296,3.1502295,3.0402296,2.9302294,2.8402295,2.7302294,2.6302295,2.5202296,2.4202294,2.3102295,2.2102294,2.1002295,2.0002296,1.8902295,1.8002295,1.7002295,1.6102295,1.5102295,1.3902295,1.2702295,1.1402295,1.0102295,0.8602295,0.6902295,0.5202295,0.34022948,0.16022949,-0.029770508,-0.22977051,-0.40977052,-0.5897705,-0.7497705,-0.8997705,-1.0497705,-1.1697705,-1.2697705,-1.3597705,-1.4497705,-1.5297705,-1.6097705,-1.6797705,-1.7497705,-1.8397706,-1.9197705,-2.0097704,-2.0997705,-2.1997705
4.0702295,3.9702294,3.8902295,3.8402295,3.7802296,3.6802294,3.5802295,3.4502294,3.2702296,3.1002295,2.9302294,2.7902296,2.6502295,2.4902296,2.3802295,2.3302295,2.2802296,2.2302294,2.1802294,2.1502295,2.0802295,1.9702295,1.8402295,1.6302295,1.4102294,1.1902295,1.0102295,0.8402295,0.6902295,0.5302295,0.3802295,0.22022949,0.07022949,-0.08977051,-0.2497705,-0.3897705,-0.5297705,-0.6497705,-0.7597705,-0.8797705,-0.9997705,-1.1297705,-1.2897705,-1.4497705,-1.6097705,-1.7697705,-1.9197705,-2.0597706,-2.1697705,-2.2897706,-2.3797705,-2.4597704,-2.5097704,-2.5397706,-2.5697706,-2.5797706,-2.5897706,-2.6497705,-2.7297704
3.1702294,3.1902294,3.2202294,3.2302294,3.2302294,3.2502296,3.2802296,3.3002295,3.2602296,3.1302295,2.9702294,2.7502296,2.5202296,2.2902296,2.0702295,1.8802295,1.7402295,1.6402295,1.5202295,1.3502295,1.1102295,0.8302295,0.5702295,0.37022948,0.21022949,0.06022949,-0.079770505,-0.22977051,-0.3697705,-0.49977052,-0.6497705,-0.7797705,-0.8997705,-1.0097705,-1.0997705,-1.2397705,-1.3897705,-1.4997705,-1.4997705,-1.4497705,-1.3797705,-1.4097705,-1.7797705,-2.2397704,-2.7597704,-3.1797705,-3.3097706,-3.3397706,-3.2397704,-3.1697705,-3.1697705,-3.1797705,-3.1897705,-3.1397705,-3.0797706,-3.0997705,-3.1197705,-3.1497705,-3.1697705
2.7302294,2.5402296,2.4102294,2.2802296,2.1702294,2.0402296,1.9102294,1.7502295,1.6002295,1.4802295,1.3602295,1.1602294,0.9602295,0.76022947,0.5202295,0.2702295,0.08022949,-0.079770505,-0.14977051,-0.16977051,-0.17977051,-0.22977051,-0.3097705,-0.3897705,-0.46977052,-0.5297705,-0.5097705,-0.4497705,-0.3697705,-0.3397705,-0.3997705,-0.5297705,-0.7097705,-0.98977053,-1.3097705,-1.5697705,-1.7697705,-1.8697705,-1.9497705,-2.0297706,-2.0897706,-2.1297705,-2.1497705,-2.1697705,-2.1997705,-2.2197704,-2.2497704,-2.2897706,-2.3297706,-2.3397706,-2.3397706,-2.3397706,-2.3397706,-2.3397706,-2.3197706,-2.3397706,-2.3797705,-2.4597704,-2.5997705
0.64022946,0.43022949,0.24022949,0.09022949,0.050229494,0.07022949,0.100229494,-0.06977051,-0.2997705,-0.46977052,-0.54977053,-0.5597705,-0.5397705,-0.4797705,-0.4197705,-0.4497705,-0.5397705,-0.49977052,-0.3597705,-0.2997705,-0.2997705,-0.3697705,-0.4297705,-0.34977052,-0.2597705,-0.1897705,-0.16977051,-0.1897705,-0.1897705,-0.17977051,-0.2997705,-0.5597705,-0.8997705,-1.4197705,-1.8397706,-2.1697705,-2.3897705,-2.4497705,-2.5097704,-2.5797706,-2.6397705,-2.7097704,-2.6797705,-2.5997705,-2.6297705,-2.6497705,-2.6297705,-2.5297706,-2.4197705,-2.4297705,-2.4897704,-2.5597706,-2.5797706,-2.4897704,-2.3297706,-2.1697705,-2.0397706,-1.8897705,-1.6097705
-3.0797706,-2.9797704,-2.9997704,-2.3097706,-1.7497705,-1.6097705,-1.4397705,-1.4897705,-1.7497705,-1.8897705,-2.0097704,-2.0197706,-1.8897705,-1.6997705,-1.6497705,-1.6197705,-1.9897705,-2.4097705,-3.2797706,-3.9297705,-3.8597705,-3.1097705,-2.2297704,-1.4197705,-1.4597706,-1.3597705,-1.1197705,-0.73977053,-0.4497705,-0.5597705,-0.5797705,0.19022949,0.8202295,0.2702295,-0.8797705,-1.0697705,-0.7697705,-0.2397705,0.7402295,-0.3997705,-2.4597704,-4.1297703,-5.0097704,-4.7297707,-4.0597706,-3.7097704,-3.6097705,-3.4597704,-3.3097706,-3.1997705,-3.0097704,-2.7697706,-2.7297704,-2.7097704,-2.4697704,-2.1897705,-2.0197706,-1.8897705,-1.6197705
-0.79977053,-1.1497705,-4.0397706,-6.0697703,-5.5697703,-4.4497705,-4.0497704,-3.9197705,-3.7697706,-3.1197705,-2.7997706,-3.3297706,-3.5597706,-3.4497705,-2.3197706,-0.1897705,-1.9797705,-3.3197706,-1.8997705,-1.4297705,-1.7297705,0.31022948,0.22022949,0.07022949,-0.19977051,0.13022949,0.3302295,0.18022949,0.3602295,1.3802295,1.1202295,-0.3997705,-1.6097705,-1.6397705,-1.3797705,0.4502295,1.6402295,1.9802295,1.9602295,1.1902295,0.8802295,0.7402295,0.4502295,-0.1897705,-0.7597705,-0.9797705,-1.1197705,-1.3897705,-1.4597706,-1.2697705,-1.2197706,-1.2797705,-1.7197706,-2.3997705,-2.6697705,-2.4197705,-2.0297706,-1.2397705,0.07022949
-8.61977,-5.3197703,-2.2397704,-2.9197705,-2.8097706,0.040229492,2.4702294,1.6802295,2.3802295,1.1002295,0.2702295,-0.40977052,0.1502295,0.6002295,-0.4897705,-1.0197705,-0.14977051,2.5602295,4.1802297,4.0702295,3.7502296,2.8402295,1.9602295,1.6102295,1.6702294,2.2402296,2.4802294,2.3602295,1.7702295,1.4102294,1.6702294,1.8202295,2.0602295,2.1102295,1.8202295,1.4502295,1.0602295,0.95022947,0.06022949,-1.0597705,-1.2297705,-1.9297705,-2.2997706,-0.079770505,-0.5897705,-0.19977051,0.2902295,-1.3997705,-2.5497706,-2.8797705,-0.2197705,1.7902294,0.9902295,0.9902295,0.9002295,1.0002295,1.2702295,1.6002295,1.6402295
0.9402295,1.1502295,0.8302295,0.2302295,0.5702295,1.4302295,2.0002296,1.7702295,1.3102295,2.3802295,4.6702294,5.0402293,5.2902293,5.8902297,6.0002294,5.7702293,5.2802296,4.7702293,4.6102295,4.4702296,4.1902294,3.7202294,3.0702295,2.3502295,1.6902295,1.7602295,1.9102294,1.4702295,0.8402295,0.4202295,0.22022949,-0.019770509,-0.16977051,-0.4497705,-1.0397705,-1.3997705,-1.5697705,-1.5097705,-0.37977052,1.0002295,0.9402295,-0.2797705,-1.1197705,-0.2097705,-0.7097705,-0.6997705,0.6102295,0.09022949,0.09022949,-1.1097705,-1.5797706,-1.4397705,-0.7597705,0.43022949,1.3802295,1.9702295,3.0402296,3.4602294,3.0402296
-0.05977051,1.1102295,2.2302294,3.2602296,3.8702295,4.4702296,4.8802295,5.2402296,5.4202294,5.6702294,5.9802294,6.1002293,6.1702294,6.2502294,6.0202293,5.6202297,5.3202295,4.9202294,4.6402297,4.0702295,3.8702295,3.7102294,2.5902295,1.4102294,1.4102294,1.9502295,2.0302296,1.5702295,1.1202295,0.7702295,0.3302295,-0.05977051,-0.4197705,-0.85977054,-1.1897705,-1.4097705,-1.5897706,-1.6697705,-1.6597705,-1.8997705,-1.8297706,-1.5697705,-0.7897705,-0.5797705,-0.3597705,-2.3997705,-2.7297704,-2.1697705,-0.7097705,1.3502295,2.1502295,2.4402294,3.1102295,3.8002295,3.8002295,4.2902293,4.6102295,4.9302297,4.9102297
5.3002295,6.5802293,6.5902295,6.9102297,7.2502294,7.4302297,7.3202295,7.1902294,7.2302294,7.0402293,6.8302293,6.5502295,6.4902296,6.6602297,6.8602295,6.8902297,6.2802296,5.1302295,4.0802293,3.7102294,3.8602295,3.5702295,2.7102294,2.2602296,2.2902296,2.3802295,2.1802294,1.8602295,1.6702294,1.5302294,1.2202295,0.7502295,0.3002295,-0.119770505,-0.3897705,-0.43977052,-0.2497705,-0.2697705,-0.3297705,-1.0297705,-2.3197706,-3.0797706,-1.6097705,-1.3997705,2.3502295,0.5702295,-1.1797705,2.2002294,3.3002295,4.2402296,4.8802295,5.1302295,5.1202297,5.2202296,5.4902296,5.3902297,5.4402294,5.3102293,4.5002294
3.8202295,6.2802296,5.5802293,5.4602294,5.6002293,5.9502296,6.3002295,6.5802293,6.6802297,6.6402297,6.5202293,6.1602297,5.6202297,5.6602297,5.0602293,4.5302296,4.3102293,4.0002294,4.0302296,3.8002295,3.5202296,3.8502295,3.1402295,2.5202296,2.0502295,2.0202296,2.0002296,1.7202295,1.0502295,0.70022947,0.5902295,0.4902295,0.3802295,0.19022949,-0.05977051,-0.14977051,0.07022949,0.3902295,0.3002295,0.34022948,-0.7197705,-0.14977051,-0.5797705,-0.34977052,0.40022948,1.9002295,2.0002296,4.6902294,5.6302295,5.5302296,5.4202294,5.1902294,4.6302295,4.5702295,4.5402293,4.5402293,4.7702293,3.9202294,3.2002294
-0.6697705,0.100229494,0.40022948,0.4202295,0.16022949,-0.22977051,1.7502295,3.6502295,3.4402294,3.8102295,4.1702294,4.2302294,4.3602295,4.4102297,4.3202295,4.3802295,4.2302294,4.1002293,4.1202297,3.7502296,3.2502296,3.5802295,3.7302294,3.0902295,1.9802295,0.9702295,0.43022949,0.1402295,-0.2597705,-0.40977052,-0.2997705,-0.19977051,0.28022948,0.5402295,0.11022949,-0.5197705,-1.0797706,-1.6897705,-1.7897705,0.37022948,0.89022946,1.6102295,1.5602295,1.4902295,1.0002295,0.5202295,2.8902295,3.5702295,2.9702294,2.1802294,1.5402294,2.0102296,1.8302295,1.5102295,1.2302295,1.4602295,1.8802295,1.8602295,2.1402295
2.0102296,0.4502295,-0.10977051,0.7702295,1.3102295,0.24022949,-0.08977051,0.5302295,0.16022949,1.6202295,2.7702296,3.3602295,3.8102295,3.9202294,4.1602297,3.9002295,3.7502296,3.9202294,4.0102296,3.8202295,3.3002295,2.6202295,1.7502295,1.0902295,0.24022949,-0.5997705,-0.7297705,-0.31977051,-0.46977052,-0.7097705,-0.6997705,-0.6197705,-1.2197706,-2.0297706,-2.7897706,-3.6097705,-4.3197703,-5.2197704,-5.5997705,-5.3797703,-6.2197704,-5.3897705,-1.0797706,-1.1397705,0.6902295,-0.73977053,1.6402295,1.3402295,1.3402295,1.0302294,-0.029770508,-0.2897705,0.040229492,0.100229494,0.100229494,-0.22977051,-0.49977052,-0.31977051,0.1402295
0.8602295,0.6802295,-0.029770508,-0.1897705,-0.6697705,-1.6297705,-2.0097704,-1.8397706,-0.40977052,-0.4197705,1.9902295,3.2102294,3.2502296,3.6002295,3.7502296,3.6202295,3.5502295,3.4102294,3.0802295,2.6802294,2.1802294,1.7402295,1.3502295,1.1502295,0.7502295,0.3502295,0.1502295,0.010229493,-0.19977051,-0.5397705,-0.9297705,-1.4297705,-2.6097705,-3.8497705,-4.9297705,-4.4797707,-4.9297705,-4.2497706,-1.0797706,-2.2097704,-3.1397705,-2.2397704,-1.4197705,-0.49977052,-0.5097705,-0.6897705,-1.9297705,-3.0397706,-3.5397706,-3.8197706,-4.0497704,-4.0997705,-3.1897705,-2.2197704,-2.0097704,-1.7297705,-1.4097705,-1.0597705,-0.31977051
-0.3297705,0.08022949,-0.31977051,-2.4497705,-3.0597706,-3.8297706,-4.1597705,-3.5397706,-2.3797705,-1.7397705,0.18022949,-0.6197705,1.4902295,2.5702295,2.6602294,2.5302296,2.6202295,2.4802294,2.2402296,1.8302295,1.5502295,1.1302295,0.8502295,0.3302295,-0.2397705,-0.6197705,-0.9697705,-1.5797706,-2.1897705,-3.6397705,-4.8897705,-5.3397703,-5.7797704,-6.1697707,-6.2497706,-3.8497705,-2.5497706,-1.9597706,-1.9097705,-2.1597705,-3.4197705,-1.4397705,-1.1397705,-1.9897705,-3.1897705,-5.5797706,-7.4797707,-7.6997705,-7.9397707,-7.3797703,-6.3597703,-5.1197705,-4.4197707,-4.9197707,-3.7297704,-3.1997705,-2.3897705,-1.7197706,-0.9297705
-1.3197705,-1.5497705,-1.9297705,-2.6297705,-3.4697704,-5.0197706,-4.3597703,-3.5597706,-3.0997705,-3.8497705,-0.40977052,1.5902295,-1.7097706,-1.1497705,-2.4697704,-1.8997705,-0.46977052,0.4402295,0.40022948,0.010229493,0.020229492,-0.1297705,-0.3397705,-0.5897705,-0.9197705,-1.4397705,-2.0297706,-3.0497706,-4.0297704,-4.5697703,-4.9397707,-5.1697707,-5.8297706,-6.6297703,-7.7997704,-6.2797704,-3.4997704,-4.0097704,-1.8397706,0.4602295,-3.3097706,-3.7297704,-2.4597704,-5.4897704,-6.8297706,-9.41977,-11.059771,-10.92977,-9.149771,-8.12977,-6.8097706,-5.7397704,-4.4697704,-3.2997706,-1.3497705,0.13022949,1.0602295,1.4702295,1.7502295
-1.8197705,-2.3497705,-3.0897706,-3.2997706,-3.4597704,-3.9597704,-3.2997706,-2.8797705,-3.3697705,-3.8997705,-0.8897705,0.2902295,0.8502295,-1.5397705,-0.5797705,-0.3597705,0.4502295,0.5702295,0.3302295,0.040229492,-0.2597705,-0.7097705,-1.1097705,-1.1897705,-1.4297705,-1.8097705,-2.4497705,-3.0397706,-4.0397706,-4.6097703,-5.0297704,-5.2497706,-5.2897706,-5.4997706,-6.5297704,-5.7897706,-1.3197705,-1.5797706,-1.0297705,0.1702295,-0.039770506,-0.7197705,-7.2097707,-5.5897703,-11.71977,-13.3897705,-14.75977,-12.359771,-9.439771,-8.809771,-6.7497706,-3.0297706,0.2002295,2.0602295,3.7902296,4.8702297,2.0102296,3.1202295,4.7302294
-2.6197705,-3.0097704,-2.9297705,-3.0997705,-2.9297705,-3.8897705,-3.0497706,-2.6797705,-2.9997704,-3.6897705,-2.0197706,0.19022949,0.3802295,1.1902295,0.11022949,0.5702295,-0.10977051,0.16022949,0.5702295,0.07022949,-0.6497705,-0.8697705,-0.9297705,-1.2997705,-1.7197706,-2.2897706,-2.7197704,-3.3897705,-4.6297703,-5.4897704,-5.9197707,-6.7197704,-7.0197706,-6.9497705,-3.9797704,2.4402294,0.3602295,0.3602295,0.9302295,-4.0297704,-9.739771,-10.49977,-12.949771,-9.67977,-18.04977,-17.62977,-16.70977,-13.779771,-10.54977,-6.2997704,-2.9497705,0.1502295,2.8702295,5.1602297,6.5302296,6.7902293,6.7802296,6.2602296,5.8902297
-3.2697706,-3.0397706,-3.0197706,-3.1597705,-2.9797704,-2.1097705,-0.6197705,0.8702295,-0.06977051,-1.1497705,-1.6797705,-2.0197706,-0.079770505,1.2302295,0.34022948,1.8902295,2.9002295,2.3102295,0.9802295,0.2002295,-0.1897705,-0.73977053,-0.8297705,-0.9297705,-1.2197706,-1.7897705,-2.5097704,-3.3897705,-4.1497707,-4.5197706,-4.3497705,-4.1097703,-4.4097705,-7.4897704,-6.8197703,-2.4197705,-3.6497705,-4.9297705,-5.3897705,-6.0097704,-2.6097705,-1.7397705,-6.4497705,-10.91977,-19.76977,-20.70977,-18.929771,-14.609771,-10.79977,-6.2197704,-3.2197704,2.3602295,7.0302296,10.510229,10.470229,9.25023,8.70023,8.79023,9.980229
-1.2697705,-1.7497705,-1.9197705,-1.3197705,-0.73977053,-1.5997705,-1.7297705,-0.5397705,0.6802295,-0.06977051,-0.05977051,0.8102295,0.8002295,-0.7097705,-0.60977054,0.7202295,2.2102294,1.8802295,-0.4497705,-2.2297704,-2.6497705,-2.8297706,-2.1997705,-3.1697705,-4.2997704,-4.6897707,-4.3597703,-3.5697706,-3.4097705,-5.0097704,-2.4097705,-5.7497706,-2.7797706,-0.06977051,-0.3897705,2.6102295,1.2302295,1.5002295,0.5902295,-0.06977051,-2.2497704,-3.7897706,-5.6097703,-7.4997706,-13.71977,-18.829771,-18.329771,-16.259771,-12.019771,-6.8697705,6.2602296,9.16023,12.600229,12.900229,12.38023,11.720229,10.13023,9.980229,10.66023
-0.4897705,-1.9697706,0.3002295,-1.3697705,-4.5497704,-3.7597704,-2.6197705,-0.5797705,-0.119770505,-0.9397705,-1.7897705,-2.9197705,0.9602295,0.6202295,-1.9797705,-0.029770508,0.5002295,0.2002295,-1.5197705,-1.6697705,-2.5297706,-4.7097707,-6.0397706,-6.9597707,-6.6897707,-7.0297704,-5.0997705,-3.7697706,-3.5597706,-4.6897707,-4.2097707,-1.5097705,2.0302296,0.8302295,0.6502295,-0.6997705,-0.9197705,-0.13977051,0.28022948,-1.7997705,-2.7797706,-5.1897707,-6.3597703,-7.5297704,-8.95977,-12.309771,-13.949771,-11.82977,-7.6897707,0.8502295,6.2602296,9.400229,12.770229,14.6102295,13.220229,11.63023,9.690229,9.220229,8.91023
1.2902294,0.9702295,1.4002295,-0.4497705,-4.2697706,-2.0097704,0.22022949,-0.10977051,-1.0497705,-2.0497706,-3.1197705,-4.2297707,-1.0197705,-2.0297706,-2.0197706,1.5202295,2.6302295,1.6602294,-1.9397705,-3.8197706,-4.1097703,-5.8697705,-5.9197707,-7.5897703,-9.239771,-10.059771,-4.5697703,-1.7897705,-0.9197705,-1.1797705,2.0302296,2.2702296,2.8702295,2.1802294,1.6302295,0.5602295,-0.029770508,-0.3897705,0.1702295,-1.0497705,-1.3697705,-3.4997704,-1.2797705,-0.31977051,-6.7197704,-5.0097704,0.9002295,0.5502295,1.6802295,3.3902295,3.6902294,1.7402295,1.4602295,9.70023,10.08023,8.83023,8.00023,6.4402294,6.5902295
-1.7497705,1.5202295,-4.0897703,-2.3197706,-0.7097705,0.4402295,-0.1297705,-0.2997705,-1.2997705,-2.3497705,-2.7597704,-2.6497705,-2.1797705,0.3302295,0.9902295,2.2702296,2.3002295,1.7202295,-0.009770508,-0.9697705,-3.2597704,-4.1697707,-5.5297704,-5.7097707,-0.5297705,-0.5897705,-3.5197706,1.1102295,4.5702295,5.6302295,5.0702295,3.9402294,2.7302294,1.3102295,0.020229492,-1.4297705,-2.4497705,-3.8397706,-3.8597705,-3.1097705,-5.8297706,-7.7297707,-3.7897706,-1.6197705,-1.2397705,-2.3597705,-2.7097704,0.9002295,2.2802296,3.3202295,3.4802294,0.31022948,7.7502294,9.090229,10.46023,11.16023,10.03023,8.37023,8.140229
