json/gfs_20240718_06.json
{"header": { "discipline":0, "disciplineName":"Meteorological products", "gribEdition":2, "gribLength":79503, "center":7, "centerName":"US National Weather Service - NCEP(WMC)", "subcenter":0, "refTime":"2024-07-18T06:00:00.000Z", "significanceOfRT":1, "significanceOfRTName":"Start of forecast", "productStatus":0, "productStatusName":"Operational products", "productType":1, "productTypeName":"Forecast products", "productDefinitionTemplate":0, "productDefinitionTemplateName":"Analysis/forecast at horizontal level/layer at a point in time", "parameterCategory":2, "parameterCategoryName":"Momentum", "parameterNumber":2, "parameterNumberName":"U-component_of_wind", "parameterUnit":"m.s-1", "genProcessType":2, "genProcessTypeName":"Forecast", "forecastTime":0, "surface1Type":103, "surface1TypeName":"Specified height level above ground", "surface1Value":10.0, "surface2Type":255, "surface2TypeName":"Missing", "surface2Value":0.0, "gridDefinitionTemplate":0, "gridDefinitionTemplateName":"Latitude_Longitude", "numberPoints":65160, "shape":6, "shapeName":"Earth spherical with radius of 6,371,229.0 m", "gridUnits":"degrees", "resolution":48, "winds":"true", "scanMode":0, "nx":360, "ny":181, "basicAngle":0, "lo1":0.0, "la1":90.0, "lo2":359.0, "la2":-90.0, "dx":1.0, "dy":1.0 }, "data":
[rows 52 to 77 of 181, columns 236 to 294 of 360]
5.842417,7.892417,2.042417,-0.047583006,-2.317583,2.162417,2.662417,0.542417,0.88241696,1.092417,-1.927583,-2.747583,-0.137583,0.36241698,-1.897583,1.982417,-1.397583,0.442417,0.30241698,0.592417,-5.617583,-5.627583,-2.797583,1.132417,-0.55758303,-3.557583,-2.997583,-3.657583,-2.207583,-1.377583,-2.477583,-1.097583,-1.2175831,-0.74758303,-0.277583,-0.35758302,-0.35758302,-0.397583,-0.03758301,-0.35758302,0.382417,0.962417,0.63241696,-0.047583006,1.092417,2.372417,1.382417,1.092417,3.322417,5.122417,6.352417,4.512417,7.182417,6.202417,6.632417,6.692417,6.542417,6.812417,5.902417
5.582417,4.992417,-0.787583,3.052417,2.492417,-1.9675831,0.852417,0.11241699,1.462417,-1.027583,0.132417,-0.32758301,1.272417,0.132417,4.432417,4.602417,-1.657583,-1.497583,1.052417,0.512417,-0.38758302,-0.427583,-3.507583,-2.717583,-2.167583,-3.187583,-3.217583,-3.477583,-2.007583,-2.5275831,-3.137583,-2.2775831,-1.407583,-0.437583,-1.127583,-0.967583,-0.297583,0.05241699,0.862417,1.792417,2.182417,0.862417,1.132417,1.742417,2.142417,1.212417,1.732417,1.562417,6.132417,6.772417,7.392417,6.232417,5.892417,5.792417,6.512417,6.082417,5.212417,5.212417,5.022417
5.122417,4.742417,9.032417,1.122417,3.332417,-0.757583,3.462417,3.402417,-0.497583,-2.157583,-1.437583,-1.067583,0.682417,1.812417,2.562417,0.252417,-2.917583,-1.197583,1.262417,2.042417,2.2224169,-3.167583,-3.947583,-3.227583,-3.137583,-3.357583,-2.617583,-2.477583,-2.457583,-2.217583,-1.637583,0.852417,-0.707583,-2.727583,-0.797583,0.792417,1.072417,1.452417,1.482417,1.452417,1.332417,-0.017583007,1.522417,1.752417,2.072417,0.662417,3.162417,2.852417,5.362417,7.682417,5.662417,7.212417,6.192417,6.172417,5.002417,5.302417,4.902417,4.882417,5.382417
4.762417,4.992417,6.292417,5.522417,-2.367583,1.6624169,3.742417,4.092417,1.002417,0.842417,-2.087583,-0.987583,-0.437583,-2.717583,-6.977583,-2.917583,-1.907583,-1.257583,-1.427583,0.30241698,1.9124169,0.872417,-2.977583,-2.927583,-2.197583,-2.077583,-2.147583,-1.907583,-0.427583,0.312417,-0.25758302,0.902417,1.592417,1.482417,0.832417,-0.297583,1.292417,1.142417,-0.03758301,0.662417,-0.467583,1.482417,2.082417,1.072417,1.462417,1.962417,1.252417,1.692417,8.082417,7.272417,5.702417,5.112417,5.502417,4.982417,4.632417,4.312417,4.412417,4.212417,4.102417
4.112417,4.442417,5.782417,6.472417,7.642417,1.382417,0.482417,0.662417,2.462417,1.182417,-0.827583,2.432417,-2.157583,-2.097583,-2.657583,-0.99758303,-3.057583,-1.857583,-4.967583,-2.037583,1.872417,3.572417,4.142417,-0.74758303,-1.077583,1.332417,-0.61758304,-1.057583,-0.797583,0.20241699,-0.377583,1.572417,-0.857583,1.352417,0.132417,-0.057583008,0.642417,0.732417,0.002416992,1.462417,2.652417,2.272417,2.772417,2.502417,2.392417,0.912417,3.142417,7.762417,7.982417,6.442417,5.742417,3.892417,4.422417,4.082417,2.092417,2.752417,3.142417,3.312417,3.022417
3.932417,4.742417,5.502417,6.932417,7.542417,6.232417,3.292417,1.292417,0.592417,-1.5875831,1.072417,3.302417,5.262417,1.012417,0.012416992,-3.077583,-3.737583,-3.097583,-6.847583,-4.967583,-8.617583,2.412417,1.372417,2.052417,0.192417,0.592417,0.88241696,-0.957583,-0.987583,-1.877583,-0.927583,0.972417,0.39241698,1.822417,2.442417,1.882417,1.232417,0.142417,0.49241698,1.552417,1.882417,1.6624169,3.262417,0.50241697,1.472417,7.272417,6.782417,6.882417,5.042417,4.652417,3.602417,3.302417,2.692417,1.4124169,1.382417,1.712417,1.722417,1.0324169,1.122417
3.232417,3.772417,4.112417,5.192417,5.352417,6.022417,4.392417,2.932417,0.88241696,-2.117583,-1.737583,0.162417,0.912417,4.422417,1.4124169,-5.387583,-5.957583,-5.887583,-10.507583,-4.087583,-5.307583,-5.637583,-2.597583,-0.567583,1.142417,-2.137583,0.812417,-1.127583,-1.507583,-0.487583,-0.267583,-0.397583,1.002417,0.612417,1.812417,1.772417,1.972417,1.142417,1.7824169,1.182417,1.272417,1.602417,1.902417,1.832417,3.932417,5.832417,5.402417,4.852417,3.132417,3.172417,2.962417,1.932417,0.562417,0.07241699,0.39241698,0.032416992,-0.307583,-0.197583,0.022416992
1.182417,2.712417,3.992417,4.582417,4.542417,5.392417,4.602417,4.152417,1.502417,-0.047583006,-0.267583,-1.507583,1.902417,1.552417,0.782417,1.762417,-3.897583,-8.297583,-3.627583,-4.527583,-4.247583,-4.527583,-2.5275831,-2.617583,0.712417,-0.627583,-2.297583,-2.367583,-2.2775831,-0.907583,-0.087583005,0.312417,1.9124169,0.05241699,1.382417,1.712417,1.612417,1.2824169,1.172417,0.852417,1.4124169,0.802417,0.482417,2.312417,4.022417,3.382417,2.532417,1.732417,1.652417,1.002417,0.312417,-0.837583,-1.067583,-0.307583,-0.977583,-1.317583,-1.7175831,-1.687583,-1.797583
-0.017583007,1.682417,2.762417,3.552417,4.182417,5.062417,4.562417,4.572417,3.732417,3.232417,1.0324169,-1.617583,0.222417,2.092417,1.322417,-0.597583,1.322417,-3.157583,-5.627583,-8.397583,-6.797583,-7.207583,-4.587583,-3.587583,-1.757583,-0.99758303,-0.087583005,-0.397583,-0.06758301,0.532417,0.472417,-1.257583,-0.547583,1.242417,0.622417,3.112417,1.952417,1.7824169,1.562417,0.032416992,0.812417,0.192417,-0.647583,0.452417,0.662417,0.642417,-0.547583,-0.86758304,-0.847583,-0.61758304,-2.357583,-2.147583,-1.477583,-2.0275831,-1.577583,-1.687583,-2.517583,-3.447583,-2.847583
-0.297583,0.772417,2.322417,3.322417,3.542417,4.492417,4.182417,4.622417,5.052417,5.322417,1.6624169,4.542417,1.222417,2.832417,0.912417,-1.057583,1.4124169,-1.9675831,-2.547583,-4.137583,-3.357583,-4.037583,0.11241699,0.802417,-1.497583,-1.977583,-0.99758303,-1.067583,0.452417,-0.637583,-2.077583,-0.07758301,-1.207583,-0.06758301,1.502417,0.412417,-0.607583,-0.55758303,-0.74758303,-1.477583,-1.407583,-1.417583,-0.627583,-0.61758304,-0.837583,-2.227583,-2.007583,-2.317583,-2.577583,-2.997583,-2.847583,-2.877583,-3.127583,-3.357583,-3.477583,-3.827583,-2.637583,-3.507583,-2.727583
0.042416994,0.782417,1.722417,2.412417,2.792417,3.552417,3.762417,4.322417,4.112417,-0.10758301,3.452417,3.902417,7.342417,2.272417,-0.917583,-0.847583,-1.137583,-2.147583,-2.817583,-8.147583,-6.907583,-6.387583,-1.237583,-1.437583,-2.997583,-3.637583,-1.247583,-1.027583,-1.607583,-1.617583,-1.257583,-2.877583,-1.027583,-0.987583,-1.017583,-1.8375831,-2.417583,-2.5275831,-1.707583,-1.617583,-0.957583,-2.297583,-2.057583,-1.377583,-3.117583,-4.297583,-4.167583,-3.137583,-3.497583,-3.337583,-2.817583,-3.297583,-3.847583,-4.307583,-4.317583,-4.157583,-3.167583,-2.927583,-2.707583
-0.337583,0.442417,0.522417,1.372417,1.572417,2.342417,2.742417,3.482417,4.412417,3.492417,-1.057583,1.892417,0.612417,0.562417,1.992417,0.192417,-0.80758303,-0.567583,-3.657583,-3.827583,-4.617583,-4.237583,-3.177583,-0.61758304,-3.787583,-4.187583,-1.807583,-2.097583,-1.057583,-2.617583,-3.247583,-2.677583,-2.017583,-1.547583,-3.127583,-3.677583,-3.917583,-2.147583,-1.897583,-0.987583,-2.217583,-0.947583,-0.23758301,-2.417583,-4.327583,-5.207583,-5.057583,-4.837583,-4.187583,-4.677583,-4.197583,-4.407583,-5.187583,-4.297583,-4.397583,-3.967583,-2.577583,-2.707583,-2.797583
-2.5275831,-1.317583,-0.517583,0.042416994,0.33241698,1.7824169,1.682417,2.672417,3.772417,4.302417,6.822417,6.662417,1.712417,4.422417,0.612417,-0.637583,-1.417583,-2.507583,0.532417,-1.777583,-2.037583,-2.7775831,-3.2775831,-0.247583,-2.647583,-4.837583,-1.827583,-2.017583,-2.537583,-3.357583,-3.447583,-1.827583,-2.347583,-2.667583,-3.947583,-3.647583,-4.207583,-3.997583,-3.667583,-3.937583,-4.167583,-2.847583,-1.507583,-1.637583,-6.187583,-6.387583,-6.147583,-5.527583,-5.397583,-5.737583,-5.337583,-4.727583,-5.057583,-4.427583,-4.557583,-3.647583,-3.467583,-4.507583,-4.747583
-3.387583,-3.0275831,-2.107583,-1.027583,-0.727583,0.012416992,1.152417,2.682417,2.952417,3.842417,4.902417,5.192417,4.002417,3.682417,3.542417,3.452417,0.092416994,-1.147583,-1.707583,0.142417,0.822417,1.512417,-1.3375831,-1.9675831,1.1624169,-3.607583,-1.957583,-3.457583,-3.667583,-3.5275831,-3.257583,-3.517583,-3.307583,-3.667583,-4.507583,-4.357583,-5.217583,-5.787583,-5.677583,-5.667583,-5.557583,-5.067583,-5.677583,-6.027583,-4.667583,-6.087583,-5.197583,-6.377583,-6.657583,-6.217583,-6.027583,-5.607583,-5.777583,-5.107583,-3.907583,-7.007583,-6.857583,-6.547583,-6.077583
-4.387583,-4.467583,-4.267583,-3.047583,-2.267583,-1.427583,0.132417,1.6624169,2.552417,2.922417,4.292417,5.012417,4.772417,5.542417,3.202417,0.842417,3.752417,1.152417,-1.747583,-1.137583,0.132417,0.572417,-2.077583,-0.18758301,-1.887583,-2.567583,-1.677583,-3.447583,-3.817583,-4.237583,-4.987583,-3.697583,-4.637583,-5.017583,-5.607583,-5.757583,-6.477583,-7.137583,-6.767583,-6.277583,-6.077583,-6.047583,-7.567583,-7.037583,-6.277583,-7.367583,-6.327583,-7.307583,-7.217583,-7.307583,-7.137583,-7.247583,-6.437583,-6.437583,-6.597583,-6.347583,-7.157583,-7.987583,-8.007583
-4.967583,-6.017583,-5.027583,-4.337583,-3.567583,-2.567583,-1.2175831,0.49241698,1.792417,2.442417,3.082417,4.122417,4.832417,4.052417,3.392417,1.122417,4.552417,3.312417,-0.44758302,-0.827583,0.252417,-0.80758303,-5.257583,-2.347583,-2.107583,1.7824169,0.42241699,-4.387583,-4.897583,-5.197583,-5.667583,-5.407583,-5.887583,-5.647583,-6.587583,-5.757583,-5.887583,-6.807583,-6.987583,-6.767583,-5.397583,-3.297583,-2.497583,-4.007583,-6.367583,-7.187583,-7.377583,-7.497583,-7.987583,-7.807583,-7.617583,-8.137583,-7.647583,-8.047583,-8.217583,-7.447583,-7.667583,-8.537583,-9.187583
-5.947583,-6.477583,-5.627583,-4.397583,-4.557583,-3.927583,-2.617583,-0.707583,0.832417,1.302417,1.742417,3.392417,3.842417,4.732417,5.772417,6.792417,5.062417,2.062417,1.052417,-0.787583,-0.837583,0.452417,-2.737583,-1.777583,-1.137583,0.50241697,-2.047583,-5.267583,-4.767583,-5.187583,-6.157583,-6.447583,-6.837583,-6.787583,-6.697583,-6.417583,-5.377583,-5.547583,-5.527583,-4.517583,-5.197583,-5.797583,-6.147583,-5.817583,-1.267583,-2.227583,-3.457583,-8.517583,-8.357583,-8.227583,-9.097583,-9.057583,-9.257583,-9.077583,-9.077583,-7.627583,-8.237583,-8.787583,-9.007583
-6.777583,-6.777583,-7.207583,-5.917583,-5.467583,-5.337583,-4.047583,-2.0275831,-1.377583,-0.687583,1.232417,2.522417,3.052417,4.482417,4.532417,5.652417,3.602417,1.722417,1.192417,-0.967583,-0.14758301,-0.15758301,-2.247583,-0.087583005,-0.15758301,-0.057583008,-0.497583,-5.557583,-5.237583,-5.777583,-6.397583,-6.637583,-9.077583,-7.677583,-1.477583,-1.687583,-1.137583,-1.247583,-5.597583,-4.017583,-5.347583,-4.387583,-4.917583,-3.597583,-4.727583,-3.417583,-3.447583,-3.287583,-3.687583,-7.677583,-7.927583,-9.897583,-9.617583,-9.177583,-8.917583,-8.247583,-8.547583,-8.527583,-9.377583
-7.247583,-7.327583,-6.367583,-6.037583,-6.467583,-6.617583,-5.957583,-4.317583,-2.907583,-1.857583,0.07241699,1.1624169,2.212417,3.762417,3.932417,4.122417,3.032417,1.972417,1.042417,-0.627583,0.132417,0.132417,-1.457583,0.162417,0.382417,-1.387583,-0.11758301,0.642417,-4.277583,-4.737583,-6.597583,-6.877583,-7.557583,-8.357583,-1.317583,-1.027583,-0.667583,-6.137583,-5.397583,-5.087583,-5.087583,-3.997583,-3.587583,-4.007583,-4.557583,-4.057583,-0.527583,-0.847583,0.21241699,-0.767583,-5.527583,-6.557583,-7.517583,-8.717583,-7.367583,-8.317583,-8.877583,-8.757583,-8.917583
-7.807583,-7.657583,-6.807583,-7.327583,-5.547583,-6.187583,-4.917583,-4.017583,-3.137583,-2.637583,-1.2175831,-0.14758301,1.052417,2.362417,2.652417,3.092417,2.7224169,1.072417,-0.017583007,-1.747583,-0.727583,2.482417,-1.397583,-0.017583007,-2.697583,-0.277583,-1.937583,1.5324169,-0.647583,-4.567583,-6.837583,-6.717583,-1.757583,-1.607583,-1.407583,-0.777583,-1.077583,-4.817583,-5.237583,-4.927583,-4.597583,-5.637583,-4.407583,-4.337583,-5.997583,-7.077583,-6.897583,-5.047583,-5.347583,-5.087583,0.802417,-0.32758301,0.292417,-0.817583,-0.527583,-3.717583,-7.727583,-9.027583,-8.597583
-7.877583,-6.807583,-3.707583,-2.967583,-3.817583,-2.707583,-3.247583,-2.517583,-3.737583,-3.197583,-2.137583,-0.937583,-0.15758301,0.402417,1.702417,1.902417,2.212417,0.952417,1.742417,-2.427583,-2.447583,-0.74758303,-0.287583,0.992417,-0.487583,-1.367583,-0.527583,-1.427583,2.432417,1.712417,-1.577583,-2.897583,-1.917583,-2.557583,-1.947583,-0.80758303,-4.037583,-3.737583,-4.807583,-5.627583,-5.337583,-6.077583,-6.417583,-6.327583,-5.217583,-4.847583,-0.087583005,0.062416993,-4.917583,-6.427583,-5.767583,-5.987583,-2.797583,-5.887583,-6.417583,-3.707583,-6.907583,-1.487583,-3.577583
-5.627583,-4.037583,-2.097583,0.30241698,-1.257583,-1.237583,-0.267583,-3.107583,-3.957583,-3.577583,-3.087583,-1.637583,-1.297583,-0.837583,0.242417,0.802417,0.592417,1.462417,2.052417,3.312417,0.712417,1.482417,1.9124169,0.42241699,-1.057583,-0.637583,-1.347583,-0.547583,0.012416992,1.122417,1.2824169,-1.847583,0.23241699,-0.06758301,-0.99758303,-0.917583,-3.297583,-4.527583,-4.857583,-5.867583,-5.987583,-5.927583,-7.217583,-7.577583,-7.417583,-8.047583,-9.137583,-8.307583,-8.317583,-8.857583,-10.487583,-11.027583,-11.127583,-10.307583,-9.547583,-8.457583,-9.047583,-8.727583,-8.837583
-1.867583,-1.727583,-2.167583,-0.727583,-1.787583,-1.437583,-1.107583,-4.867583,-3.947583,-4.227583,-3.817583,-2.977583,-2.597583,-1.407583,-1.177583,-0.737583,-0.957583,0.11241699,1.542417,3.052417,1.582417,1.952417,1.312417,1.852417,0.432417,-0.827583,0.462417,-0.44758302,1.082417,0.562417,-3.717583,0.462417,-1.407583,0.30241698,-1.957583,0.242417,-5.417583,-5.847583,-3.097583,-2.147583,-5.367583,-6.237583,-7.007583,-7.597583,-8.297583,-8.507583,-8.967583,-8.827583,-9.647583,-10.077583,-10.727583,-11.167583,-11.297583,-10.557583,-9.657583,-10.037583,-9.517583,-8.717583,-8.237583
1.732417,0.33241698,-1.537583,0.702417,-1.987583,-3.657583,-2.317583,-4.387583,-4.137583,-5.077583,-4.447583,-3.987583,-3.237583,-3.367583,-2.357583,-2.147583,-1.877583,-0.337583,1.082417,1.942417,2.172417,1.892417,0.50241697,0.462417,0.15241699,0.27241698,0.612417,1.552417,3.752417,3.342417,4.102417,-0.18758301,-2.167583,1.452417,0.21241699,0.412417,0.432417,-0.647583,-0.397583,0.062416993,-0.777583,-4.787583,-6.917583,-7.697583,-8.117583,-8.927583,-9.017583,-8.877583,-9.687583,-10.437583,-11.057583,-10.917583,-10.887583,-11.097583,-10.517583,-9.967583,-10.177583,-9.107583,-8.137583
2.482417,0.142417,-1.047583,-0.12758301,-1.667583,-3.167583,-3.987583,-4.877583,-4.307583,-5.007583,-5.327583,-4.777583,-3.957583,-3.827583,-3.217583,-2.927583,-2.487583,-0.597583,0.402417,0.88241696,1.2824169,0.18241699,-0.167583,-0.11758301,-0.827583,-0.777583,-0.597583,-0.087583005,0.342417,0.822417,1.942417,1.292417,1.642417,-0.687583,-2.447583,0.252417,-0.47758302,-0.14758301,-0.817583,0.05241699,0.432417,-5.287583,-6.337583,-7.097583,-8.307583,-8.577583,-8.887583,-9.007583,-9.227583,-10.347583,-10.427583,-10.947583,-10.717583,-11.377583,-10.477583,-9.447583,-9.707583,-9.027583,-8.437583
2.002417,-0.137583,-1.937583,-1.977583,-3.037583,-2.907583,-4.027583,-5.227583,-5.417583,-5.877583,-6.617583,-5.207583,-5.007583,-4.657583,-3.917583,-3.237583,-2.747583,-1.937583,-1.067583,-0.23758301,0.23241699,-0.41758302,-1.107583,-1.507583,-1.727583,-1.977583,-2.587583,-1.907583,-0.887583,-0.887583,-0.17758301,0.852417,-0.38758302,0.642417,1.722417,1.672417,2.122417,0.05241699,-1.117583,-0.337583,0.17241699,-4.807583,-5.547583,-6.587583,-7.847583,-8.017583,-8.487583,-8.547583,-8.767583,-9.597583,-9.747583,-10.277583,-11.267583,-11.937583,-11.627583,-8.627583,-8.757583,-8.527583,-7.487583
