json/gfs_20240724_00.json
{"header": { "discipline":0, "disciplineName":"Meteorological products", "gribEdition":2, "gribLength":79719, "center":7, "centerName":"US National Weather Service - NCEP(WMC)", "subcenter":0, "refTime":"2024-07-24T00:00:00.000Z", "significanceOfRT":1, "significanceOfRTName":"Start of forecast", "productStatus":0, "productStatusName":"Operational products", "productType":1, "productTypeName":"Forecast products", "productDefinitionTemplate":0, "productDefinitionTemplateName":"Analysis/forecast at horizontal level/layer at a point in time", "parameterCategory":2, "parameterCategoryName":"Momentum", "parameterNumber":2, "parameterNumberName":"U-component_of_wind", "parameterUnit":"m.s-1", "genProcessType":2, "genProcessTypeName":"Forecast", "forecastTime":0, "surface1Type":103, "surface1TypeName":"Specified height level above ground", "surface1Value":10.0, "surface2Type":255, "surface2TypeName":"Missing", "surface2Value":0.0, "gridDefinitionTemplate":0, "gridDefinitionTemplateName":"Latitude_Longitude", "numberPoints":65160, "shape":6, "shapeName":"Earth spherical with radius of 6,371,229.0 m", "gridUnits":"degrees", "resolution":48, "winds":"true", "scanMode":0, "nx":360, "ny":181, "basicAngle":0, "lo1":0.0, "la1":90.0, "lo2":359.0, "la2":-90.0, "dx":1.0, "dy":1.0 }, "data":
[rows 108 to 134 of 181, columns 240 to 299 of 360]
-1.9820801,-2.61208,-5.74208,-4.42208,-3.69208,-4.10208,-3.94208,-5.21208,-5.03208,-5.77208,-6.32208,-6.15208,-6.35208,-5.6620803,-4.99208,-5.57208,-5.01208,-5.76208,-7.09208,-6.21208,-7.28208,-7.32208,-6.56208,-6.33208,-5.63208,-5.1420803,-5.7020802,-5.1820803,-6.22208,-4.96208,-5.24208,-6.30208,-5.54208,-4.9520802,-5.22208,-5.62208,-5.32208,-5.57208,-5.4320803,-5.4520802,-5.36208,-5.94208,-6.59208,-6.78208,-7.32208,-6.58208,-6.03208,-5.87208,-4.57208,-4.1420803,-0.91208005,2.64792,0.7079199,-0.9520801,-0.9820801,-1.1320801,0.44791993,2.12792,-0.5020801,-1.8720801
-1.94208,-1.78208,-3.11208,-3.89208,-3.45208,-3.12208,-3.67208,-3.3120801,-5.85208,-5.96208,-5.81208,-5.2020802,-5.26208,-5.23208,-4.12208,-6.1820803,-5.34208,-6.24208,-5.58208,-6.57208,-6.46208,-6.44208,-6.81208,-5.75208,-5.82208,-5.97208,-6.87208,-5.63208,-5.02208,-5.40208,-5.09208,-4.9520802,-4.6620803,-4.23208,-4.50208,-4.38208,-4.79208,-5.2020802,-4.88208,-4.87208,-4.88208,-5.1820803,-5.56208,-6.12208,-6.62208,-5.42208,-5.4120803,-4.81208,-3.96208,-2.0620801,1.1479199,2.9779198,2.2379198,-2.62208,1.1479199,-1.4520801,1.0079199,-0.10208008,-1.2120801,-1.0820801
-1.67208,-0.90208006,-1.3520801,-3.94208,-2.8320801,-2.74208,-3.0120802,-3.2720802,-5.33208,-5.38208,-4.28208,-3.42208,-4.7020802,-4.52208,-3.38208,-4.7020802,-4.44208,-5.49208,-5.6620803,-5.65208,-7.11208,-7.27208,-5.1820803,-5.37208,-6.29208,-5.87208,-5.47208,-5.19208,-4.88208,-4.29208,-4.25208,-4.67208,-4.1420803,-3.7620802,-3.48208,-4.10208,-5.17208,-4.02208,-3.74208,-3.68208,-4.06208,-4.03208,-4.42208,-5.31208,-4.9320803,-4.88208,-4.26208,-3.39208,-2.5320802,-1.18208,0.6379199,0.8779199,0.36791992,1.4079199,2.25792,-1.3320801,0.44791993,-1.0920801,-1.67208,-0.6820801
-0.19208008,1.3979199,-1.8320801,-3.41208,-1.7420801,-1.7520801,-1.9720801,-2.93208,-4.85208,-4.65208,-4.19208,-3.65208,-3.50208,-3.67208,-3.7920802,-3.2620802,-5.06208,-4.09208,-4.79208,-7.10208,-6.00208,-6.09208,-5.09208,-5.78208,-5.12208,-4.87208,-3.85208,-3.73208,-3.0620801,-2.5320802,-3.11208,-3.68208,-4.32208,-4.00208,-2.99208,-3.39208,-4.51208,-3.09208,-2.0620801,-2.11208,-1.8920801,-1.66208,-2.17208,-3.0520802,-3.19208,-3.2920802,-3.19208,-1.91208,-1.3920801,-0.5120801,-0.26208007,-1.8620801,3.77792,2.4579198,3.88792,-3.13208,0.60791993,-1.5820801,-0.7320801,-3.73208
1.05792,1.2579199,-1.7020801,-2.39208,-2.16208,0.32791993,-0.22208008,-2.62208,-3.74208,-3.37208,-2.66208,-2.64208,-2.7720802,-3.15208,-3.0720801,-2.84208,-4.21208,-4.38208,-5.42208,-5.42208,-5.17208,-4.61208,-4.51208,-4.13208,-3.43208,-5.10208,-4.55208,-3.2620802,-2.93208,-3.24208,-3.37208,-2.39208,-3.09208,-3.5220802,-2.5220802,-4.62208,-2.91208,-2.5820801,-1.43208,-1.2020801,-1.2220801,-1.2520801,-1.43208,0.36791992,-0.6920801,-1.56208,-2.5320802,-1.4620801,-0.84208006,1.07792,-1.2120801,-2.16208,3.6879199,3.85792,2.01792,3.2079198,-0.36208007,-1.93208,-2.40208,-4.12208
-5.04208,-0.4620801,-0.33208007,-0.64208007,-1.79208,-1.6220801,-2.15208,-2.37208,-3.48208,-1.6220801,-0.8120801,-0.09208008,-1.8620801,-2.37208,-2.0720801,-2.0620801,-3.19208,-4.63208,-4.77208,-4.32208,-4.10208,-2.8320801,-2.68208,-2.99208,-4.94208,-3.75208,-2.63208,-2.7620802,-3.0120802,-3.18208,-4.1620803,-4.54208,-3.0720801,-3.22208,-3.94208,-3.0820801,-1.9720801,-1.5020801,-0.9520801,-0.4620801,-0.022080079,-1.0120801,0.30791992,-1.2220801,0.26791993,-0.21208008,-1.0720801,-1.3520801,0.36791992,0.58791995,-1.5920801,-1.8820801,-1.56208,6.39792,4.17792,3.9579198,-0.90208006,-2.67208,-3.34208,-3.40208
-7.63208,-2.42208,-2.8220801,-2.0220802,-1.3320801,-1.65208,-0.71208006,-0.0020800782,-1.4720801,-1.2020801,0.71791995,0.17791992,-0.5420801,-2.20208,-1.6320801,-2.47208,-2.41208,-3.15208,-3.16208,-3.0620801,-2.97208,-2.73208,-2.74208,-4.30208,-3.19208,-2.38208,-3.0320802,-3.5820801,-3.10208,-4.30208,-4.03208,-2.90208,-2.87208,-2.13208,-2.12208,-2.68208,-1.54208,-0.8720801,0.78791994,0.6479199,0.53791994,0.78791994,0.037919924,0.067919925,0.13791992,0.14791992,0.24791992,-1.0720801,0.6879199,1.0079199,0.4079199,-1.5220801,1.7279199,2.01792,4.3379197,2.1979198,1.8979199,-3.0420802,-2.64208,-1.8720801
-10.58208,-10.36208,-10.10208,-11.63208,-10.6920805,-7.82208,-3.94208,0.45791993,1.7579199,0.11791992,0.72791994,0.8679199,0.53791994,0.5079199,-0.8820801,-1.3520801,-1.2720801,-1.06208,-1.9920801,-3.11208,-2.20208,-1.91208,-3.0420802,-2.11208,-2.7920802,-3.3120801,-2.0220802,-2.2820802,-3.3020802,-2.8320801,-2.63208,-2.5120802,-2.10208,-1.3220801,-2.8120801,-2.44208,-1.3520801,-0.84208006,-0.25208008,-0.30208007,0.42791992,2.08792,0.15791993,0.4379199,0.22791992,-0.5120801,0.30791992,-0.26208007,0.65791994,0.53791994,-2.3320801,0.53791994,2.7079198,7.66792,2.11792,1.1679199,-1.5020801,-1.93208,-1.17208,-1.3320801
-10.50208,-11.21208,-9.89208,-9.75208,-9.08208,-8.30208,-9.51208,-8.39208,-6.56208,1.2679199,1.7979199,1.9779199,2.07792,1.1279199,0.6879199,0.78791994,0.3479199,-0.5620801,-0.8520801,-0.5020801,-1.7520801,-2.44208,-1.7320801,-1.53208,-2.91208,-2.7720802,-1.30208,-2.8120801,-2.7620802,-2.37208,-3.2720802,-1.6220801,-3.35208,-3.0720801,-1.0920801,-0.6920801,-1.0920801,-0.6320801,-0.30208007,0.17791992,-0.19208008,0.97791994,-0.10208008,0.48791993,0.8079199,1.06792,0.33791992,0.12791993,0.9279199,0.037919924,-0.29208007,0.8179199,8.15792,7.93792,3.2279198,-4.23208,-2.5720801,-1.3620801,-0.47208008,-1.8420801
-11.96208,-11.60208,-9.68208,-8.902081,-9.68208,-8.22208,-7.05208,-6.86208,-6.9520802,-6.99208,-5.42208,1.1279199,3.75792,2.34792,2.7379198,2.9379199,1.2479199,0.71791995,1.1379199,0.7979199,0.4379199,-1.2220801,-0.21208008,-0.58208007,-1.2620801,-1.9620801,-1.8420801,-0.18208008,-1.65208,-2.2620802,-2.16208,-2.73208,-2.72208,-1.56208,-0.53208005,0.15791993,0.22791992,0.20791993,0.44791993,1.1079199,0.71791995,2.27792,2.10792,1.31792,2.25792,2.2279198,1.2679199,1.30792,1.7979199,-0.4620801,-1.9820801,2.54792,6.71792,8.91792,4.77792,2.24792,-3.21208,-2.14208,-0.66208005,-2.20208
-10.50208,-10.49208,-9.1920805,-8.42208,-8.13208,-6.85208,-7.29208,-5.69208,-4.98208,-6.80208,-6.30208,-5.99208,-5.34208,5.19792,3.75792,4.49792,3.2379198,3.2379198,3.01792,2.7179198,2.76792,1.5179199,0.6779199,1.05792,0.52791995,0.5479199,-1.03208,-0.4920801,0.27791992,-0.48208007,-1.66208,-1.92208,0.057919923,-0.78208005,0.8779199,1.6479199,1.81792,2.11792,1.82792,1.93792,1.7579199,1.46792,1.7479199,1.2679199,3.10792,2.86792,1.32792,3.31792,0.24791992,1.1679199,-0.5720801,11.49792,4.91792,0.8979199,1.33792,-3.39208,-2.38208,-1.4820801,-1.8220801,-2.5720801
-9.30208,-9.72208,-7.9320803,-7.92208,-7.42208,-7.21208,-5.84208,-5.03208,-6.11208,-5.81208,-5.1420803,-3.8120801,-4.24208,-2.7620802,-1.4520801,6.20792,5.48792,4.73792,4.68792,3.74792,3.14792,3.15792,1.3579199,1.7779199,2.9379199,1.44792,0.6779199,-0.59208006,2.04792,1.6779199,0.47791994,0.85791993,1.0279199,2.12792,1.3879199,1.80792,2.81792,2.6979198,1.9779199,1.9279199,1.20792,1.7979199,1.58792,1.31792,2.9879198,3.2179198,2.87792,2.79792,-1.03208,1.81792,2.1779199,9.51792,-2.24208,1.7479199,3.00792,-1.91208,-3.10208,-1.2020801,-3.00208,-3.5420802
-8.57208,-7.82208,-7.04208,-6.90208,-6.29208,-5.59208,-5.07208,-4.4520802,-3.35208,-3.16208,-1.28208,-0.30208007,-0.9220801,-1.04208,-0.8520801,-0.90208006,1.7979199,6.25792,5.65792,5.45792,4.75792,4.55792,3.6679199,2.31792,3.64792,2.40792,2.49792,1.6479199,0.47791994,2.6679199,2.7379198,1.9079199,2.79792,1.1679199,1.08792,1.6779199,1.43792,1.4979199,3.10792,1.80792,1.1779199,1.32792,1.33792,2.1679199,2.4179199,2.35792,3.2379198,2.59792,-2.2820802,1.07792,2.03792,0.36791992,4.8179197,2.07792,-0.6020801,-6.29208,-0.23208007,-2.94208,-3.72208,-3.97208
-7.51208,-5.84208,-5.56208,-5.25208,-4.40208,-2.95208,-2.5520802,-2.5120802,-0.96208006,-1.40208,-0.58208007,-0.09208008,-0.04208008,0.45791993,0.8879199,0.4379199,0.18791991,0.44791993,6.64792,6.62792,5.82792,5.0879197,4.27792,3.79792,3.6679199,4.93792,3.2179198,4.15792,1.69792,2.36792,3.63792,3.52792,3.82792,0.77791995,2.2279198,1.4979199,1.0279199,0.2579199,2.11792,1.7679199,0.9979199,1.21792,1.44792,1.0479199,0.5179199,1.0479199,0.09791992,-0.3720801,-0.89208007,1.19792,1.3879199,4.20792,0.59791994,1.5479199,-0.48208007,-4.26208,-0.42208007,-3.17208,-3.12208,-2.47208
-4.21208,-3.8020802,-2.8320801,-2.0720801,-1.9920801,-1.4820801,-0.3420801,0.07791992,1.21792,-0.112080075,-0.41208008,2.1779199,1.6779199,1.4079199,1.9779199,2.34792,1.7879199,1.96792,3.13792,4.77792,7.15792,6.1079197,4.94792,4.45792,3.53792,5.14792,5.50792,4.67792,3.11792,4.3379197,4.26792,4.59792,4.12792,2.2279198,2.26792,2.15792,0.6179199,1.1379199,1.3979199,1.9979199,1.6579199,0.037919924,-1.6020801,-2.12208,-2.21208,-1.8220801,-2.66208,-4.9320803,-3.21208,0.13791992,4.17792,8.44792,-2.3020802,-3.97208,-0.5120801,-1.3220801,-2.34208,-1.6120801,-3.17208,-2.37208
-2.0720801,-1.2620801,-0.42208007,0.067919925,-0.032080077,0.7479199,1.96792,2.05792,2.49792,3.11792,3.79792,2.7079198,2.08792,4.45792,3.80792,3.04792,2.4379199,3.15792,2.39792,2.87792,3.35792,7.53792,6.07792,5.46792,4.55792,4.21792,5.3379197,5.7979198,5.82792,3.9279199,3.4779198,5.02792,3.99792,3.03792,2.9179199,2.9379199,1.6579199,2.01792,1.6179199,2.00792,2.03792,1.1779199,-1.0120801,-2.2920802,-2.48208,-3.45208,-6.07208,-5.1820803,-1.2620801,-2.2820802,2.6879199,0.90791994,-0.022080079,-2.49208,0.9579199,2.2079198,-1.2420801,-1.44208,-2.59208,-2.49208
-0.8820801,-0.29208007,0.09791992,0.52791995,1.55792,3.1679199,4.39792,5.40792,5.27792,5.50792,5.59792,5.53792,6.6079197,6.25792,4.70792,6.52792,4.74792,3.81792,3.4579198,2.74792,2.37792,3.35792,8.69792,6.44792,5.91792,4.91792,5.52792,5.41792,5.88792,3.32792,4.47792,5.41792,4.55792,5.40792,4.3579197,3.24792,2.87792,2.54792,1.7979199,1.6179199,1.9079199,1.58792,0.2579199,-1.8520801,-1.5720801,-1.42208,-1.4820801,-1.8820801,-3.38208,-1.19208,-0.8720801,0.057919923,2.55792,0.7679199,3.7279198,-1.65208,-0.5020801,-1.5920801,-2.74208,-2.42208
-0.33208007,0.5479199,1.20792,1.8879199,1.6779199,2.2279198,2.9879198,5.03792,6.94792,8.91792,8.04792,8.18792,7.21792,7.3179197,7.55792,6.86792,6.98792,5.7979198,4.86792,3.77792,3.75792,3.7279198,3.1879199,7.61792,7.00792,6.03792,5.64792,6.32792,6.65792,5.14792,6.26792,5.74792,4.96792,4.67792,5.18792,3.81792,3.32792,3.14792,1.56792,1.6579199,1.4179199,1.6579199,1.0179199,0.41791993,0.46791992,-1.66208,-1.9620801,-1.16208,0.27791992,-1.69208,6.62792,0.9879199,-0.36208007,1.18792,-1.16208,1.7479199,-1.8820801,-2.2720802,-3.60208,-3.19208
-0.16208008,-0.35208008,1.0179199,0.83791995,0.8779199,2.26792,4.25792,4.93792,7.02792,6.28792,9.76792,10.99792,10.15792,8.96792,7.76792,8.20792,7.5879197,7.37792,7.42792,5.8379197,4.8379197,4.13792,3.87792,4.3579197,5.3179197,6.86792,6.53792,6.53792,6.45792,5.95792,5.6079197,6.05792,4.84792,3.86792,5.0479198,3.35792,3.78792,3.6679199,2.65792,0.91791993,2.05792,1.43792,2.07792,0.8779199,0.7979199,1.09792,-1.92208,-1.4920801,1.6679199,-0.6020801,6.66792,5.25792,0.30791992,-0.012080078,-2.0320802,0.47791994,-1.6420801,-2.42208,-2.47208,-3.0820801
0.7979199,1.8779199,2.49792,4.27792,4.18792,4.98792,4.62792,5.64792,7.05792,7.02792,7.03792,8.35792,11.16792,12.35792,11.46792,9.82792,9.04792,8.58792,8.89792,8.00792,6.75792,5.72792,4.8179197,4.46792,1.9179199,4.77792,9.06792,7.3179197,6.07792,6.27792,5.19792,5.05792,5.01792,5.21792,4.88792,4.48792,2.9679198,3.85792,3.2079198,1.93792,1.1779199,1.6479199,2.1779199,2.77792,0.8079199,1.7579199,-0.71208006,-0.27208006,-1.06208,3.76792,9.93792,6.16792,7.12792,0.8879199,-1.69208,1.7579199,0.38791993,-1.43208,-1.90208,-2.24208
1.1779199,1.7779199,2.31792,1.9979199,2.88792,2.59792,3.29792,4.65792,5.15792,4.97792,5.90792,5.37792,7.72792,9.08792,8.20792,10.92792,10.65792,10.03792,9.16792,8.13792,8.08792,7.51792,6.53792,5.61792,4.87792,4.14792,2.9279199,6.96792,6.53792,6.07792,6.34792,6.00792,5.64792,5.8379197,5.14792,4.62792,3.25792,3.39792,3.6779199,2.57792,1.1579199,1.4079199,0.8079199,2.50792,2.88792,3.10792,-1.0220801,1.2779199,-0.42208007,6.41792,4.0879197,3.83792,9.88792,3.81792,-0.5420801,1.0479199,0.9479199,-0.5420801,0.04791992,-0.8020801
2.03792,2.35792,1.96792,2.51792,1.9779199,2.62792,3.09792,3.54792,4.42792,4.97792,6.18792,6.21792,5.38792,5.5879197,5.28792,7.82792,7.40792,10.347919,10.48792,8.91792,7.87792,8.70792,8.25792,6.92792,6.32792,5.78792,5.02792,4.02792,5.07792,6.53792,6.05792,6.43792,6.16792,5.55792,4.78792,4.37792,3.25792,2.63792,2.30792,2.00792,1.7679199,1.7879199,2.74792,1.2779199,3.38792,2.9879198,2.7079198,-0.3420801,-0.59208006,1.9779199,8.95792,6.94792,11.45792,3.4579198,0.5079199,0.9479199,0.6279199,-0.14208008,-0.7520801,-0.30208007
3.55792,4.00792,3.79792,3.1979198,4.0879197,3.59792,4.43792,4.48792,4.61792,5.73792,5.5479198,6.12792,6.67792,7.32792,7.6079197,6.96792,8.33792,7.87792,8.89792,9.19792,9.77792,8.53792,8.78792,8.44792,7.07792,6.87792,6.50792,5.73792,7.0879197,0.9979199,7.51792,6.57792,6.52792,5.22792,5.26792,4.36792,3.28792,2.9779198,2.78792,2.30792,2.4179199,2.53792,2.37792,2.4479198,1.8979199,2.2079198,0.4379199,0.38791993,0.58791995,4.3379197,9.81792,11.97792,10.33792,3.24792,0.8279199,2.56792,1.7979199,0.65791994,0.48791993,0.41791993
5.26792,5.78792,5.43792,5.76792,5.96792,6.00792,6.37792,6.8179197,6.70792,7.46792,7.50792,7.44792,7.14792,6.42792,7.6079197,7.38792,7.95792,7.5879197,8.57792,9.10792,8.58792,10.02792,10.38792,9.46792,9.32792,7.84792,7.30792,6.1079197,3.9179199,2.2379198,1.7679199,7.24792,6.86792,4.92792,4.99792,4.19792,3.62792,2.4279199,2.34792,2.7379198,1.95792,2.4279199,1.93792,2.53792,1.9879199,0.04791992,-2.22208,-1.3620801,1.6079199,6.97792,8.50792,6.47792,4.24792,0.6279199,4.34792,2.4779198,1.9179199,1.07792,0.7479199,0.21791992
7.2979198,8.097919,8.18792,8.29792,8.37792,7.74792,8.27792,8.47792,8.41792,8.82792,8.06792,7.95792,8.28792,7.62792,6.88792,7.11792,7.32792,6.96792,8.03792,10.12792,10.95792,10.8079195,11.18792,11.25792,10.24792,9.67792,7.80792,7.5879197,7.0679197,5.20792,2.81792,-1.0720801,-1.2020801,3.87792,4.11792,2.86792,3.31792,2.28792,2.58792,2.01792,2.81792,2.49792,1.7779199,1.32792,0.96791995,0.24791992,0.60791993,-0.8020801,2.05792,4.14792,3.77792,2.2079198,3.4679198,4.57792,4.28792,1.71792,2.59792,1.6679199,1.1079199,1.2279199
9.69792,10.38792,10.56792,10.03792,10.31792,10.43792,10.31792,10.06792,9.38792,10.94792,9.67792,9.93792,9.597919,9.41792,9.18792,8.44792,9.12792,9.72792,8.50792,9.67792,10.847919,11.15792,11.51792,10.73792,10.82792,10.91792,9.95792,7.77792,6.59792,6.36792,5.0679197,2.6979198,1.7279199,0.72791994,-1.2520801,-1.05208,-2.0420802,-2.41208,1.9279199,1.5279199,2.4879198,3.15792,2.4579198,1.4779199,1.55792,0.9479199,0.8779199,-0.9920801,2.79792,3.80792,1.3979199,3.38792,5.15792,4.0679197,3.63792,3.04792,4.49792,2.56792,2.10792,1.7479199
11.0579195,11.67792,12.10792,12.33792,12.3079195,12.03792,12.12792,10.847919,10.62792,11.0579195,10.54792,11.86792,11.03792,10.96792,11.62792,10.74792,9.96792,11.14792,12.26792,12.03792,11.68792,11.35792,10.93792,11.41792,10.15792,10.52792,11.17792,10.71792,8.22792,6.43792,5.70792,5.32792,2.01792,2.24792,2.7379198,2.7179198,0.6379199,-1.8820801,-1.29208,0.8279199,2.01792,2.4179199,2.80792,1.5079199,2.06792,1.5479199,1.58792,0.45791993,3.2179198,3.6679199,3.01792,3.78792,3.2179198,3.26792,5.69792,3.04792,3.7179198,3.10792,2.09792,2.34792
