json/gfs_20240725_18.json
{"header": { "discipline":0, "disciplineName":"Meteorological products", "gribEdition":2, "gribLength":79572, "center":7, "centerName":"US National Weather Service - NCEP(WMC)", "subcenter":0, "refTime":"2024-07-25T18:00:00.000Z", "significanceOfRT":1, "significanceOfRTName":"Start of forecast", "productStatus":0, "productStatusName":"Operational products", "productType":1, "productTypeName":"Forecast products", "productDefinitionTemplate":0, "productDefinitionTemplateName":"Analysis/forecast at horizontal level/layer at a point in time", "parameterCategory":2, "parameterCategoryName":"Momentum", "parameterNumber":3, "parameterNumberName":"V-component_of_wind", "parameterUnit":"m.s-1", "genProcessType":2, "genProcessTypeName":"Forecast", "forecastTime":0, "surface1Type":103, "surface1TypeName":"Specified height level above ground", "surface1Value":10.0, "surface2Type":255, "surface2TypeName":"Missing", "surface2Value":0.0, "gridDefinitionTemplate":0, "gridDefinitionTemplateName":"Latitude_Longitude", "numberPoints":65160, "shape":6, "shapeName":"Earth spherical with radius of 6,371,229.0 m", "gridUnits":"degrees", "resolution":48, "winds":"true", "scanMode":0, "nx":360, "ny":181, "basicAngle":0, "lo1":0.0, "la1":90.0, "lo2":359.0, "la2":-90.0, "dx":1.0, "dy":1.0 }, "data":
[rows 26 to 51 of 181, columns 59 to 117 of 360]
0.27196532,-1.7280346,-0.8580347,-1.1880347,-2.1980348,-2.1480346,-3.0380347,-3.5280347,-3.0980346,-2.6980348,-2.8480346,-4.7580347,-5.1080346,-3.4580348,-4.0080347,-3.3380346,-4.3780346,-5.5380344,-5.5880346,-4.098035,-2.8180346,-3.2780347,-0.62803465,1.8119653,1.2119653,2.5019653,2.4119654,1.1619654,0.021965332,0.8519653,1.0319654,-0.45803466,0.11196533,-0.47803468,-0.24803467,0.13196534,0.13196534,-0.34803468,-0.45803466,-1.2580347,-1.4580346,-2.2480347,-1.5480347,-1.1580347,-0.6580347,-0.93803465,-0.47803468,-1.0480347,-0.21803467,1.4519653,1.6619654,2.4419653,2.1119654,1.0819653,-1.5480347,-1.6280347,-1.7880347,-2.4880347,-1.7880347
-0.36803466,-0.5380347,-1.3280346,-1.4080347,-1.8280346,-2.5080347,-3.4180346,-1.9580346,-2.1080346,-2.2280347,-2.5580347,-4.9380345,-3.5780346,-3.1480346,-3.2680347,-4.5480347,-4.888035,-4.5480347,-4.3180346,-2.0780346,-0.87803465,0.38196534,1.6219653,1.8819653,2.1519654,2.7819653,1.4919653,1.9419653,2.4319654,-0.11803467,0.6519653,0.10196533,0.011965332,0.6619653,1.8019654,0.20196533,0.06196533,0.63196534,0.30196533,-0.56803465,-1.3380346,-1.3680347,-1.1380347,-1.5280347,-1.1680347,-1.1980346,-1.2680347,-0.63803464,1.5719653,1.6419654,2.4919653,2.0919654,0.7119653,-0.17803466,-0.23803467,-1.3680347,-0.48803467,-0.34803468,-0.13803467
-0.32803467,-1.6680347,-0.93803465,-1.0680346,-1.7480347,-1.9780346,-1.8580346,-1.6180347,-1.4980347,-1.7580347,-2.2280347,-2.1580346,-4.618035,-5.348035,-5.1280346,-3.5680346,-2.5480347,-1.8780347,-0.29803467,0.95196533,1.4919653,1.7019653,2.2719653,2.2819653,1.5419654,4.2919655,2.2319653,1.7319653,1.6419654,1.9419653,0.76196533,1.2719654,0.42196533,0.7819653,-0.7880347,-0.038034666,0.34196532,-0.11803467,0.051965334,-0.26803467,-1.1580347,-1.5280347,-1.2680347,-1.0380347,-0.7280347,-0.35803467,-0.5880347,1.7719654,1.1319653,1.7719654,2.5719652,1.1319653,0.7119653,1.9419653,-0.17803466,-0.14803466,-0.8380347,-0.26803467,-2.8180346
-1.4080347,-2.1880348,-2.0780346,-1.5580347,-2.0880346,-2.7180347,-1.9580346,-1.8880347,-1.4980347,-2.2480347,-3.2380347,-1.8880347,-1.9180347,-2.2480347,-2.1080346,-1.1280347,-0.25803468,0.87196535,1.1719654,0.7719653,1.4119654,1.2019653,1.5419654,1.9619653,1.7919654,1.1919653,1.9419653,1.6019653,1.8219653,1.5019653,0.45196533,0.62196535,1.4019654,1.1319653,0.37196532,-1.0480347,-1.0580347,0.22196533,0.041965332,0.21196534,-0.9080347,-1.8480346,-0.93803465,-0.5180347,-0.07803467,-0.29803467,-0.25803468,0.92196536,2.1819654,1.5619653,1.9819653,1.5919653,0.87196535,0.37196532,0.11196533,-0.32803467,-0.88803464,-0.37803468,-1.3480346
-1.5280347,-2.2080348,-1.6880347,-1.1480347,-1.3580346,-1.2180346,-1.7480347,-1.4280347,-2.6580346,-1.9880347,-2.3280346,-1.5580347,-1.4780346,-1.1980346,-0.92803466,-0.36803466,-0.15803467,-0.37803468,0.5219653,0.70196533,1.3119653,1.0219654,0.8319653,0.9819653,0.28196535,-0.6080347,1.4119654,0.76196533,0.48196533,-0.7680347,-0.6480347,0.75196534,0.68196535,0.35196534,1.5819653,0.5319653,0.86196536,0.011965332,0.45196533,0.011965332,-0.26803467,-0.19803467,-0.6680347,-0.80803466,-0.6080347,-0.43803465,1.8419653,1.3819653,0.55196536,-0.19803467,-0.028034668,0.14196533,-0.21803467,0.27196532,0.32196534,0.9719653,0.081965335,0.50196534,-0.14803466
-1.9280347,-1.8880347,-1.2680347,-1.7380347,-1.9280347,-1.7680347,-1.7380347,-1.3680347,-1.5480347,-1.0680346,-1.3280346,-1.5780346,-1.7980347,-1.6180347,-1.6480347,-0.99803466,-0.008034668,0.80196536,1.1219653,1.1119653,0.5319653,1.2319653,-0.008034668,-0.8980347,-0.67803466,-1.7780347,-0.74803466,0.5319653,1.0119653,-0.47803468,2.6819654,2.1919653,1.8719653,0.24196534,-0.14803466,1.5019653,0.8519653,0.19196533,-0.33803466,-0.28803468,-0.5980347,-0.12803467,0.35196534,0.46196532,0.7919653,1.2819654,0.29196534,-0.5280347,-0.5380347,-0.16803467,0.5819653,-0.20803466,-0.05803467,-0.88803464,-0.93803465,-0.5280347,-0.50803465,0.32196534,-0.27803466
-2.0280347,-2.0880346,-2.0680346,-2.8780346,-2.7580347,-2.5880346,-1.9580346,-1.1880347,-1.4980347,-0.9680347,-1.1880347,-1.4580346,-1.4580346,-2.5080347,-0.9580347,-0.54803467,-0.098034665,0.18196534,-0.35803467,-0.05803467,0.29196534,-0.5180347,-0.5380347,-0.98803467,-1.9680346,-0.5280347,0.09196533,0.25196534,-0.43803465,-0.9680347,1.4819653,1.4319654,1.3119653,0.9619653,0.45196533,0.17196533,1.1619654,0.121965334,0.92196536,0.081965335,-0.38803467,-0.038034666,0.40196532,0.88196534,0.35196534,-0.61803466,0.06196533,0.081965335,-0.54803467,0.24196534,0.95196533,0.40196532,0.06196533,-0.9780347,-0.68803465,-0.48803467,1.2719654,2.1619654,1.9719653
-2.5280347,-2.2080348,-1.9580346,-2.5880346,-2.8080347,-2.0480347,-1.2280346,-0.5180347,-0.6080347,0.14196533,-0.26803467,-0.6680347,-0.82803464,-1.5380347,-1.8180346,-1.9080347,-0.44803467,0.121965334,0.6419653,-0.17803466,-1.7480347,-0.5280347,-1.4580346,-1.7580347,-1.4380347,0.31196535,-0.32803467,0.07196533,1.0919653,1.1119653,0.92196536,1.6119653,1.2019653,1.1819654,0.7819653,0.30196533,0.75196534,0.10196533,-0.35803467,-0.7180347,-0.5380347,-0.05803467,-0.27803466,-0.54803467,-0.8380347,-0.12803467,-0.5380347,-0.11803467,-0.19803467,0.07196533,0.29196534,-0.6680347,-0.55803466,-0.32803467,0.93196535,3.5619652,1.6319653,2.8319654,1.8219653
-3.6180346,-3.6780348,-5.408035,-3.0480347,-2.4880347,-1.2880347,-0.13803467,0.10196533,0.35196534,0.32196534,-0.48803467,-1.1480347,-1.6280347,-1.1880347,0.051965334,0.07196533,-0.43803465,-0.47803468,-0.56803465,-1.2480347,-1.3380346,-1.3780347,-1.3280346,-1.5080347,-1.5580347,-0.93803465,1.3519653,1.0519654,1.1519654,1.4219654,-0.048034668,-0.54803467,0.42196533,0.5819653,1.2519653,-0.23803467,-1.2680347,-0.33803466,-0.07803467,-0.28803468,-0.39803466,-0.16803467,-0.06803467,-0.54803467,0.17196533,-0.27803466,0.35196534,0.011965332,-1.0880346,-0.79803467,-1.2680347,-2.3480346,-0.5280347,1.4019654,0.9119653,0.99196535,2.0719652,0.99196535,1.0219654
-2.1980348,-3.7280347,-3.7480347,-2.4780347,0.47196534,1.1519654,0.5919653,0.36196533,0.33196533,-0.10803467,-0.6680347,-0.13803467,-0.56803465,-1.0080347,0.9719653,0.57196534,-0.038034666,-0.9680347,-2.3180346,-2.4580348,-2.4880347,-2.6480346,-2.7580347,-2.8580346,-3.0580347,-2.1580346,0.30196533,1.3819653,-0.14803466,0.34196532,-0.038034666,-0.17803466,-0.73803467,0.03196533,-0.028034668,1.2319653,1.2819654,1.7519653,1.0919653,1.1919653,1.1819654,1.3819653,1.1719654,0.8919653,-0.008034668,0.21196534,-0.07803467,-0.56803465,-1.1580347,-1.1080346,-3.0980346,0.76196533,-2.6580346,-2.0480347,-0.63803464,-0.6580347,-1.3280346,-1.2380347,-0.36803466
-5.428035,-3.2080348,-1.3480346,-0.43803465,3.0619652,-0.13803467,1.1419654,1.1019653,0.7319653,0.9619653,0.57196534,0.03196533,-0.028034668,-0.21803467,0.23196533,0.25196534,-0.45803466,-1.1380347,-1.1180347,-2.0980346,-2.7680347,-2.9480348,-2.5780346,-4.1480346,-2.2280347,0.81196535,-0.10803467,0.56196535,0.46196532,0.121965334,0.48196533,-0.06803467,-1.1480347,-0.44803467,-0.36803466,-0.26803467,-1.1380347,-0.8580347,1.7119653,1.4819653,0.95196533,0.6019653,1.1619654,0.121965334,-1.6680347,-0.39803466,-1.4680346,-1.1980346,-1.1980346,-1.6780347,-1.7280346,-2.2680347,0.63196534,-1.7680347,-1.5380347,-0.48803467,-0.018034669,-0.80803466,0.03196533
-1.8280346,0.5819653,1.5719653,5.4519653,3.9119654,2.5419652,2.2019653,3.3719654,3.4019654,2.9419653,1.8519653,1.5919653,0.6519653,0.19196533,-0.6080347,-0.9780347,-1.6680347,-1.5680346,-1.9080347,-2.7980347,-3.2480347,-3.6580346,-3.9580348,-2.5780346,1.4119654,1.0319654,0.7919653,0.16196533,0.48196533,0.37196532,0.37196532,2.2919652,2.7319653,1.2819654,1.5019653,0.13196534,0.32196534,-0.9780347,-2.3980346,-2.3980346,-0.17803466,-0.15803467,0.99196535,0.46196532,-0.54803467,-0.32803467,-1.3680347,-1.4180347,-1.7980347,-2.9080346,1.3119653,-0.46803465,-2.3080347,-1.5980346,0.011965332,-0.19803467,-0.8380347,-0.38803467,-1.6280347
3.4519653,2.6719654,2.2519653,4.7419653,5.7119656,8.481965,5.7719655,8.131966,2.4819653,2.1019654,1.3119653,1.2519653,1.7519653,0.32196534,1.5519654,-1.2080346,-0.56803465,-2.4280348,-2.5080347,-2.9780347,-3.1980348,-4.098035,-2.8680346,0.34196532,1.6919653,2.5019653,2.2419653,1.6119653,0.8419653,1.8319653,1.4919653,0.43196532,-1.0080347,-1.3980347,-0.07803467,-0.24803467,-2.2080348,0.18196534,0.8319653,0.32196534,-0.92803466,-1.0980346,-0.68803465,-0.87803465,-0.36803466,-0.74803466,-1.0480347,2.5019653,-0.5280347,-1.3080347,-0.038034666,-1.1080346,-0.21803467,-1.9880347,-2.6080346,-1.8280346,-1.8180346,-1.1080346,0.33196533
1.2119653,3.6819654,2.0519652,4.3519654,7.8319654,3.6919653,4.571965,-0.6680347,2.4219654,3.4419653,1.2919654,1.5919653,0.68196535,-0.5880347,0.23196533,-1.7080346,-0.88803464,-1.8480346,-3.6480346,-3.2280347,-4.8580346,-3.2980347,1.7919654,0.6019653,-0.27803466,1.5119653,0.69196534,1.3119653,0.46196532,-0.23803467,-0.9080347,-0.7680347,0.24196534,-0.12803467,-1.1680347,1.0419654,1.3019654,1.2219653,0.69196534,-0.40803468,0.10196533,0.75196534,-0.5180347,-3.1880348,-2.7080348,-0.8980347,-1.4180347,-1.4080347,-1.6680347,-0.62803465,-0.43803465,-1.3780347,-1.0380347,-0.13803467,-0.75803465,-1.0180347,-1.1180347,0.56196535,-0.92803466
0.70196533,2.0819654,3.7919652,0.45196533,5.4919653,3.7919652,3.5819654,2.0819654,4.841965,2.8919654,-0.14803466,4.051965,2.3719654,2.1419654,-2.1880348,-1.8480346,-2.2880347,-0.11803467,0.28196535,-2.0280347,-1.4180347,0.16196533,0.92196536,0.7219653,0.33196533,-2.6380346,-1.0380347,-0.06803467,0.7119653,-0.80803466,0.15196534,0.26196533,-0.98803467,-0.06803467,1.3919654,0.5919653,0.14196533,-2.6380346,-0.88803464,0.99196535,-0.7280347,-1.6980346,-1.2780347,-0.7880347,-3.0680346,-0.50803465,-1.3080347,-0.34803468,-0.7180347,0.5819653,-0.99803466,-1.7480347,-1.2580347,-1.2180346,-1.6980346,-0.8980347,-0.7080347,0.29196534,0.6619653
-1.1280347,0.63196534,1.2619653,-1.5480347,7.941965,4.941965,1.6219653,-2.5380347,0.051965334,2.3219652,2.1019654,2.6419654,-0.008034668,-0.81803465,-3.6380346,1.6319653,1.9319654,1.4519653,0.46196532,1.1119653,2.6619654,1.2219653,2.7419653,0.92196536,-3.2280347,-0.9580347,-0.43803465,-0.9780347,-1.3880347,0.5219653,0.07196533,-0.5880347,-0.5280347,-1.1780347,-4.7280345,-1.5480347,-2.4480348,-1.1980346,-0.9180347,0.45196533,0.5219653,-1.1080346,0.8919653,-1.9480346,-0.45803466,-2.3980346,-1.0480347,-2.0180347,-0.8380347,-0.7880347,-0.15803467,-1.1380347,-1.4980347,-0.43803465,-0.62803465,-0.35803467,1.3519653,2.3019652,0.021965332
-1.5180347,-1.5580347,0.041965332,-1.1780347,6.3719654,5.571965,3.6519654,-0.028034668,-7.408035,2.2019653,0.13196534,0.8419653,-4.2180347,2.4619653,5.551965,2.3019652,2.7419653,1.0719653,-0.74803466,0.17196533,-0.80803466,-1.5680346,0.36196533,0.22196533,-2.1780348,-2.9580348,0.8419653,-0.42803466,-2.3580346,-3.0380347,-2.0880346,0.27196532,0.29196534,-1.1780347,-5.808035,-1.3380346,-2.3580346,-2.2380347,-1.5280347,1.4019654,0.6519653,1.3219653,-0.21803467,-1.5980346,-1.5380347,0.40196532,-1.2180346,-0.75803465,-1.7280346,-2.7180347,-3.0180347,-4.158035,-2.1280346,-2.9680347,-0.14803466,0.35196534,0.21196534,-0.7280347,0.8319653
-4.908035,-1.9880347,-2.3580346,3.6219654,3.0919654,2.2919652,3.3619654,-4.5680346,-0.18803467,2.2819653,0.86196536,-1.3980347,0.8519653,2.7419653,5.6419654,5.5419655,2.8019652,1.9119654,0.6019653,-1.6280347,-2.4380348,-2.0680346,-2.3380346,-2.1480346,-4.8780346,-2.9780347,-0.87803465,-1.5780346,-2.4280348,-4.0080347,-2.0780346,-1.6180347,-1.3080347,-0.99803466,-1.6280347,-2.0480347,-0.26803467,0.5919653,-0.37803468,0.27196532,-2.0180347,-1.5380347,0.5219653,-0.25803468,-0.46803465,-0.98803467,-2.4280348,-2.7280347,-4.638035,-7.848035,-4.8180346,-4.638035,-3.5380347,-0.20803466,-0.69803464,-1.6380347,0.26196533,0.16196533,0.50196534
-5.198035,-1.9580346,1.6219653,2.7619653,0.74196535,2.3619654,-1.9780346,-10.828034,4.4819655,2.0519652,0.37196532,-1.5080347,-1.5280347,-2.7980347,1.5319654,5.2619653,1.5219654,0.6519653,-0.32803467,0.45196533,0.6619653,0.6619653,2.2119653,-0.7780347,2.8719654,0.9019653,-2.6980348,-2.5280347,-4.0080347,-4.448035,-3.5880346,-1.6280347,-0.6680347,0.23196533,-1.5780346,1.5619653,-0.098034665,0.92196536,-1.2180346,1.3519653,-0.67803466,1.4619653,-0.73803467,-2.6380346,-2.7980347,-2.3880346,-4.7480345,-7.8580346,-6.8980346,-7.408035,-6.4180346,-2.5280347,1.6119653,2.6619654,2.6519654,1.8719653,2.7919652,1.6719654,2.7419653
-2.1680346,-1.1480347,1.0219654,0.6419653,-0.8980347,-1.0080347,-4.698035,-7.118035,-6.078035,2.2819653,0.9719653,-0.50803465,-1.9780346,-2.9280348,6.4319654,3.7719653,2.8619654,2.4019654,1.4719653,1.4519653,2.1319654,2.8619654,-0.9580347,-1.7580347,-1.7780347,-0.38803467,3.8919654,2.3719654,-0.16803467,-4.2780347,-1.7480347,-5.5880346,-0.98803467,-3.6380346,-3.7780347,-4.3180346,2.1519654,-0.93803465,0.38196534,2.4619653,1.8119653,2.9619653,-0.11803467,-0.46803465,1.1919653,-3.0480347,-5.658035,-5.578035,-7.5380344,-4.5280347,-2.1480346,-0.19803467,1.2119653,4.7319655,4.5019655,3.0919654,1.2019653,-0.5380347,3.2419653
-5.2580347,-3.8180346,0.57196534,-1.7980347,-3.3180346,-4.428035,-8.258035,-8.9980345,-3.5280347,1.3119653,2.5319653,-1.4480346,-2.7980347,1.0819653,6.2519655,0.5919653,3.2219653,3.2519653,-0.19803467,-2.9980347,1.2119653,0.40196532,0.88196534,-4.408035,-1.0180347,1.5419654,0.9019653,1.8919654,1.4219654,1.1919653,1.3919654,2.5219653,0.7319653,-2.9580348,0.99196535,0.26196533,-0.31803468,-0.8980347,1.8419653,2.7819653,0.38196534,-2.0280347,-0.98803467,-2.2380347,-2.6380346,-2.2580347,-3.4680347,-3.3880346,-5.5180345,-4.8180346,-1.7580347,0.9019653,1.0519654,2.6719654,3.5519652,3.4119654,2.0919654,1.9019654,3.5519652
-1.0480347,1.1119653,-2.4080346,-6.3580346,-4.3380346,-5.8980346,-9.598035,-11.258035,6.611965,2.4819653,-0.6580347,-0.55803466,2.4319654,3.0519652,2.7519653,2.6219654,-0.47803468,2.9219654,3.7419653,2.8319654,2.3519654,-1.5180347,0.27196532,3.6219654,2.4019654,1.0919653,0.23196533,-1.0680346,1.6619654,-1.9880347,-3.7180347,-0.15803467,-8.528034,-10.578034,-2.1880348,-2.4180346,-1.7780347,0.95196533,1.5919653,0.7919653,3.1519654,1.4019654,0.40196532,1.0919653,0.6419653,-0.42803466,0.9819653,-4.0280347,-4.428035,-0.18803467,-0.37803468,-0.5880347,2.4519653,3.0419652,3.0819654,-1.1280347,3.6119654,3.1719654,1.6319653
-1.5880346,-4.5680346,-5.2980347,-7.2180347,-8.398035,-11.198034,-12.7480345,-3.8480346,4.0819654,2.6419654,0.7119653,0.8419653,0.50196534,-1.6180347,-4.0180345,-0.15803467,-0.6480347,1.1619654,2.7219653,0.39196533,0.82196534,0.03196533,-0.31803468,2.0319653,-2.0680346,-2.1680346,-1.4580346,-0.19803467,-0.43803465,0.5219653,-2.2780347,-3.2180347,-4.3580346,-3.8380346,-1.9480346,-0.27803466,-0.6480347,-2.0680346,2.8719654,0.95196533,0.09196533,-3.5080347,-0.07803467,-0.47803468,-0.9780347,-0.80803466,-2.2780347,-0.42803466,0.94196534,-0.7080347,2.1819654,4.401965,3.5419652,3.0319653,0.021965332,1.6419654,3.1319654,2.5519652,1.4919653
-4.8980346,-5.7980347,-8.168035,-7.948035,-8.488034,-9.018035,-1.7380347,0.011965332,4.2119656,1.0119653,-1.6380347,-0.7680347,-2.5080347,-2.7380347,-1.4080347,1.4819653,0.7119653,-0.38803467,0.67196536,1.7319653,-1.7080346,3.4019654,2.4919653,-0.15803467,0.80196536,0.26196533,-0.38803467,-2.5080347,-5.348035,-0.44803467,-1.5280347,-3.6080346,-1.5880346,-2.7880347,-7.7680345,-1.5480347,-1.3280346,-0.9780347,-1.8780347,-0.57803464,-1.2180346,-0.9180347,0.31196535,0.9019653,0.011965332,-1.1580347,-1.4380347,3.3719654,-0.8480347,0.29196534,1.0619653,1.5419654,-0.43803465,-2.4780347,0.33196533,0.40196532,0.81196535,0.36196533,1.1119653
-5.6880345,-8.128035,-8.908034,-8.418035,-8.148035,-5.9380345,-0.7780347,-0.46803465,-1.2280346,2.5819654,2.6219654,0.80196536,1.4919653,3.2819653,1.5319654,0.16196533,-0.22803468,-1.3380346,1.1119653,0.6619653,1.2819654,0.61196536,-1.5280347,-2.0280347,1.1019653,-3.1080346,-4.0280347,-2.2180347,-1.6480347,2.4019654,1.0719653,-0.7780347,-0.99803466,0.24196534,2.8419654,1.4419653,-0.62803465,-1.6780347,0.70196533,2.0819654,-0.15803467,2.8219652,3.7819653,-0.88803464,2.2719653,1.1219653,0.81196535,-0.36803466,5.3919654,2.9419653,3.0219653,2.5719652,0.18196534,1.5719653,-0.028034668,0.57196534,2.0619652,0.021965332,1.5219654
-7.808035,-7.7880344,-8.128035,-10.028034,-5.7580347,-4.2380347,-1.8580346,-3.3580346,2.0819654,-0.9780347,-0.47803468,-1.8580346,0.47196534,-0.27803466,-0.69803464,-2.7280347,0.07196533,-1.5780346,0.43196532,-0.8580347,-2.8180346,-1.8580346,-2.1180346,-0.18803467,2.3719654,-0.7780347,-2.1880348,0.5219653,2.4919653,0.46196532,1.8919654,1.0519654,-0.99803466,-2.0980346,-6.638035,-3.2380347,-5.0680346,-3.1780348,-2.7380347,0.48196533,0.51196533,1.0419654,-0.62803465,2.1719654,0.81196535,0.82196534,0.39196533,1.4219654,1.1419654,-0.87803465,1.3319653,-1.6480347,-1.8880347,1.6319653,-0.038034666,0.081965335,-0.12803467,0.63196534,1.8019654
