json/gfs_20240723_12.json
{"header": { "discipline":0, "disciplineName":"Meteorological products", "gribEdition":2, "gribLength":79677, "center":7, "centerName":"US National Weather Service - NCEP(WMC)", "subcenter":0, "refTime":"2024-07-23T12:00:00.000Z", "significanceOfRT":1, "significanceOfRTName":"Start of forecast", "productStatus":0, "productStatusName":"Operational products", "productType":1, "productTypeName":"Forecast products", "productDefinitionTemplate":0, "productDefinitionTemplateName":"Analysis/forecast at horizontal level/layer at a point in time", "parameterCategory":2, "parameterCategoryName":"Momentum", "parameterNumber":3, "parameterNumberName":"V-component_of_wind", "parameterUnit":"m.s-1", "genProcessType":2, "genProcessTypeName":"Forecast", "forecastTime":0, "surface1Type":103, "surface1TypeName":"Specified height level above ground", "surface1Value":10.0, "surface2Type":255, "surface2TypeName":"Missing", "surface2Value":0.0, "gridDefinitionTemplate":0, "gridDefinitionTemplateName":"Latitude_Longitude", "numberPoints":65160, "shape":6, "shapeName":"Earth spherical with radius of 6,371,229.0 m", "gridUnits":"degrees", "resolution":48, "winds":"true", "scanMode":0, "nx":360, "ny":181, "basicAngle":0, "lo1":0.0, "la1":90.0, "lo2":359.0, "la2":-90.0, "dx":1.0, "dy":1.0 }, "data":
[rows 130 to 155 of 181, columns 232 to 289 of 360]
6.8249364,7.4749365,7.9149365,9.254936,9.344936,10.934937,12.154937,10.964936,11.164936,10.344936,10.044936,9.924936,8.274937,4.6649365,5.8749366,3.8949366,4.8849363,4.3549366,3.3549366,0.67493653,-0.96506345,-0.9850635,-0.46506348,-0.5050635,-0.9850635,-2.3950634,-4.2850633,-4.4250636,-3.3350635,-1.6450635,-1.8250635,-1.1950635,3.3349366,4.1049366,2.9649365,3.7749364,-4.7550635,-4.5650635,-4.2650633,-3.5550635,-3.1550634,-3.1850634,-0.83506346,-1.3150635,0.46493652,2.0249364,0.4149365,1.0149366,1.5949365,2.9749365,3.8749366,4.5249367,4.3149366,0.11493652,-5.6350636,-1.7750635,-2.0250635,-0.28506348
6.7149367,7.7049365,8.734937,9.144937,10.524937,11.114937,10.534937,10.854937,9.924936,10.604937,9.964936,9.334936,7.9649367,8.234937,6.7349367,6.7249365,5.8949366,5.0949364,4.4449368,3.8249366,3.0749366,-1.1150634,-2.1750634,-2.2750635,-2.2150636,-3.2750635,-4.7350636,-5.9450636,-6.2550635,-5.2350636,-3.1650634,-3.1150634,-2.0550635,1.2749366,2.8349366,2.0949366,3.5549364,4.3749366,-3.0950634,-3.3150635,-3.1550634,-3.1650634,-2.8750634,-1.7850635,-0.44506347,-0.89506346,2.0149364,0.45493653,0.8749365,1.1249366,2.7749364,3.7449365,4.0849366,4.0949364,-2.7650635,-1.3050635,-0.9750635,-0.5650635
6.4449368,7.7149367,8.104937,10.344936,9.784937,9.714936,10.444937,10.934937,10.744937,9.884936,8.964936,9.184937,8.754936,8.024937,7.8949366,6.7449365,5.2949367,4.4349365,4.9349365,3.9649365,2.2649364,2.9249365,2.6349366,-3.1450634,-3.3050635,-3.7550635,-4.9650636,-6.5050635,-7.1950636,-7.2150636,-7.0650635,-5.7350636,-3.9950635,-2.9150634,0.16493653,1.1149365,2.4249365,1.5849365,2.9749365,4.0449367,-1.2150635,-2.4550636,-2.5650635,-2.4150634,-2.2750635,-1.2650635,0.16493653,2.0349364,0.7049365,0.5549365,1.0149366,2.2249365,3.3449366,4.2249365,-1.1650635,-3.5050635,0.84493655,0.37493652
6.6549363,7.6249366,8.464936,9.034937,8.584936,8.584936,9.114937,9.744937,10.444937,9.924936,9.234937,9.814937,8.854937,7.8749366,8.994937,9.204937,6.3149366,6.4249363,6.3549366,4.8749366,2.0849366,2.2349365,0.08493652,2.0649366,-1.0050635,-5.0450635,-5.4450636,-7.0850635,-8.065063,-8.465063,-8.325064,-7.6350636,-6.4250636,-3.6450634,-2.2650635,-2.2950635,-0.25506347,1.3849366,3.1249366,1.2049365,2.3549366,2.7549365,1.2149365,-2.5350635,-1.7950635,-1.8350635,-3.4750636,-2.2650635,0.48493654,-0.25506347,0.034936525,0.43493652,1.8649365,3.4849365,0.5149365,-2.0850635,-1.3050635,0.044936523
6.3349366,6.9649367,8.544936,8.034937,7.0349364,7.5849366,8.624936,10.044936,10.014936,9.424936,9.284937,9.684937,9.154937,8.594936,8.804936,8.584936,7.8549366,7.8649364,7.1349363,6.8049364,4.2749367,2.7849364,0.8949365,1.4449365,1.4049366,-0.24506348,-7.1750636,-7.9850636,-8.245064,-8.335064,-9.625064,-9.195064,-7.6350636,-6.7050633,-4.2450633,-1.6550635,-1.3450634,-0.84506345,0.97493654,2.1049366,2.6249366,3.0049365,2.1349366,3.2649364,1.8249365,-2.2350636,-2.0550635,-2.9850636,-3.9250634,-2.2950635,-1.5150635,-0.6250635,0.21493652,2.5649366,1.4749365,0.6249365,-1.6950635,-2.7950635
5.8249364,6.8449364,7.5249367,5.7849364,6.2249365,6.9849367,7.7049365,7.9949365,7.8749366,8.184937,9.104937,9.184937,9.394937,9.4749365,9.044936,8.114937,8.714936,8.864937,8.534937,7.5249367,10.654937,6.9449368,4.7649364,5.0749364,-0.8150635,-6.4550633,-9.835064,-9.965063,-9.2750635,-8.715063,-10.075064,-9.925063,-8.865064,-7.3150635,-5.9350634,-5.0350633,-2.0050635,-0.70506346,-0.6950635,0.98493654,1.8649365,3.1549366,2.3649366,1.8249365,0.60493654,1.8749366,-1.9350635,-2.5750635,-3.3350635,-3.9950635,-3.5450635,-2.7750635,-2.2950635,-0.51506346,0.31493652,1.0349365,-1.8250635,0.3849365
4.3749366,6.3149366,6.1949368,5.5349364,5.3149366,5.9749365,6.1049366,6.5049367,8.344936,9.294936,9.504936,9.924936,9.084936,8.524937,8.964936,7.6249366,9.034937,8.494937,8.554936,8.804936,8.044936,5.8249364,7.2549367,9.744937,1.5849365,-10.665064,-11.645063,-12.215063,-10.925063,-9.975063,-10.615064,-10.855063,-9.745064,-7.8350635,-7.1750636,-5.4250636,-3.6850634,-1.4350635,0.25493652,1.1749365,1.9649365,2.6349366,2.6749365,2.5049365,0.7049365,1.1849365,0.59493655,0.27493653,-4.1850634,-4.7150636,-4.3950634,-5.2550635,-6.0150633,-2.9850636,-1.1350635,-1.8150635,0.3549365,-1.6050634
2.8949366,5.0049367,5.5949364,5.1649365,5.2549367,5.2049365,5.6049366,6.7349367,7.3249364,9.464936,10.874936,10.044936,9.374936,8.964936,8.334936,7.3649364,8.284937,10.064937,9.404937,9.274937,8.644937,8.564937,8.674936,9.004936,14.114937,-5.7850633,-11.435063,-13.435063,-12.075064,-10.615064,-11.205064,-12.015063,-9.785064,-8.695064,-8.315063,-6.2850633,-3.9350634,-2.4950635,-1.5150635,0.9649365,3.1549366,3.4849365,2.5449364,1.1449366,1.0949365,0.3249365,0.25493652,-0.9850635,-1.5450635,-4.9450636,-6.5850635,-8.135063,-8.995064,-8.855063,-0.8550635,-1.6150634,-4.8550634,-3.3250635
3.8149366,3.3749366,3.6949365,4.4749365,4.3849363,4.8749366,4.7349367,5.6649365,6.9749365,8.284937,9.324937,9.444937,8.904937,7.9249363,9.954937,6.4449368,9.444937,10.144937,8.524937,9.084936,8.914936,9.404937,8.764936,9.684937,12.394937,8.074937,-11.945064,-13.265063,-13.005063,-12.455064,-11.765063,-10.955064,-9.755063,-8.7750635,-8.905064,-6.1450634,-3.8850634,-2.8550634,-1.1550635,0.11493652,2.2249365,2.1649365,2.6149366,1.9449365,2.0049365,0.61493653,-1.0050635,-1.3750634,-2.9450636,-4.5250635,-7.4450636,-9.915064,-11.5250635,-4.6250634,-0.5550635,-2.2350636,-3.1450634,-4.4450636
4.0149364,3.4149365,2.0149364,2.1449366,3.2749364,3.5149364,4.3749366,3.6849365,4.6949368,6.0749364,7.0249367,6.8649364,8.554936,8.544936,7.6449366,9.424936,8.274937,8.894937,8.414936,9.844936,10.124936,10.504936,11.074937,12.034937,15.104937,-0.77506346,-1.3550634,-10.175063,-12.785064,-13.165064,-12.175063,-11.085064,-9.155064,-8.115064,-7.5150633,-5.5050635,-3.4650636,-1.7850635,-1.0350635,-0.025063477,2.8749366,2.4849365,3.2049365,2.4249365,2.5349364,3.3949366,0.49493653,-0.7850635,-4.1850634,-7.2350636,-8.655064,-11.655064,-16.165064,-4.7050633,-4.8250637,-2.3750634,-5.2550635,-11.395063
3.3749366,3.1949365,2.4949365,1.6149365,0.8349365,2.0849366,2.6249366,2.8649366,2.9849365,3.1349366,3.8749366,5.0449367,5.6249366,7.4849367,7.6049366,8.734937,9.154937,10.664936,11.924936,11.174936,9.634936,10.134936,12.264936,14.484937,15.124936,-7.6450634,-7.8350635,-8.365064,-11.595063,-13.175063,-12.515063,-10.825064,-9.355063,-8.135063,-6.5650635,-5.1650634,-4.0450635,-2.3850634,-1.6050634,-0.13506347,3.2349365,4.5449367,4.9449368,5.3249364,4.2649364,6.2349367,3.2649364,-3.0450635,-8.855063,-10.945064,-13.165064,-15.015063,-18.995064,-18.715063,-5.3650637,-7.4450636,-4.7650633,-8.795063
4.2949367,3.9249365,3.2249365,2.1149366,1.4349365,-0.6050635,-0.34506348,0.73493654,1.1849365,1.1949365,1.7149365,1.8549365,2.6049366,4.2949367,5.7349367,6.9549365,8.234937,9.794936,10.164936,11.894937,12.524937,11.864937,11.984937,14.914936,17.684937,-4.9550633,-8.685063,-9.445064,-11.665064,-13.515063,-12.765063,-10.295063,-8.965063,-7.7950635,-7.1750636,-5.7550635,-3.4450636,-1.6550635,-2.1650634,0.12493652,2.8649366,5.0449367,6.5649366,8.774937,9.9749365,14.024937,5.2949367,-6.3550634,-10.565063,-13.285064,-14.035064,-15.215063,-18.815063,-19.905064,-10.575064,-2.8050635,0.15493652,-8.585064
5.3849363,5.3449364,5.3249364,4.9749365,5.0249367,3.1949365,0.46493652,-1.6650635,-1.6250634,-1.1050634,-1.0750635,-0.6150635,-0.08506348,0.67493653,2.3849366,3.8349366,5.4349365,7.7649364,9.234937,10.994937,10.954937,12.424936,13.554936,14.244937,14.114937,11.364937,-5.1450634,-10.195064,-12.725063,-12.755063,-11.335064,-10.105063,-8.605063,-7.6950636,-7.5250635,-5.4250636,-3.0750635,-1.9150635,-2.3150635,-0.48506346,2.5749366,5.7949367,7.5849366,9.534937,12.074937,16.774937,4.4149365,-3.8450634,-7.9650636,-12.2750635,-15.365064,-16.705063,-16.785063,-20.435064,-16.375063,-2.1050634,-1.7150635,-5.1650634
6.6949368,5.7049365,5.6349363,5.4949365,4.9849367,4.3749366,3.8849366,1.2149365,-4.3450637,-3.5650635,-3.3950634,-2.6650634,-2.8350635,-1.1350635,-2.1450634,-0.95506346,2.1849365,4.5849366,7.0949364,7.8349366,10.044936,10.584936,11.824937,12.464936,8.2249365,9.014936,10.854937,-0.34506348,-8.445064,-9.985064,-9.345063,-7.8250637,-6.5250635,-7.6350636,-6.8450637,-6.0650635,-3.9550636,-1.7550635,-1.0650635,-0.64506346,1.5349365,4.9949365,9.564937,10.4749365,13.124936,16.264936,19.094936,-1.9850634,-2.7750635,-10.565063,-13.385063,-15.395063,-16.365063,-18.195063,-16.085064,-9.305063,-4.7050633,-4.0050635
4.5649366,4.7849364,4.7549367,5.1749363,5.2949367,4.9349365,4.6649365,3.8649366,1.2249365,-4.5050635,-6.0150633,-5.9250636,-6.4250636,-5.2450633,-3.6950636,-3.5250635,-1.9650635,1.5649365,3.3449366,6.0249367,6.8649364,8.134936,8.284937,9.064937,7.5849366,7.2849364,6.7649364,5.5949364,5.0949364,-0.24506348,-4.3550634,-5.3450637,-4.9050636,-5.0850635,-4.2150636,-3.4750636,-3.3450634,-2.9250634,-1.6850635,-1.5750635,-0.015063477,3.7449365,6.9449368,9.584936,11.924936,14.874936,16.424936,18.814936,-5.1350636,-7.1450634,-9.985064,-11.985064,-12.505063,-15.335064,-18.245064,-15.635063,-3.9550636,-2.2250636
8.244937,7.8649364,7.1549363,6.7249365,6.6049366,6.3249364,5.7549367,5.0349364,3.9949365,2.0349364,0.43493652,-8.905064,-9.285064,-8.995064,-7.3950634,-5.9750633,-4.3950634,-2.2550635,-0.34506348,3.1049366,4.0849366,5.2049365,5.9949365,6.1149364,7.1949368,4.8349366,5.8949366,4.7649364,3.9749365,1.1149365,-1.0050635,-2.3750634,-2.8850634,-3.2750635,-2.7250636,-1.9850634,-1.2450634,-2.5350635,-1.9750634,-1.8150635,-1.8650634,1.3449365,4.0949364,7.5849366,9.714936,10.914936,13.864937,15.494937,16.434937,5.8549366,-9.495064,-10.095063,-12.945064,-15.505063,-15.975063,-16.165064,-17.295063,-7.8050632
8.534937,9.074937,9.564937,9.274937,9.084936,9.134936,8.624936,7.4349365,5.7949367,4.2949367,3.8049364,1.5449365,-10.185063,-11.035064,-11.345063,-9.625064,-7.7550635,-5.1450634,-4.1950636,-1.1050634,1.8849366,3.5849366,4.3349366,4.8149366,4.2549367,5.3949366,4.2249365,5.5649366,4.4049363,2.4849365,1.2549366,0.59493655,-0.15506348,-1.3050635,-1.1650635,-1.7850635,-2.2650635,-1.4950634,-0.58506346,-0.95506346,-2.8050635,-2.2750635,1.6049365,4.1149364,7.0449367,9.554936,8.814937,11.684937,10.824937,11.624936,11.004936,8.394937,4.1349363,-9.135063,-11.755063,-12.135063,-11.725063,-11.635063
9.894937,10.914936,10.414936,9.834936,9.814937,10.094936,9.7249365,9.054936,7.9149365,5.2649364,3.5149364,1.7349365,-2.0750635,-10.835064,-13.215063,-13.785064,-11.715063,-8.755063,-6.7850633,-5.4550633,-2.2050636,1.0849365,1.6349366,2.6349366,2.9149365,3.0149364,4.2149367,5.1249366,4.1149364,4.7349367,3.9249365,2.6949365,1.5749365,1.2849365,-0.43506348,-1.3350635,-2.3050635,-3.0850635,-2.4050634,-0.9450635,-3.7150636,-5.4950633,-2.2550635,1.0749365,2.9649365,6.7749367,8.424936,5.2249365,7.9249363,6.6449366,6.7249365,6.0849366,5.6549363,4.8349366,2.2749364,-1.1450635,-3.7250636,-5.6350636
9.7249365,10.194937,10.514936,10.294936,10.294936,10.044936,10.824937,7.9049363,5.3149366,3.8749366,3.7149365,1.9649365,-0.12506348,-3.1350634,-13.835064,-14.305063,-14.005063,-12.665064,-10.325064,-8.075064,-5.0150633,-2.5150635,0.034936525,0.72493654,1.8849366,3.3549366,4.1649365,6.2149367,5.0349364,7.3449364,7.1249366,5.1149364,5.9549365,0.20493652,1.0749365,-0.25506347,-1.8250635,-3.6050634,-2.4650636,-2.1750634,-6.8650637,-6.4150634,-4.1650634,-2.0450635,0.33493653,3.3049364,5.5549364,6.0049367,7.0849366,3.5649366,2.8349366,2.3949366,0.66493654,-1.7550635,-1.8950635,-2.0850635,-5.6750636,-6.4650636
10.274937,11.294936,11.174936,11.684937,13.044936,13.404937,13.704937,12.7249365,11.494937,3.1249366,1.7649366,1.7649366,0.5649365,-1.4750634,-1.9550635,-15.5250635,-16.615063,-14.875064,-12.015063,-10.885063,-6.8850636,-4.4750633,-2.3450634,-0.9450635,0.24493653,1.4349365,3.1949365,5.6449366,3.8249366,7.3849363,8.044936,6.0049367,6.2949367,5.9749365,6.1949368,4.8449364,0.5649365,-3.4150634,-1.6250634,-1.7150635,-7.9650636,-5.5750637,-3.6350634,-2.0450635,0.9349365,2.6449366,2.5849366,-0.8750635,3.1049366,2.1249366,-0.58506346,-3.7450635,-6.1550636,-4.1250634,-3.7350636,-4.1650634,-4.6450634,-5.4550633
11.824937,12.034937,12.244937,12.004936,12.994937,14.674936,14.854937,14.394937,15.314937,4.4049363,1.6949365,1.0349365,1.0249366,-4.8950634,-2.4650636,-14.755063,-16.305063,-14.985064,-12.925063,-12.345063,-8.185063,-5.9650636,-3.5950634,-2.1650634,-0.6950635,0.16493653,0.65493655,1.4649365,2.0849366,4.1249366,7.5849366,7.6649365,2.8549366,3.5249364,7.6549363,11.874936,-5.2150636,-5.8150635,-5.3050632,-4.7750635,-5.6850634,-4.9250636,-2.2150636,1.2549366,4.4049363,5.5549364,3.1649365,-1.4850634,-5.9850636,-2.1750634,-3.3250635,-8.925063,-8.515063,-6.9350634,-5.9150634,-4.9750633,-5.3950634,-5.6850634
11.384936,11.734937,12.314937,13.304936,13.664936,14.934937,16.274937,16.824936,19.314936,7.1849365,2.9749365,-0.105063476,-0.47506347,-1.2850635,-2.1850634,-15.805063,-14.965063,-14.0250635,-13.055063,-10.785064,-7.9950633,-6.3450637,-4.8450637,-2.8050635,-1.4350635,-0.105063476,0.5249365,1.7249365,6.3649364,1.6349366,4.4649367,5.7449365,6.5649366,5.4749365,5.7749367,5.1249366,2.3449366,1.1049365,-4.8350635,-4.5550632,-4.0250635,-2.1250634,-0.025063477,2.2349365,5.7949367,5.0749364,3.0749366,-3.1650634,-1.3550634,-2.9550636,-6.0150633,-6.7950635,-6.9550633,-6.6050634,-6.2550635,-5.8750634,-5.5050635,-6.7850633
11.154937,10.584936,11.744937,12.214936,12.874936,14.844936,16.224937,16.414936,17.074936,14.244937,15.434937,6.3349366,-0.035063475,-4.6150637,-9.535064,-10.485064,-10.205064,-11.315063,-10.875064,-9.155064,-7.4350634,-5.9450636,-4.9150634,-3.5650635,-1.9550635,-0.47506347,-0.055063475,-0.105063476,1.2449365,5.2849364,-0.7850635,2.0949366,4.2349367,5.5749364,7.0649366,1.9349365,-1.9450635,-2.4750636,-6.1750636,-5.1050634,-4.0250635,-2.2550635,-0.6250635,0.044936523,1.2549366,2.0149364,3.2649364,1.9549365,0.61493653,-0.5450635,-1.3750634,-2.5450635,-3.0850635,-3.5450635,-4.3550634,-3.3350635,-4.6750636,-6.8950634
11.514936,10.834936,10.624936,11.294936,11.734937,12.334936,13.644937,14.264936,15.834936,13.374936,9.554936,9.994937,7.6949368,-6.6750636,-7.6350636,-9.925063,-9.575064,-9.635063,-8.815063,-7.5150633,-6.1750636,-5.2350636,-4.3050632,-3.6250634,-2.6350634,-1.2050635,-0.6650635,0.13493653,0.34493652,1.7449365,6.4749365,-3.1450634,0.23493652,3.9249365,5.0549364,5.8749366,-2.8550634,-7.1550636,-6.6750636,-5.6150637,-4.1950636,-2.6750634,-2.1450634,-1.9550635,-0.96506345,-0.20506348,0.14493652,0.30493653,0.5049365,0.54493654,0.064936526,-0.20506348,-1.1050634,-1.1650635,-3.1950636,-5.0750637,-5.5950637,-4.5850635
10.444937,10.344936,10.384936,11.204937,11.744937,11.644937,11.574937,11.284937,11.844936,14.384936,4.4649367,2.8749366,0.67493653,-1.5450635,-3.7750635,-5.2150636,-6.4950633,-7.0450635,-5.7950635,-5.4150634,-4.3650637,-3.4750636,-2.3150635,-2.0850635,-2.2350636,-1.3650634,-0.9250635,-0.7350635,0.20493652,0.26493654,0.48493654,2.0049365,1.6749365,-1.2050635,1.5749365,2.0949366,0.34493652,-4.3450637,-5.1250634,-4.6150637,-3.8850634,-2.7950635,-1.3250635,-1.0250635,-0.84506345,-0.5050635,-0.49506348,0.25493652,-1.4150635,-2.1450634,-1.8350635,-1.6350635,-2.2050636,-1.4950634,-0.77506346,-1.4650635,-0.83506346,-1.0950634
9.4749365,9.684937,10.014936,10.384936,11.524937,10.324937,9.854937,9.674936,9.664936,9.854937,10.914936,7.5949364,-2.7450635,-4.1450634,-3.7650635,-2.3650634,-2.5950634,-3.1550634,-3.4650636,-3.3650634,-2.2450635,-1.7950635,-1.8850635,-1.5950634,-1.2250634,-0.49506348,0.6449365,0.11493652,-0.23506348,-0.45506346,0.5549365,-0.11506347,0.034936525,0.42493653,-0.6650635,-0.25506347,0.42493653,-1.1250634,-3.3150635,-3.0450635,-2.3850634,-2.0550635,-4.1350636,-3.7750635,-3.9850636,-3.8050635,-2.3850634,-2.3050635,-3.4150634,-2.9050634,-2.5650635,-3.5650635,-3.4950635,-2.1050634,-1.7550635,-1.4850634,-1.1050634,-0.9250635
