json/gfs_20240723_18.json
{"header": { "discipline":0, "disciplineName":"Meteorological products", "gribEdition":2, "gribLength":80189, "center":7, "centerName":"US National Weather Service - NCEP(WMC)", "subcenter":0, "refTime":"2024-07-23T18:00:00.000Z", "significanceOfRT":1, "significanceOfRTName":"Start of forecast", "productStatus":0, "productStatusName":"Operational products", "productType":1, "productTypeName":"Forecast products", "productDefinitionTemplate":0, "productDefinitionTemplateName":"Analysis/forecast at horizontal level/layer at a point in time", "parameterCategory":2, "parameterCategoryName":"Momentum", "parameterNumber":2, "parameterNumberName":"U-component_of_wind", "parameterUnit":"m.s-1", "genProcessType":2, "genProcessTypeName":"Forecast", "forecastTime":0, "surface1Type":103, "surface1TypeName":"Specified height level above ground", "surface1Value":10.0, "surface2Type":255, "surface2TypeName":"Missing", "surface2Value":0.0, "gridDefinitionTemplate":0, "gridDefinitionTemplateName":"Latitude_Longitude", "numberPoints":65160, "shape":6, "shapeName":"Earth spherical with radius of 6,371,229.0 m", "gridUnits":"degrees", "resolution":48, "winds":"true", "scanMode":0, "nx":360, "ny":181, "basicAngle":0, "lo1":0.0, "la1":90.0, "lo2":359.0, "la2":-90.0, "dx":1.0, "dy":1.0 }, "data":
[rows 50 to 74 of 181, columns 171 to 227 of 360]
-1.3917553,-0.7817554,-0.37175536,0.40824464,1.2982446,2.9982445,5.3382444,5.5182447,5.5282445,5.2782445,5.398245,5.5582447,5.3282447,3.9282446,4.2882447,-1.7117554,0.9582446,2.6182446,1.6182446,1.7882446,1.3982446,0.7782446,0.86824465,1.2982446,0.08824463,-0.7817554,-0.32175538,-1.9517554,-1.5217553,-2.5917554,-3.0017555,-3.0017555,-2.4617553,-2.0917554,-2.6817553,-2.6017554,-1.6917554,-2.2417555,-2.0417554,-3.2417555,-2.6017554,-2.3417554,-1.9017553,-1.4117553,-0.30175537,0.02824463,0.5182446,0.94824463,1.3182446,1.5782447,1.3082446,0.8982446,0.8282446,1.4182446,1.5782447,1.0282446,-0.87175536
1.8082446,2.3982446,3.0682447,3.6182446,4.6182446,6.3882446,7.168245,6.918245,5.5182447,6.1382446,6.8682446,6.9282446,7.3382444,8.698245,5.7682447,6.1582446,3.4182446,3.0782447,2.1882446,1.2482446,1.1282446,1.3082446,1.6382446,-0.0017553711,-0.70175534,-0.9617554,-2.1417553,-2.5817554,-3.3617554,-3.4517553,-3.7817554,-3.6117554,-4.331755,-3.4617553,-4.1117554,-4.041755,-4.501755,-5.771755,-5.521755,-4.9517555,-5.001755,-4.6517553,-4.2817554,-4.1717553,-3.1217554,-2.7717555,-1.9217553,-1.4817554,-1.1717553,-0.7917554,-0.62175536,-1.0217553,-1.1817554,-1.0117553,-1.2617553,-2.0917554,-2.0717554
4.3382444,2.4882445,2.6182446,3.2682447,4.728245,6.1082444,6.6982446,6.5482445,6.4482446,6.0982447,7.0382447,7.168245,7.0282445,6.8882446,7.3082447,6.0782447,4.728245,2.7982447,2.1082447,1.1282446,1.6282446,1.7482446,2.0582447,-0.99175537,-1.3517554,-1.5717554,-2.8417554,-3.9917555,-4.581755,-4.581755,-4.7117553,-4.041755,-4.271755,-4.351755,-4.7817554,-5.9817553,-6.4517555,-8.041756,-7.3217554,-5.9917555,-5.751755,-5.5517554,-5.9017553,-5.7417555,-5.101755,-4.6617556,-4.3017554,-3.8517554,-3.5217555,-3.4517553,-3.0517554,-3.0017555,-3.1517553,-2.7617555,-2.7717555,-2.5517554,-2.7717555
9.128244,9.278245,9.188245,8.038244,8.198245,8.828244,10.458244,9.108245,8.498244,6.728245,6.728245,6.7582445,6.3382444,5.708245,6.1982446,5.2882447,3.6182446,2.3182447,2.0982447,1.8782446,1.9082446,1.0682446,0.35824463,0.7082446,-0.07175537,-1.4717554,-3.7717555,-4.4917555,-5.2417555,-5.3917556,-5.561755,-4.6117554,-4.851755,-4.561755,-5.2817554,-5.351755,-7.8617554,-8.191755,-8.121756,-7.2017555,-7.751755,-7.061755,-6.7017555,-6.8617554,-6.251755,-5.9817553,-5.9717555,-5.541755,-5.3217554,-4.8717556,-4.4817553,-4.2217555,-3.9517553,-4.021755,-3.5517554,-3.6817553,-3.4517553
8.458244,8.288244,8.778245,8.988245,7.1782446,10.048244,9.5082445,8.488245,6.5282445,6.8082447,6.2382445,6.0282445,3.8182447,6.648245,5.438245,2.8382447,2.6482446,1.3182446,1.0082446,1.1282446,0.5282446,1.8182446,1.2782446,1.4582447,-0.37175536,-1.7817553,-2.8217554,-2.5017555,-5.8217554,-5.5517554,-5.6717553,-5.9217553,-4.6217556,-4.3417554,-3.2117553,-2.2817554,-2.9717553,-4.4617553,-7.0317554,-6.2217555,-7.601755,-7.6917553,-7.4517555,-7.5117555,-7.0317554,-6.4417553,-6.7417555,-5.4917555,-5.8417554,-5.1817555,-6.2017555,-4.6317554,-4.7617555,-4.581755,-3.9417553,-3.9017553,-4.1517553
6.9882445,7.5282445,7.3782444,7.728245,4.9282446,8.188245,7.6282444,7.688245,6.7582445,6.3482447,5.7882447,5.3482447,4.0982447,3.6582446,2.5682447,3.0182447,1.1982446,0.85824466,0.5182446,-0.9817554,-0.75175536,-0.56175536,-0.5217554,-0.6717554,-3.4917555,-2.0217555,-2.5017555,-3.3617554,-5.2817554,-5.8617554,-6.4217553,-6.5517554,-6.771755,-5.561755,-3.8717554,-2.6217554,-0.95175534,-3.9717553,-4.3617554,-5.0317554,-7.0517554,-8.301755,-8.181755,-8.151755,-7.6417556,-6.6417556,-6.6817555,-7.3417554,-6.0117555,-5.2217555,-5.1817555,-6.4617553,-4.311755,-5.101755,-5.3217554,-4.6117554,-4.3617554
5.3282447,5.998245,6.6582446,6.5282445,6.9082446,6.9882445,6.9282446,6.2582445,5.6282444,5.0282445,5.3282447,4.1182446,3.5382447,1.0982447,2.2182446,1.1982446,0.33824462,-0.33175537,-1.5017554,-2.0117555,-1.4817554,-1.5117553,-1.7217554,-3.5617554,-1.9817554,-2.7117553,-2.0417554,-2.3517554,-3.5917554,-4.6617556,-5.3217554,-6.2117553,-7.581755,-6.7317553,-4.7217555,-4.081755,-3.8317554,-5.0317554,-5.521755,-4.601755,-6.0317554,-6.0317554,-6.4217553,-8.461756,-7.9217553,-7.061755,-6.5717554,-6.4317555,-7.1917553,-6.6917553,-5.9117556,-5.2317553,-6.1717553,-4.3917556,-4.8917556,-5.3417554,-4.3717556
4.0882444,4.2782445,4.4482446,5.458245,6.148245,5.3682446,5.2182446,4.938245,4.5482445,4.1582446,3.5082445,3.2882447,2.5882447,0.33824462,-0.0117553715,-0.36175537,-1.3217554,-2.3717554,-2.4017553,-2.9817553,-1.7917553,-3.4117553,-3.5817554,-2.4317553,-1.9017553,-2.4917555,-2.4017553,-2.5117555,-4.581755,-3.5717554,-5.001755,-6.1717553,-7.7417555,-7.8217554,-7.351755,-6.271755,-5.6517553,-6.2217555,-6.1317554,-6.3917556,-5.4917555,-5.2217555,-4.8017554,-5.831755,-7.8217554,-7.4117556,-6.8917556,-6.6817555,-7.581755,-7.0317554,-7.6617556,-6.1317554,-6.4517555,-5.251755,-5.2617555,-5.1817555,-4.7417555
2.7682447,3.2082446,3.1382446,3.4982445,4.0082445,3.9282446,3.7882447,3.7482445,2.6082447,2.1682446,1.0182446,1.6682446,-0.14175537,-1.4617554,-1.6817554,-2.7817554,-3.7017553,-4.0917554,-4.1817555,-4.251755,-3.8517554,-3.2917554,-3.9817553,-2.8817554,-2.2917554,-3.0017555,-2.2817554,-3.7817554,-5.1517553,-5.1817555,-5.4517555,-7.5917554,-8.351755,-8.011755,-8.581756,-6.541755,-7.4717555,-7.5317554,-7.021755,-6.6517553,-7.4717555,-6.8017554,-5.6217556,-5.851755,-7.6317554,-8.001756,-7.1817555,-7.041755,-7.9217553,-7.3717556,-7.1417556,-6.8817554,-6.1917553,-6.3217554,-5.9417553,-4.7017555,-4.9317555
2.3382447,1.8282447,1.5382446,1.4982446,1.5082446,1.5582446,1.8382447,0.55824465,-0.10175537,-0.7217554,-0.6017554,-0.7317554,-2.6617553,-3.0917554,-3.7217553,-3.2917554,-5.1517553,-4.9317555,-5.2817554,-5.021755,-4.291755,-3.1317554,-3.2617555,-3.2417555,-2.8217554,-3.9017553,-3.8017554,-5.6417556,-5.6417556,-6.0317554,-6.5317554,-7.521755,-8.4917555,-8.791756,-7.2417555,-8.021755,-7.9917555,-7.9717555,-8.511755,-7.0117555,-8.171756,-8.801755,-8.221755,-6.6617556,-8.171756,-8.321755,-8.061755,-7.1517553,-5.9117556,-7.581755,-7.4717555,-6.7117553,-6.6117554,-6.0317554,-5.4717555,-4.7317553,-5.0517554
0.28824463,-0.14175537,0.02824463,-1.0917554,-1.0617554,-1.2517554,-0.49175537,-2.0717554,-1.6717553,-1.8317554,-1.6317554,-3.3117554,-3.3517554,-4.0717554,-4.831755,-5.0717554,-5.3717556,-5.4217553,-4.1617556,-4.2817554,-2.8917553,-2.6517553,-4.0117555,-3.9517553,-4.101755,-4.0117555,-5.7617555,-5.9717555,-6.4717555,-6.541755,-6.8817554,-7.351755,-4.6917553,-7.4517555,-7.751755,-8.041756,-7.851755,-7.831755,-9.281755,-9.511755,-8.321755,-9.311755,-9.571755,-9.211756,-7.9217553,-8.891755,-7.771755,-7.7817554,-5.8817554,-4.6717553,-5.1817555,-7.5517554,-6.6617556,-5.8017554,-5.501755,-5.851755,-4.101755
-1.5717554,-1.8917553,-1.6217554,-2.1717553,-2.9817553,-2.0717554,-3.2417555,-3.7617555,-3.0417554,-3.1317554,-3.2317553,-4.6717553,-4.581755,-3.7017553,-4.9717555,-5.0917554,-5.3017554,-5.021755,-4.251755,-3.9717553,-3.3417554,-3.0517554,-4.811755,-4.4117556,-5.7117553,-5.3917556,-6.311755,-6.831755,-6.9417553,-7.001755,-6.7317553,-7.6717553,-7.0917554,-6.6417556,-8.101755,-8.261755,-7.581755,-8.291756,-9.971755,-9.291756,-8.651755,-9.071755,-10.641755,-10.181755,-8.911756,-9.121756,-7.831755,-6.4717555,-6.831755,-6.8417554,-6.2317553,-5.7417555,-6.1817555,-5.2117553,-5.6417556,-4.851755,-4.9417553
-2.8517554,-3.3417554,-3.5217555,-3.9217553,-3.4317553,-4.0917554,-4.0317554,-5.101755,-4.5317554,-4.6317554,-4.001755,-5.1717553,-5.811755,-5.6517553,-5.6417556,-5.4217553,-4.7017555,-4.101755,-4.5317554,-4.3617554,-4.831755,-5.3917556,-6.081755,-6.1917553,-5.831755,-7.271755,-7.021755,-7.2317553,-7.081755,-7.4117556,-7.521755,-6.5717554,-8.761755,-7.4817553,-7.5517554,-8.381756,-7.6817555,-7.5917554,-9.201756,-9.851755,-10.221755,-9.541756,-9.101755,-9.791756,-9.851755,-9.321755,-7.291755,-7.1117554,-6.581755,-4.6217556,-6.6617556,-7.0917554,-5.8217554,-5.1517553,-5.7217555,-4.8217554,-4.9817553
-4.6617556,-4.2017555,-4.1417556,-4.351755,-3.6317554,-4.1217556,-5.1617556,-4.8217554,-5.1617556,-3.8517554,-4.6917553,-5.4917555,-5.7817554,-6.0717554,-5.521755,-4.3417554,-3.7617555,-3.8717554,-4.791755,-5.771755,-5.751755,-6.4817553,-6.2817554,-6.501755,-6.9817553,-7.2017555,-7.501755,-8.031755,-7.4117556,-7.5317554,-7.4117556,-8.571755,-8.781755,-9.011755,-8.531755,-8.931755,-8.001756,-7.6717553,-8.601755,-9.451756,-9.721755,-9.801755,-9.791756,-9.611755,-9.381756,-8.921756,-8.001756,-7.291755,-6.791755,-6.1817555,-5.4417553,-4.6517553,-6.291755,-5.2617555,-4.8617554,-4.9717555,-5.1417556
-5.791755,-4.521755,-5.0917554,-4.5117555,-3.3317554,-3.3817554,-5.501755,-5.6317554,-5.291755,-4.851755,-4.6217556,-5.3817554,-5.8817554,-5.2117553,-4.6317554,-4.831755,-3.9817553,-4.9217553,-5.0917554,-6.331755,-6.561755,-7.1417556,-7.0717554,-7.3617554,-6.9717555,-8.211756,-8.101755,-8.621756,-8.2417555,-8.251756,-8.671756,-8.211756,-7.8817554,-8.671756,-9.321755,-8.771755,-8.981755,-5.7017555,-8.141755,-8.591755,-10.061755,-9.281755,-9.141755,-9.181755,-8.931755,-9.081756,-8.381756,-7.8717556,-7.4817553,-6.521755,-6.0317554,-5.4917555,-4.771755,-5.1517553,-4.9217553,-4.2317553,-4.3017554
-5.6617556,-6.8017554,-5.2117553,-4.9717555,-4.0517554,-5.0117555,-5.2317553,-6.1517553,-6.0917554,-5.6517553,-5.291755,-5.3717556,-5.8217554,-5.4717555,-5.4017553,-5.6617556,-5.1817555,-5.291755,-5.8417554,-6.7617555,-7.7417555,-7.3217554,-7.9017553,-7.9617553,-7.5317554,-8.031755,-7.9217553,-6.791755,-8.571755,-8.361755,-9.021755,-9.141755,-8.9917555,-8.841755,-7.831755,-9.011755,-8.961756,-8.111755,-7.6217556,-8.391755,-9.041756,-9.351755,-9.891755,-9.681755,-9.391755,-8.781755,-8.651755,-8.981755,-8.071755,-7.6217556,-6.601755,-6.081755,-5.5517554,-4.4917555,-4.1617556,-4.7117553,-3.4417553
-6.791755,-6.7817554,-6.041755,-4.9717555,-4.6617556,-5.771755,-5.4717555,-5.8417554,-6.9117556,-6.3917556,-5.9517555,-5.6517553,-6.061755,-5.751755,-6.041755,-6.1417556,-6.0517554,-6.4217553,-6.9117556,-7.021755,-6.9317555,-7.521755,-8.431755,-8.591755,-7.811755,-8.051755,-7.6317554,-7.4617553,-7.9617553,-9.551755,-9.261755,-9.211756,-8.391755,-8.841755,-9.091755,-8.791756,-8.841755,-7.9817553,-7.331755,-7.751755,-7.8217554,-8.141755,-9.481755,-8.921756,-8.671756,-9.071755,-8.861755,-8.561755,-8.391755,-7.9817553,-7.4317555,-6.9717555,-6.3017554,-5.4917555,-3.4417553,-4.7017555,-3.1017554
-7.6417556,-7.2817554,-7.2117553,-6.2617555,-6.7817554,-7.5717554,-6.9317555,-6.521755,-6.6917553,-6.6517553,-6.751755,-6.6217556,-6.3617554,-6.751755,-6.7117553,-6.4917555,-6.4517555,-6.0517554,-6.5517554,-7.041755,-7.3017554,-7.3717556,-7.5317554,-7.8817554,-8.361755,-8.031755,-7.9817553,-8.651755,-8.901755,-9.571755,-8.231755,-9.041756,-9.031755,-9.851755,-8.971755,-8.601755,-9.131756,-8.931755,-8.421756,-7.9617553,-8.321755,-8.631756,-8.681755,-8.981755,-9.061755,-8.931755,-8.571755,-8.351755,-8.021755,-7.851755,-7.3017554,-7.2417555,-6.7817554,-6.4417553,-5.3217554,-4.251755,-3.4517553
-8.341755,-7.7117553,-7.581755,-7.4617553,-7.521755,-7.5317554,-7.561755,-7.271755,-7.521755,-7.2817554,-6.8917556,-7.0117555,-6.8017554,-7.2417555,-7.101755,-7.0917554,-6.811755,-6.751755,-6.5317554,-6.9017553,-6.5317554,-7.0517554,-7.6417556,-8.061755,-8.081756,-7.2017555,-7.7817554,-6.4417553,-4.541755,0.45824462,-7.9917555,-9.131756,-9.601755,-9.971755,-8.951756,-8.7417555,-8.721755,-8.941755,-8.081756,-7.6717553,-6.9117556,-7.9617553,-8.681755,-8.531755,-8.821755,-8.551755,-8.281755,-7.8417554,-8.141755,-7.5717554,-7.0717554,-6.6317554,-6.6117554,-6.6817555,-6.4817553,-5.6817555,-4.8817554
-8.701756,-8.211756,-8.431755,-7.6217556,-8.391755,-8.071755,-8.191755,-7.4717555,-6.541755,-6.6817555,-6.8617554,-6.6617556,-7.6117554,-7.4817553,-7.3417554,-7.4417553,-7.5717554,-7.5317554,-6.8217554,-7.041755,-6.9017553,-7.5117555,-7.021755,-7.0917554,-7.9017553,-7.8917556,-6.5117555,-8.891755,-9.091755,-7.8617554,-3.9117553,-9.131756,-6.7317553,-9.061755,-8.631756,-8.791756,-8.781755,-8.361755,-8.011755,-7.9517555,-8.181755,-9.351755,-9.421756,-9.251756,-9.001756,-8.861755,-8.541756,-8.231755,-7.8217554,-7.3617554,-7.1117554,-6.9617553,-6.5917554,-6.4717555,-6.021755,-5.6717553,-5.1617556
-8.591755,-8.111755,-8.501756,-8.351755,-8.7417555,-8.901755,-7.9817553,-8.131756,-7.5917554,-7.6317554,-6.9217553,-6.9717555,-6.9117556,-7.3417554,-7.521755,-6.851755,-6.851755,-6.6917553,-6.9817553,-7.0117555,-7.251755,-6.1317554,-5.8417554,-6.6217556,-7.101755,-7.1617556,-6.9417553,-6.5117555,-7.5917554,-6.3017554,-4.8217554,-3.0017555,-11.731755,1.1182446,-4.7117553,-7.8417554,-8.641755,-7.5717554,-7.0717554,-7.0917554,-8.481755,-9.371756,-9.271755,-9.421756,-9.291756,-9.041756,-8.341755,-8.321755,-7.811755,-7.7417555,-7.3717556,-6.7417555,-6.561755,-6.2017555,-5.601755,-4.9617553,-4.4117556
-9.561755,-8.541756,-8.761755,-8.631756,-8.791756,-8.071755,-8.631756,-8.031755,-7.9917555,-7.501755,-7.2317553,-6.4717555,-6.5117555,-6.6117554,-7.4317555,-6.6817555,-6.7117553,-6.8217554,-7.9417553,-7.5917554,-7.811755,-7.3017554,-6.2617555,-6.751755,-7.1317554,-6.4617553,-6.7417555,-6.561755,-6.1917553,-6.6417556,-6.3917556,-6.291755,-2.5717554,-8.211756,-5.9117556,-7.9817553,-8.631756,-8.2417555,-8.871756,-7.2317553,-8.621756,-9.801755,-9.951756,-9.651755,-9.581756,-9.131756,-8.921756,-8.591755,-8.191755,-7.9917555,-7.7117553,-7.0517554,-6.7417555,-5.9117556,-5.6117554,-4.831755,-4.7317553
-9.651755,-8.451756,-8.461756,-7.751755,-8.411756,-8.721755,-8.711756,-8.391755,-8.191755,-7.7817554,-7.1817555,-6.7117553,-6.6717553,-5.6617556,-5.6117554,-5.8817554,-6.351755,-6.9017553,-7.4217553,-7.8717556,-9.091755,-8.211756,-7.331755,-7.4417553,-7.9517555,-7.6717553,-6.8817554,-6.251755,-5.6817555,-6.3017554,-8.011755,-8.101755,-7.9817553,-9.071755,-7.6517553,-7.4017553,-9.451756,-9.481755,-8.321755,-8.131756,-9.401755,-10.011755,-9.901755,-9.781755,-9.761755,-8.911756,-8.7417555,-7.771755,-8.401755,-8.061755,-8.061755,-7.101755,-6.581755,-6.1317554,-5.8217554,-5.0717554,-4.5317554
-7.291755,-8.001756,-7.5317554,-7.4117556,-8.231755,-8.071755,-8.831756,-8.761755,-8.471755,-7.7017555,-7.6517553,-6.751755,-5.8017554,-5.4917555,-5.8717556,-5.9317555,-5.9117556,-6.8617554,-7.0517554,-7.6317554,-8.801755,-9.351755,-8.751756,-8.801755,-8.221755,-8.871756,-8.931755,-7.8717556,-7.2317553,-7.001755,-6.9017553,-8.721755,-8.221755,-8.411756,-7.7417555,-7.811755,-9.341755,-9.171756,-8.631756,-9.051755,-10.181755,-9.811755,-9.361755,-9.251756,-9.601755,-9.431755,-9.351755,-8.691755,-8.671756,-9.031755,-8.231755,-7.6717553,-7.3417554,-6.7217555,-5.9917555,-5.8417554,-4.8817554
-7.4117556,-7.3417554,-7.1417556,-7.331755,-7.9217553,-7.4617553,-8.411756,-8.471755,-8.581756,-8.041756,-7.501755,-6.9617553,-6.7017555,-5.6317554,-6.4417553,-6.6917553,-7.2217555,-7.001755,-7.791755,-8.231755,-8.621756,-9.281755,-9.581756,-9.901755,-9.061755,-8.911756,-9.021755,-8.341755,-8.361755,-7.6617556,-7.251755,-8.411756,-7.9417553,-8.051755,-6.7117553,-8.471755,-8.001756,-8.071755,-9.211756,-9.361755,-10.081756,-9.801755,-9.461756,-9.051755,-9.7417555,-9.441755,-9.041756,-8.501756,-9.141755,-7.831755,-8.261755,-8.291756,-7.6617556,-7.2817554,-6.501755,-6.7617555,-5.771755
