json/gfs_20240719_00.json
{"header": { "discipline":0, "disciplineName":"Meteorological products", "gribEdition":2, "gribLength":79564, "center":7, "centerName":"US National Weather Service - NCEP(WMC)", "subcenter":0, "refTime":"2024-07-19T00:00:00.000Z", "significanceOfRT":1, "significanceOfRTName":"Start of forecast", "productStatus":0, "productStatusName":"Operational products", "productType":1, "productTypeName":"Forecast products", "productDefinitionTemplate":0, "productDefinitionTemplateName":"Analysis/forecast at horizontal level/layer at a point in time", "parameterCategory":2, "parameterCategoryName":"Momentum", "parameterNumber":2, "parameterNumberName":"U-component_of_wind", "parameterUnit":"m.s-1", "genProcessType":2, "genProcessTypeName":"Forecast", "forecastTime":0, "surface1Type":103, "surface1TypeName":"Specified height level above ground", "surface1Value":10.0, "surface2Type":255, "surface2TypeName":"Missing", "surface2Value":0.0, "gridDefinitionTemplate":0, "gridDefinitionTemplateName":"Latitude_Longitude", "numberPoints":65160, "shape":6, "shapeName":"Earth spherical with radius of 6,371,229.0 m", "gridUnits":"degrees", "resolution":48, "winds":"true", "scanMode":0, "nx":360, "ny":181, "basicAngle":0, "lo1":0.0, "la1":90.0, "lo2":359.0, "la2":-90.0, "dx":1.0, "dy":1.0 }, "data":
[rows 52 to 77 of 181, columns 285 to 341 of 360]
0.6945166,3.0145166,4.8745165,5.9445167,7.7745166,7.4845166,8.054517,7.6445165,8.174517,7.284517,6.7045164,6.6245165,6.3345165,6.0245166,6.1745167,5.3945165,4.7345166,4.8845167,4.9145164,4.9045167,5.514517,5.3745165,5.4145164,6.1245165,5.9945164,6.4045167,6.7345166,6.5645165,6.9245167,6.3545165,5.304517,4.0845165,3.1945167,2.9945166,2.4745166,2.1345167,1.8845166,1.5245166,1.3945166,1.3245167,0.72451663,0.5545166,0.8745166,0.15451661,-0.7454834,-0.4054834,0.6645166,-1.6954834,-1.5454834,-1.0754834,-0.2354834,-0.0654834,0.2045166,-0.5054834,-1.6554834,-1.8854834,-0.52548337
6.574517,6.9245167,6.2745166,6.0945168,6.284517,6.054517,6.534517,6.0045166,7.4645166,6.5245166,5.554517,5.324517,5.324517,5.6945167,5.5245166,5.2045164,4.9645166,4.6545167,5.1045165,5.0045166,4.2145166,4.9945164,4.4245167,5.3945165,5.1545167,5.0245166,5.4045167,5.3645167,5.7745166,5.2145166,4.3845167,2.5745165,1.0445166,1.1645166,0.9145166,0.9345166,0.4645166,-0.1454834,-0.5554834,-0.77548337,-1.4954834,-0.9854834,-0.8554834,-2.7554834,-2.3854835,-0.9654834,0.3745166,-1.7354834,-1.4154834,0.3345166,-1.7154834,-0.1954834,1.9045166,2.6245165,3.6145165,2.3445165,0.2245166
8.404516,8.714517,5.3445168,7.1845164,3.9245167,4.6545167,5.804517,6.1845164,5.4845166,6.1445165,5.2445164,4.9145164,4.6145167,4.7745166,4.6745167,5.5945168,5.3745165,5.534517,4.9545164,4.5045166,4.4345164,3.8145165,3.7945166,4.3345165,4.1245165,4.534517,3.5645165,4.3445168,4.284517,3.9845166,2.9245167,2.4145167,-1.1754833,-0.2254834,-0.1454834,-0.2954834,-0.5954834,-2.3954835,-1.1454834,-3.5254834,-2.0354834,-1.2454834,-0.4454834,-0.2354834,-0.4854834,0.5345166,-1.2054834,-3.5154834,-1.6554834,-0.4354834,0.3445166,0.4845166,0.4445166,2.4545166,4.554517,2.4245167,1.7545166
6.2145166,5.4045167,3.2945166,3.1145165,2.0645165,3.7045166,4.9045167,5.3145165,4.7345166,4.264517,3.8345165,3.6445167,4.1845164,3.8545165,4.1845164,4.7145166,4.4045167,4.3545165,5.074517,4.4745164,4.0445166,2.6445167,3.2645166,3.4445167,3.3045166,2.2445166,2.5445166,2.6845167,3.1545167,2.8145165,2.6745167,3.3245165,1.1145166,-0.4354834,-0.2554834,-0.6354834,-0.1254834,-0.4154834,-1.6854835,0.4345166,-2.1554835,-1.8454834,-2.1154833,-2.7054834,-2.1654835,-1.1054834,-2.9554834,-3.1754835,-3.6054833,-0.5154834,0.2545166,2.0145166,2.2345166,3.2045166,1.5145166,2.0145166,1.6445166
4.9645166,3.9345167,2.0645165,2.1345167,2.4445167,2.6645167,3.6145165,4.054517,3.9045167,3.7845166,3.2345166,3.4345167,2.7145166,3.5045166,3.2545166,2.9245167,2.2145166,2.9245167,3.1745167,3.4845166,2.7745166,1.0045166,1.5945166,1.4745166,1.2445166,1.3145165,1.3045166,0.5945166,0.9045166,0.4645166,1.3545166,2.8845167,1.6645166,-0.115483396,-0.5754834,-0.6454834,-1.5654835,-2.6254835,-1.7054834,-2.0254834,-2.7054834,-2.3454833,-1.0854834,-4.5854836,-2.4154835,-1.1854835,-3.0754833,-3.6954834,-4.3254833,-3.9154835,-2.2454834,-0.6154834,1.9645166,3.0645165,2.9945166,2.3945167,1.2045166
3.6445167,0.7545166,1.5445166,1.7245166,1.4245166,1.6545166,2.5345166,3.4145167,2.6045165,2.8745165,3.5145166,2.3545165,2.4845166,2.4045167,2.4245167,2.1645167,1.9445167,1.2245166,1.6245166,1.9245166,0.4545166,-0.9554834,-0.5654834,-0.1954834,-0.9454834,-0.6754834,-0.0454834,-0.2554834,0.5145166,0.7645166,1.1745166,0.4945166,1.2045166,0.1445166,-0.2854834,-0.025483398,-1.3854834,-3.0154834,-2.5654833,-3.4054835,-3.6354835,-3.3254833,-2.8654833,-2.5954833,-3.3354833,-1.7054834,-2.5654833,-3.3354833,-4.2454834,2.7645166,1.9645166,0.064516604,0.6945166,1.7245166,1.8145165,1.1745166,0.9945166
1.3145165,1.7245166,1.3145165,0.5845166,0.6845166,1.2245166,1.9145166,1.6545166,1.6445166,1.8045166,1.0145166,1.6545166,1.0445166,1.0645165,-0.4954834,0.1345166,0.1945166,-0.7054834,-0.7454834,0.1345166,-1.6354834,-1.5254834,-1.2054834,-2.0454834,-2.1854835,-1.7354834,-1.2654834,-1.0054834,-1.0954834,-0.8754834,-0.4054834,-0.0754834,-0.8154834,-0.8954834,-0.5154834,-0.5754834,-0.2954834,-1.4054834,-2.8654833,-3.8954835,-3.8054833,-3.4954834,-4.2854834,-4.1554832,-4.3654833,-3.4054835,-2.9054835,0.72451663,4.2045164,2.5045166,2.5145166,0.1745166,0.3545166,1.1645166,2.2845166,0.8545166,0.3445166
1.5045166,0.3745166,0.4645166,-0.4054834,0.3545166,0.7045166,0.2945166,0.1345166,-0.0954834,-0.0954834,-1.1854835,0.1245166,-0.8454834,-1.9554834,-2.2554834,-1.6454834,-2.1254835,-1.9754834,-2.9054835,-2.3754835,-1.7454834,-1.6454834,-1.7654834,-2.9154835,-2.9454834,-3.4954834,-2.7954834,-2.1054833,-0.9754834,-1.2254834,-0.8254834,-1.2554834,-2.0454834,-1.4954834,-0.7354834,0.054516602,-0.3354834,-0.2954834,-2.0654833,-1.4954834,-2.8454833,-3.1354835,-2.6854835,-1.1554834,0.9945166,2.7145166,1.9245166,3.1845167,2.8745165,1.7045166,2.5445166,0.36451662,-0.1354834,1.3845166,0.9245166,-0.20548339,-1.7754834
-0.20548339,-0.6154834,-1.2154834,-0.7354834,-0.52548337,-1.2054834,-1.3254834,-1.4854834,-1.5454834,-2.4254835,-2.8754835,-2.8754835,-2.8354833,-3.6454835,-4.1354833,-3.7754834,-3.9254835,-4.3254833,-4.485483,-4.1854835,-3.7254834,-4.1054835,-3.9654834,-3.2654834,-3.0654833,-2.5054834,-2.0154834,-1.9154834,-2.0254834,-1.9054834,-1.5454834,-0.77548337,-1.0154834,-1.2854834,-0.4054834,-0.1354834,-0.1354834,0.1145166,-1.4754834,-1.5854834,-1.1054834,-0.8454834,0.2445166,1.2445166,1.1045166,1.7845166,1.6145166,0.8645166,0.7745166,0.3745166,0.5845166,1.8145165,0.2745166,-0.5454834,-1.3854834,-1.9754834,-3.1754835
-1.5054834,-2.0254834,-1.6154834,-1.0754834,-1.4154834,-2.1854835,-2.5754833,-2.6254835,-3.7454834,-4.8154836,-4.0454836,-5.1454835,-4.6154833,-5.4554834,-5.9954834,-5.5854836,-5.7554836,-5.6054835,-5.7854834,-5.5754833,-5.6054835,-5.6054835,-5.0954833,-5.3054833,-4.0454836,-2.9054835,-3.5954833,-2.8954835,-2.8254833,-3.1254835,-1.3354834,-1.0854834,-0.5854834,0.4145166,0.36451662,-0.2354834,-0.3554834,-1.7154834,-2.1054833,-0.6254834,-1.5354834,-0.7354834,1.9745166,-0.005483398,-0.2654834,-1.3954834,-0.6354834,-1.5754834,-1.6754833,-1.3854834,-1.0354834,-1.2254834,-1.3854834,-1.0454834,-2.2854834,-3.0054834,-3.9454834
-2.3354833,-1.4654834,-2.0654833,-1.8754834,-2.2754834,-3.6154833,-4.1454835,-4.6354833,-4.6554832,-4.9054832,-6.1654835,-6.0554833,-6.1054835,-5.965483,-7.3454833,-6.8854833,-7.0054836,-6.7654834,-6.1854835,-6.7254834,-7.1854835,-7.2654834,-6.4054832,-6.2954836,-5.9554834,-5.5854836,-5.0854836,-4.8854833,-3.8054833,-3.6454835,-3.1954834,-2.2254834,-1.5654835,-0.2654834,-0.52548337,-0.6754834,-0.8754834,-1.1654834,-2.2354834,-3.1354835,0.1145166,0.5245166,-0.8554834,-0.0954834,-1.6254834,-1.3454834,-4.2954836,-2.7054834,-2.4854834,-2.6154833,-3.1654835,-2.4354835,-2.6754835,-2.8854835,-2.9154835,-3.0154834,-3.5954833
-4.0154834,-3.0654833,-2.8054833,-3.7754834,-3.6354835,-3.5654833,-5.0554833,-6.3954835,-6.3654833,-7.2654834,-6.7754836,-7.0554833,-6.3754835,-7.0154834,-6.4054832,-7.4754834,-7.8854833,-7.4954834,-7.4154835,-8.805484,-8.335484,-7.5154834,-7.1554832,-6.7454834,-5.945483,-6.3054833,-5.0954833,-6.1354833,-4.8354836,-5.3054833,-4.4954834,-3.5654833,-2.9654834,-1.6554834,-0.4454834,0.2345166,0.4145166,0.7745166,0.7945166,0.1245166,-1.0754834,-1.9054834,-2.3054833,-3.0654833,-2.3054833,-3.7554834,-4.0754833,-3.9754834,-3.4654834,-3.4254835,-3.5554833,-3.3454833,-3.4254835,-3.3754835,-3.2754834,-2.9854834,-2.7454834
-4.2054834,-3.9254835,-4.4354835,-4.985483,-4.3954835,-4.7054834,-5.7454834,-7.425483,-7.3954835,-7.8054833,-7.3454833,-7.4354835,-7.0454836,-7.3654833,-8.015484,-8.115483,-8.055484,-8.205483,-8.525483,-9.935483,-9.235483,-8.465484,-7.8154836,-7.3554835,-7.485483,-6.465483,-5.4554834,-5.945483,-5.2054834,-5.0954833,-4.8354836,-3.8954835,-4.235483,-2.8954835,-2.5554833,-1.3554834,-1.0254834,-1.5254834,-1.5754834,-2.2854834,-2.7454834,-3.0754833,-3.7254834,-4.0554833,-4.2254834,-4.8054833,-4.445483,-5.3654833,-4.5354834,-4.2654834,-3.6954834,-3.6154833,-3.6454835,-3.8454833,-3.5154834,-3.2454834,-3.1354835
-5.7554836,-5.6454835,-5.6354833,-6.0754833,-5.6654835,-5.5854836,-6.7854834,-7.175483,-6.7254834,-8.255484,-8.635484,-7.9754834,-8.525483,-8.765484,-8.975483,-8.805484,-9.405483,-9.065483,-8.795484,-8.475483,-8.805484,-8.655483,-8.455483,-8.505484,-8.315483,-7.6254835,-6.6654835,-6.4954834,-6.3154836,-5.7254834,-5.5554833,-5.4554834,-5.3754835,-4.9954834,-4.175483,-2.5854833,-3.6354835,-2.9154835,-4.925483,-4.235483,-3.7754834,-4.1054835,-5.0454836,-4.235483,-3.8154833,-5.8554835,-5.3054833,-4.9954834,-4.4954834,-4.2554836,-4.1354833,-4.0054836,-4.175483,-3.9254835,-4.6554832,-2.5354834,-2.7554834
-6.3854833,-6.2454834,-7.0454836,-7.5654836,-6.985483,-6.3954835,-6.9554834,-7.735483,-8.975483,-8.485483,-8.565483,-8.575483,-8.905483,-8.745483,-10.205483,-9.575483,-9.105483,-9.305484,-9.445483,-9.485483,-8.705483,-8.895483,-8.535483,-8.555484,-7.3554835,-7.8154836,-7.3454833,-6.7754836,-6.3454833,-5.3454833,-5.715483,-5.6054835,-6.3854833,-4.6654835,-5.0354834,-4.985483,-4.5254836,-3.8454833,-5.8754835,-4.465483,-4.2254834,-5.6654835,-4.7854834,-4.5754833,-3.7154834,-5.4954834,-5.3554835,-6.1154833,-4.4354835,-4.0754833,-4.5854836,-4.6454835,-4.2454834,-4.4954834,-2.9254835,-3.7054834,-2.3854835
-7.0254836,-7.5554833,-8.225483,-8.915483,-7.8454833,-7.4054832,-6.9554834,-8.275483,-8.365483,-8.785483,-9.205483,-9.555484,-9.6254835,-9.735483,-10.185483,-10.445483,-10.405483,-10.155483,-9.995483,-9.815483,-9.525483,-9.295484,-8.825483,-9.635484,-8.835484,-8.965484,-8.415483,-7.8754835,-7.6854835,-7.2954836,-5.6554832,-6.0154834,-6.8554835,-6.445483,-6.1154833,-7.5554833,-7.5154834,-6.3954835,-5.3554835,-5.0454836,-4.215483,-5.1154833,-4.0754833,-3.1854835,-5.1454835,-4.8154836,-5.2854834,-4.1654835,-5.6854835,-3.9854834,-4.3054833,-4.9154835,-5.445483,-3.7854834,-2.8154833,-2.8254833,-3.4754834
-7.7854834,-8.145483,-9.015484,-9.735483,-8.895483,-8.485483,-7.695483,-8.715484,-8.765484,-8.645483,-8.795484,-9.425484,-10.055484,-9.895483,-11.225483,-10.385484,-10.545484,-10.325483,-10.275483,-10.215484,-8.905483,-9.475483,-9.325483,-9.115483,-8.345484,-8.455483,-8.095484,-7.7554836,-7.425483,-7.215483,-6.5954833,-6.8654833,-7.2054834,-7.0654836,-6.8554835,-7.1054835,-6.2554836,-6.5654836,-6.195483,-6.925483,-5.6354833,-5.3254833,-6.5154834,-7.0754833,-6.965483,-5.4554834,-4.5354834,-4.0054836,-4.445483,-4.2654834,-4.9554834,-5.2854834,-4.4354835,-4.3854833,-3.2854834,-2.2654834,-1.8454834
-6.695483,-7.6554832,-9.905483,-11.235483,-9.755484,-8.725483,-8.165483,-8.905483,-8.895483,-8.985483,-8.735483,-9.535483,-10.465484,-10.355483,-10.155483,-10.255484,-9.345484,-9.795484,-9.835484,-10.385484,-8.505484,-9.045484,-9.115483,-9.015484,-8.525483,-8.195483,-7.9954834,-8.385484,-7.3254833,-7.5854836,-7.1654835,-6.8954835,-7.5454836,-7.6154833,-6.6454835,-7.0754833,-7.3354836,-6.7054834,-6.6154833,-5.965483,-7.0054836,-7.8154836,-7.2254834,-6.4554834,-6.7954836,-5.7254834,-5.1054835,-4.4354835,-5.0854836,-5.5554833,-6.0254836,-5.195483,-5.1154833,-3.8554833,-3.5154834,-2.4654834,-1.7754834
-0.9654834,-7.1254835,-8.255484,-13.705483,-12.055484,-8.065483,-7.985483,-8.925484,-9.085484,-9.205483,-9.095484,-8.925484,-9.435483,-10.715484,-10.175484,-9.345484,-9.255484,-9.065483,-9.135484,-9.385484,-9.435483,-7.985483,-8.515484,-9.165483,-8.715484,-8.635484,-8.3754835,-8.115483,-8.665483,-7.1154833,-7.9754834,-6.3554835,-6.965483,-7.5954833,-6.7654834,-6.1254835,-7.5654836,-7.4754834,-7.3254833,-7.1854835,-7.175483,-6.8954835,-7.215483,-7.0254836,-6.8454833,-6.3754835,-5.4754834,-4.6254835,-4.985483,-5.735483,-5.9754834,-5.3554835,-4.5754833,-3.2854834,-2.8954835,-2.0354834,-1.8654834
-1.1754833,-1.0354834,2.6345167,0.4745166,-0.9354834,-1.6854835,-4.1554832,-8.645483,-9.3754835,-8.935483,-8.815483,-8.615483,-9.175484,-10.225483,-9.725483,-10.085484,-9.405483,-9.015484,-8.275483,-8.765484,-8.905483,-7.8454833,-8.455483,-8.955483,-8.8754835,-8.105483,-8.685483,-8.025483,-8.655483,-8.565483,-6.7654834,-6.9754834,-8.055484,-6.8754835,-7.175483,-7.675483,-7.6454835,-7.0454836,-6.8554835,-7.445483,-6.9954834,-6.8154836,-7.4154835,-6.5354834,-6.2754836,-6.3354836,-5.8054833,-5.4554834,-5.7054834,-5.8054833,-6.0254836,-5.0054836,-4.2454834,-3.8254833,-3.2954834,-2.4454834,-0.9254834
-8.705483,-6.6854835,-8.065483,-7.985483,-4.4954834,-6.2854834,-5.3454833,-3.2354834,-4.3954835,-3.0154834,-8.385484,-8.735483,-8.955483,-9.245483,-9.555484,-9.685483,-9.765484,-9.6254835,-8.905483,-8.895483,-8.865483,-8.195483,-8.005484,-7.6554832,-8.815483,-8.105483,-8.525483,-7.7654834,-6.9554834,-7.3154836,-8.425484,-7.1154833,-7.3454833,-7.6354833,-7.8754835,-8.065483,-7.715483,-7.465483,-7.445483,-7.8254833,-7.8054833,-7.4954834,-6.7854834,-6.3154836,-6.3154836,-5.8654833,-5.5054836,-5.465483,-5.5154834,-5.6554832,-5.4754834,-4.7054834,-4.3654833,-4.4054832,-2.4054835,-1.8654834,-0.6954834
-8.685483,-9.985483,-10.115483,-9.715484,-8.565483,-7.4554834,-7.215483,-7.6354833,-7.9354835,-7.6554832,-7.8554835,-8.495483,-9.225483,-8.475483,-9.485483,-9.235483,-8.845484,-9.195483,-8.965484,-9.275483,-9.225483,-8.655483,-9.525483,-8.825483,-8.215484,-7.9954834,-7.715483,-7.8754835,-7.8354836,-7.175483,-8.395483,-7.2854834,-7.9754834,-6.9554834,-7.0754833,-7.675483,-7.3554835,-7.9154835,-7.6854835,-7.2454834,-6.8854833,-6.945483,-6.8654833,-6.5054836,-6.0754833,-5.8854833,-6.0754833,-5.735483,-5.5054836,-4.8154836,-2.9554834,-3.7754834,-4.1454835,-3.4654834,-2.5554833,-1.8054833,-0.4454834
-9.6254835,-10.595484,-10.065483,-9.645483,-8.975483,-8.385484,-8.035483,-7.7054834,-6.7254834,-6.8654833,-6.7854834,-7.8854833,-8.485483,-5.175483,-7.2254834,-8.355483,-8.825483,-8.735483,-8.505484,-8.485483,-8.525483,-7.7454834,-8.165483,-8.385484,-8.365483,-8.245483,-8.005484,-8.595484,-7.0354834,-6.6854835,-7.6454835,-7.1454835,-7.0754833,-7.2854834,-7.2854834,-7.215483,-6.6454835,-6.8954835,-6.8754835,-6.735483,-6.4154835,-6.2854834,-6.445483,-6.3154836,-5.6854835,-5.465483,-5.3754835,-5.3854833,-4.3754835,-5.925483,-3.8554833,-3.5054834,-3.4054835,-3.8654833,-2.3354833,-1.9554834,-0.3954834
-9.855483,-10.495483,-10.315483,-10.205483,-9.515484,-8.895483,-8.095484,-7.4154835,-7.4354835,-7.4954834,-6.6154833,-5.7954836,-5.4354835,-7.8054833,-6.5054836,-7.6454835,-7.4754834,-8.425484,-8.135484,-8.005484,-8.645483,-7.7554836,-6.695483,-6.1654835,-8.355483,-8.355483,-7.695483,-7.3754835,-7.3554835,-7.425483,-7.3154836,-6.9554834,-7.215483,-6.695483,-6.4554834,-6.675483,-6.7054834,-7.6654835,-6.6454835,-6.0354834,-6.0854836,-5.8854833,-5.9154835,-5.925483,-5.2654834,-4.9754834,-4.3454833,-3.5154834,-4.1054835,-4.5754833,-3.2154834,-1.9854834,-2.4854834,-2.6554835,-1.9054834,-1.2254834,-0.8654834
-9.605483,-10.165483,-10.155483,-10.805484,-10.3754835,-9.485483,-8.475483,-6.9054832,-6.1454835,-5.5054836,-4.7254834,-4.3754835,-3.9654834,-4.1454835,-3.4554834,-7.3054833,-6.8154836,-7.1054835,-7.4354835,-7.2654834,-8.035483,-8.055484,-7.4354835,-5.8854833,-4.6454835,-7.5354834,-7.675483,-7.3254833,-7.3954835,-7.0954833,-7.0354834,-6.6154833,-7.0554833,-6.7054834,-5.735483,-5.5954833,-6.3454833,-6.9054832,-7.0654836,-5.6654835,-5.8054833,-5.6254835,-5.5254836,-5.3054833,-4.7554836,-3.7054834,-3.5254834,-4.3854833,-3.8154833,-2.5254834,-1.3654834,-3.0354834,-1.4454834,-1.8054833,-1.6154834,-0.3054834,-0.025483398
-7.7854834,-9.675484,-9.785483,-10.685483,-10.015484,-10.585484,-9.515484,-7.8354836,-7.3554835,-5.8054833,-4.2554836,-2.8354833,-1.5554833,-1.7154834,-3.8054833,-5.175483,-5.3654833,-5.6054835,-5.5054836,-7.0954833,-7.4054832,-8.515484,-7.7654834,-6.3654833,-5.1154833,-3.7154834,-6.6254835,-7.1054835,-6.7954836,-6.7254834,-6.6854835,-6.5754833,-6.2954836,-6.2654834,-5.0354834,-5.465483,-6.175483,-6.445483,-5.8554835,-5.7254834,-5.3754835,-4.8254833,-5.425483,-4.5854836,-3.9854834,-4.2754836,-2.9954834,-1.9354835,-2.3554833,-1.1954834,-1.3254834,-0.6354834,-1.0054834,-0.1754834,-0.2654834,0.9145166,-1.3154835
