json/gfs_20240725_18.json
{"header": { "discipline":0, "disciplineName":"Meteorological products", "gribEdition":2, "gribLength":79331, "center":7, "centerName":"US National Weather Service - NCEP(WMC)", "subcenter":0, "refTime":"2024-07-25T18:00:00.000Z", "significanceOfRT":1, "significanceOfRTName":"Start of forecast", "productStatus":0, "productStatusName":"Operational products", "productType":1, "productTypeName":"Forecast products", "productDefinitionTemplate":0, "productDefinitionTemplateName":"Analysis/forecast at horizontal level/layer at a point in time", "parameterCategory":2, "parameterCategoryName":"Momentum", "parameterNumber":2, "parameterNumberName":"U-component_of_wind", "parameterUnit":"m.s-1", "genProcessType":2, "genProcessTypeName":"Forecast", "forecastTime":0, "surface1Type":103, "surface1TypeName":"Specified height level above ground", "surface1Value":10.0, "surface2Type":255, "surface2TypeName":"Missing", "surface2Value":0.0, "gridDefinitionTemplate":0, "gridDefinitionTemplateName":"Latitude_Longitude", "numberPoints":65160, "shape":6, "shapeName":"Earth spherical with radius of 6,371,229.0 m", "gridUnits":"degrees", "resolution":48, "winds":"true", "scanMode":0, "nx":360, "ny":181, "basicAngle":0, "lo1":0.0, "la1":90.0, "lo2":359.0, "la2":-90.0, "dx":1.0, "dy":1.0 }, "data":
[rows 0 to 25 of 181, columns 290 to 347 of 360]
-3.218413,-3.248413,-3.288413,-3.318413,-3.358413,-3.3884132,-3.4184132,-3.4484131,-3.478413,-3.508413,-3.538413,-3.558413,-3.588413,-3.608413,-3.6284132,-3.6584132,-3.6784132,-3.6984131,-3.7084131,-3.728413,-3.748413,-3.758413,-3.778413,-3.788413,-3.798413,-3.808413,-3.818413,-3.828413,-3.838413,-3.838413,-3.848413,-3.848413,-3.848413,-3.848413,-3.848413,-3.848413,-3.848413,-3.848413,-3.838413,-3.828413,-3.828413,-3.818413,-3.808413,-3.798413,-3.788413,-3.768413,-3.758413,-3.738413,-3.728413,-3.7084131,-3.6884131,-3.6684132,-3.6484132,-3.6284132,-3.608413,-3.578413,-3.558413,-3.528413
-2.598413,-2.6484132,-2.6984131,-2.758413,-2.798413,-2.848413,-2.8884132,-2.9284132,-2.968413,-2.998413,-3.038413,-3.068413,-3.108413,-3.1284132,-3.1684132,-3.1884131,-3.2084131,-3.228413,-3.238413,-3.258413,-3.278413,-3.288413,-3.298413,-3.308413,-3.318413,-3.328413,-3.338413,-3.338413,-3.348413,-3.348413,-3.348413,-3.348413,-3.348413,-3.348413,-3.348413,-3.348413,-3.348413,-3.338413,-3.328413,-3.328413,-3.318413,-3.308413,-3.298413,-3.298413,-3.298413,-3.298413,-3.288413,-3.288413,-3.278413,-3.268413,-3.248413,-3.238413,-3.218413,-3.2084131,-3.1784132,-3.1584132,-3.1384132,-3.108413
-2.1984131,-2.258413,-2.298413,-2.348413,-2.3984132,-2.4284132,-2.468413,-2.508413,-2.538413,-2.568413,-2.588413,-2.608413,-2.618413,-2.6284132,-2.6484132,-2.6484132,-2.6484132,-2.6584132,-2.6584132,-2.6784132,-2.6984131,-2.7084131,-2.728413,-2.738413,-2.758413,-2.768413,-2.788413,-2.808413,-2.848413,-2.8884132,-2.9384131,-3.008413,-3.078413,-3.1584132,-3.248413,-3.348413,-3.4484131,-3.538413,-3.6284132,-3.7084131,-3.768413,-3.828413,-3.8784132,-3.9084132,-3.9484131,-3.9484131,-3.9484131,-3.9384131,-3.8984132,-3.858413,-3.808413,-3.728413,-3.6484132,-3.548413,-3.4484131,-3.348413,-3.248413,-3.1584132
-2.098413,-2.1684132,-2.238413,-2.298413,-2.338413,-2.368413,-2.3784132,-2.3884132,-2.368413,-2.338413,-2.288413,-2.248413,-2.228413,-2.258413,-2.308413,-2.3984132,-2.528413,-2.6784132,-2.838413,-2.968413,-3.078413,-3.1784132,-3.248413,-3.298413,-3.328413,-3.358413,-3.3784132,-3.3784132,-3.338413,-3.308413,-3.268413,-3.238413,-3.228413,-3.218413,-3.218413,-3.2084131,-3.1984131,-3.1884131,-3.1784132,-3.1684132,-3.1584132,-3.1384132,-3.108413,-3.058413,-3.018413,-2.988413,-2.9484131,-2.9084132,-2.868413,-2.818413,-2.758413,-2.6984131,-2.6684132,-2.6684132,-2.6684132,-2.6684132,-2.6784132,-2.6884131
-2.1784132,-2.238413,-2.358413,-2.508413,-2.558413,-2.528413,-2.4584131,-2.4184132,-2.3984132,-2.368413,-2.338413,-2.318413,-2.328413,-2.348413,-2.368413,-2.368413,-2.348413,-2.338413,-2.318413,-2.308413,-2.298413,-2.308413,-2.328413,-2.348413,-2.3884132,-2.4484131,-2.508413,-2.578413,-2.6584132,-2.728413,-2.818413,-2.8984132,-2.978413,-3.038413,-3.098413,-3.118413,-3.118413,-3.1484132,-3.1584132,-3.1884131,-3.218413,-3.248413,-3.268413,-3.278413,-3.278413,-3.338413,-3.4084132,-3.4284132,-3.4084132,-3.288413,-3.1984131,-3.1884131,-3.1784132,-3.1784132,-3.1884131,-3.1884131,-3.1684132,-3.1284132
-0.51841307,-0.6684131,-0.83841306,-1.0784131,-1.3684131,-1.5884131,-1.7484131,-1.8684131,-1.9684131,-1.9784131,-1.9884131,-1.928413,-1.8384131,-1.7484131,-1.6884131,-1.668413,-1.7484131,-1.8284131,-1.8584131,-1.8584131,-1.8484131,-1.8584131,-1.918413,-1.9784131,-2.068413,-2.1284132,-2.1784132,-2.218413,-2.268413,-2.298413,-2.338413,-2.328413,-2.328413,-2.348413,-2.348413,-2.358413,-2.368413,-2.3784132,-2.3784132,-2.3784132,-2.3884132,-2.3884132,-2.3784132,-2.368413,-2.368413,-2.368413,-2.348413,-2.298413,-2.218413,-2.1284132,-2.018413,-1.9384131,-1.8684131,-1.7484131,-1.678413,-1.668413,-1.778413,-1.8584131
-1.6484131,-1.678413,-1.678413,-1.658413,-1.6084131,-1.528413,-1.418413,-1.308413,-1.158413,-0.9984131,-0.8184131,-0.64841306,-0.44841307,-0.19841309,0.0015869141,0.16158691,0.19158691,0.16158691,0.11158691,0.11158691,0.11158691,0.18158692,0.28158692,0.4215869,0.5515869,0.6915869,0.66158694,0.5315869,0.3515869,0.23158692,0.20158692,0.17158692,0.2515869,0.3815869,0.5515869,0.7715869,0.7415869,0.60158694,0.60158694,0.7115869,0.4815869,0.061586913,-0.4884131,-1.028413,-1.2684131,-1.2684131,-1.298413,-1.548413,-1.3384131,-1.1284131,-0.9284131,-0.9284131,-1.3784131,-1.6484131,-2.018413,-2.348413,-2.338413,-1.808413
-0.5484131,-1.4384131,-2.078413,-1.5984131,-2.058413,-2.328413,-2.1584132,-1.9384131,-1.6084131,-1.4384131,-1.2684131,-1.1884131,-1.0884131,-0.9884131,-0.9284131,-1.038413,-1.2184131,-1.1084131,-0.8884131,-0.6584131,-0.58841306,-0.41841307,-0.2784131,-0.28841308,-0.6284131,-0.3984131,-0.2684131,-0.20841308,-0.3584131,-0.4884131,-0.37841308,-1.038413,-1.4384131,-1.3484131,-1.278413,-1.1184131,-0.8084131,-0.3384131,-0.038413085,0.46158692,1.331587,1.1015869,0.97158694,0.4215869,-0.46841308,-0.83841306,-0.8684131,-1.558413,-2.1884131,-1.2084131,-0.9284131,-1.038413,-1.8984131,-2.008413,-2.4284132,-2.538413,-2.4384131,-1.8884131
0.22158691,-0.16841309,-0.9484131,-0.7884131,-0.21841308,0.23158692,0.46158692,0.4715869,0.3215869,0.27158692,0.071586914,-0.34841308,-0.4984131,-0.51841307,-0.048413087,0.051586915,-0.38841307,-0.34841308,-0.12841308,0.101586916,0.3215869,-0.89841306,-0.6084131,1.2915869,0.24158691,-0.8484131,-0.8184131,-0.6284131,-0.52841306,0.2915869,1.1515869,1.1315869,0.24158691,-0.57841307,-1.2484131,-1.028413,-0.8184131,-0.57841307,-0.19841309,-0.44841307,-0.3684131,-0.6184131,-0.6384131,-0.6884131,-0.23841308,-0.21841308,-0.038413085,0.11158691,0.33158693,-0.23841308,-0.7184131,-0.9384131,-0.6184131,-1.4684131,-2.338413,-2.1584132,-2.9084132,-4.218413
-0.2684131,-0.6784131,-0.40841308,-0.4284131,-0.7384131,-0.6884131,-0.7584131,-0.25841308,-0.3084131,-0.9484131,-2.2084131,-1.6184131,-0.25841308,1.581587,2.661587,2.441587,2.171587,2.661587,3.251587,3.1215868,1.9315869,0.6315869,0.5515869,1.441587,2.421587,2.721587,2.2915869,2.631587,3.6115868,4.631587,5.2215867,5.091587,4.611587,4.1815867,3.761587,3.521587,3.421587,3.0615869,2.641587,2.271587,1.9915869,0.7615869,-1.558413,-0.7484131,-0.068413086,1.221587,2.531587,2.161587,-1.1984131,-1.2584131,-0.6884131,-1.2684131,-1.3984131,-0.9484131,0.18158692,0.101586916,-0.43841308,-0.3384131
-0.31841308,-0.38841307,0.5815869,1.1115869,0.061586913,-0.6084131,-1.4884131,-0.4984131,-1.2384131,-1.038413,-0.58841306,-0.3384131,-0.4584131,-0.4984131,-0.3684131,-0.3084131,-0.3384131,-0.24841309,0.09158692,0.8115869,1.6115869,2.001587,2.021587,2.0515869,2.261587,2.5415869,2.771587,3.0815868,3.481587,3.6115868,3.461587,3.141587,2.951587,2.891587,2.991587,3.141587,3.211587,3.131587,2.961587,2.8615868,2.6215868,2.271587,1.5515869,0.6215869,0.051586915,-0.9484131,-1.2684131,-1.9784131,-2.1784132,-1.7284131,0.08158691,0.4815869,-0.76841307,-0.5684131,-0.89841306,-1.4484131,-1.8184131,-1.9884131
-1.168413,-1.3884131,-1.2684131,-0.7484131,-0.8684131,-0.82841307,-0.7484131,-0.52841306,-0.3584131,-0.6684131,-0.89841306,-0.9784131,-0.9184131,-0.9184131,-0.8884131,-0.8184131,-0.7484131,-0.7284131,-0.5984131,-0.40841308,-0.058413085,0.2615869,0.46158692,0.7815869,1.2615869,1.711587,2.131587,2.3515868,2.3615868,2.161587,2.161587,2.3715868,2.661587,2.921587,3.0615869,3.031587,2.991587,2.981587,2.961587,2.8115869,2.6015868,2.231587,1.6715869,1.1715869,0.6915869,0.23158692,-0.5484131,-1.5884131,-1.418413,-0.6984131,-0.15841308,-0.21841308,-0.8684131,-0.8884131,-1.4384131,-1.6484131,-1.7384131,-1.7384131
-0.82841307,-0.8884131,-2.018413,-2.8784132,-3.108413,-3.108413,-2.788413,-2.288413,-2.3784132,-2.4284132,-2.278413,-2.258413,-2.1584132,-2.028413,-2.008413,-2.068413,-2.058413,-1.9584131,-1.808413,-1.6384131,-1.3784131,-1.0784131,-0.6884131,-0.3684131,-0.078413084,0.23158692,0.6515869,1.1115869,1.441587,1.6415869,1.8815869,2.141587,2.3115869,2.471587,2.721587,2.981587,3.171587,3.221587,3.271587,3.3115869,3.281587,3.281587,3.0915868,2.661587,1.1015869,-0.52841306,-0.95841306,-0.41841307,-0.24841309,-0.38841307,-1.158413,-1.028413,-0.40841308,-0.4584131,-0.8884131,-1.058413,-1.1084131,-1.058413
-1.0884131,-0.8084131,-0.3384131,-0.2984131,-0.70841306,-2.798413,-5.218413,-5.2584133,-5.5284133,-6.058413,-5.768413,-5.128413,-4.608413,-4.2784133,-4.308413,-4.448413,-4.348413,-4.0884132,-3.778413,-3.358413,-3.058413,-2.6884131,-2.1884131,-1.658413,-1.038413,-0.38841307,0.19158691,0.6515869,1.0115869,1.3115869,1.6215869,1.9315869,2.181587,2.441587,2.661587,2.8315868,2.991587,3.221587,3.5415869,3.781587,4.151587,4.271587,4.461587,4.841587,3.201587,1.6815869,-1.1984131,-0.7184131,1.5015869,-0.09841309,-0.11841308,0.91158694,-0.4284131,-0.23841308,-0.5584131,-0.7984131,-0.8484131,-0.76841307
-5.628413,-6.098413,-5.658413,-2.6484132,-3.1484132,-2.488413,-2.478413,-2.9484131,-3.088413,-2.598413,-1.038413,-0.95841306,-0.77841306,-1.3484131,-3.4484131,-4.678413,-4.748413,-4.908413,-4.898413,-4.538413,-4.288413,-3.9284132,-3.518413,-3.018413,-2.348413,-1.6484131,-0.9284131,-0.2784131,0.2915869,0.8215869,1.3615869,1.7915869,2.141587,2.401587,2.641587,2.891587,3.1215868,3.421587,3.771587,4.171587,4.7215867,5.191587,5.731587,5.611587,4.691587,3.181587,0.28158692,0.101586916,0.15158692,-0.9384131,-0.89841306,-0.25841308,-0.9284131,-1.1184131,-1.028413,-1.0784131,-1.1984131,-0.8184131
-4.948413,-5.558413,-5.5484133,-4.698413,-4.018413,-4.608413,-5.668413,-5.908413,-5.2784133,-4.718413,-3.858413,-3.6384132,-2.538413,-1.0784131,2.1115868,2.6115868,-2.008413,-4.488413,-4.388413,-3.868413,-3.508413,-3.1884131,-2.778413,-2.508413,-2.008413,-1.3784131,-0.6584131,0.011586914,0.27158692,0.22158691,0.30158693,0.6215869,1.0215869,1.3715869,1.7815869,2.3415868,2.5615869,2.701587,3.201587,3.8515868,4.311587,4.311587,4.371587,3.521587,2.941587,1.6415869,1.1715869,2.901587,1.691587,-1.5184131,0.13158691,-0.64841306,-1.558413,-0.8884131,-0.89841306,-1.278413,-1.1884131,-0.8684131
-2.9284132,-3.848413,-4.5284133,-5.058413,-5.288413,-5.328413,-5.2784133,-4.888413,-4.118413,-3.6684132,-3.248413,-2.508413,-1.1084131,-3.6884131,-1.788413,-0.5684131,0.19158691,2.3715868,2.0915868,0.21158691,0.09158692,-1.8484131,-1.7584131,-1.308413,-0.8684131,-0.5584131,-0.44841307,0.12158691,0.6415869,0.9015869,1.5015869,1.701587,0.9315869,0.4815869,0.7415869,1.191587,1.7315869,2.3115869,2.411587,3.0815868,2.671587,1.571587,1.3115869,1.841587,1.6615869,2.711587,2.681587,0.7515869,1.1115869,0.27158692,-0.37841308,0.6115869,0.5315869,-0.048413087,-0.14841309,-0.6184131,-0.7184131,-0.7384131
5.071587,4.351587,2.201587,0.33158693,-3.598413,-4.038413,-4.0484133,-2.9384131,-3.1784132,-3.068413,-2.778413,-2.118413,-1.3784131,-0.4284131,0.23158692,0.49158692,-1.168413,1.0015869,-2.4284132,-1.7184131,-1.6884131,-1.8384131,-0.89841306,0.031586915,-0.95841306,-0.51841307,0.15158692,1.0115869,1.191587,1.191587,1.5315869,1.9815869,2.651587,1.941587,1.3515869,1.2515869,1.4915869,1.9015869,2.3015869,2.3015869,0.8615869,-0.08841309,-0.41841307,0.8415869,-0.46841308,0.7115869,1.3015869,-1.048413,-1.1384131,-0.018413085,0.49158692,0.9515869,0.22158691,-0.9384131,-1.4384131,-1.298413,-1.3184131,-1.1984131
3.1115868,4.821587,6.371587,6.621587,4.2415867,3.0815868,2.8215868,0.4715869,-0.6684131,-1.0684131,-1.028413,-0.7284131,-0.95841306,-1.2584131,0.101586916,-1.4384131,-1.1284131,0.17158692,-2.048413,-3.328413,-0.23841308,-1.418413,-1.8284131,-1.4984131,-0.9484131,0.031586915,-0.08841309,0.7815869,0.97158694,1.7915869,1.8815869,2.0715868,2.471587,2.131587,1.581587,1.5615869,1.5315869,1.471587,1.1515869,0.0015869141,-0.58841306,-1.3984131,-0.31841308,0.6415869,1.4115869,-0.47841308,0.061586913,-1.6184131,1.1815869,-0.38841307,-0.038413085,0.19158691,-1.2384131,-1.6984131,-1.6984131,-1.9784131,-2.1684132,-2.838413
-4.428413,-3.468413,-0.8084131,2.151587,2.911587,3.5515869,3.8315868,3.431587,2.161587,1.9115869,2.011587,1.091587,0.17158692,0.18158692,-0.57841307,-2.6784132,-1.3284131,-0.40841308,-2.6484132,-3.048413,-2.6384132,-1.1184131,-2.038413,-1.9784131,-1.4584131,-1.5184131,-0.3984131,0.31158692,1.3515869,2.011587,2.3415868,2.161587,2.691587,3.0615869,2.0815868,1.951587,1.4315869,1.461587,1.3615869,1.591587,0.7615869,-0.31841308,0.8115869,0.5915869,2.901587,-1.288413,1.961587,2.171587,-0.6184131,-0.52841306,-1.3784131,-2.278413,-2.108413,-2.6984131,-2.968413,-3.528413,-3.7084131,-3.9284132
2.8215868,0.4215869,-1.3984131,-3.4484131,-2.568413,0.6815869,2.8015869,3.681587,2.911587,2.411587,2.451587,1.711587,1.1215869,0.8615869,0.2915869,0.8415869,-1.918413,-2.518413,-1.5884131,-0.8184131,-2.318413,-1.3484131,-3.8984132,-3.598413,-3.048413,-2.338413,-1.528413,-0.8784131,-0.21841308,0.3915869,1.581587,1.4115869,2.1115868,2.231587,1.6715869,1.1415869,0.79158694,1.7315869,2.461587,-1.0784131,-0.8084131,-0.37841308,0.49158692,-0.9684131,-0.9084131,-0.9284131,0.33158693,1.8715869,0.24158691,-2.048413,-2.6884131,-3.1784132,-3.808413,-3.778413,-4.468413,-4.8384132,-5.368413,-5.598413
5.191587,2.8715868,1.581587,-2.508413,-1.6884131,0.031586915,1.0315869,1.4215869,2.3015869,2.911587,2.491587,1.2815869,0.061586913,-1.6384131,-3.8984132,-5.0284133,-4.808413,-2.058413,-1.4684131,-3.258413,-2.4084132,-3.508413,-3.988413,-2.598413,-4.398413,-3.298413,-2.4284132,-1.028413,-0.58841306,-0.57841307,-0.31841308,0.27158692,1.2615869,2.6015868,2.711587,0.5815869,-0.8784131,-0.09841309,-0.6584131,-0.4584131,-0.2784131,-0.6784131,-0.4884131,-0.6584131,0.6115869,-1.6884131,-3.818413,-4.768413,-4.158413,-3.8984132,-4.428413,-4.478413,-5.238413,-5.388413,-5.8184133,-6.128413,-6.438413,-6.928413
7.651587,5.4115868,1.0115869,3.391587,-1.9884131,-4.3184133,-1.298413,0.7715869,0.73158693,0.33158693,-0.5384131,-1.668413,-3.568413,-5.998413,-6.5284133,-6.0084133,-3.308413,-3.538413,-1.4884131,-1.2084131,-4.198413,-4.618413,-3.1684132,-1.6184131,0.071586914,-0.6784131,-2.1784132,-0.9184131,0.31158692,-0.018413085,-0.4584131,-0.19841309,0.9615869,2.891587,4.021587,-0.4584131,-0.058413085,0.6415869,1.5115869,-0.2684131,-0.9884131,-2.738413,-4.458413,-4.608413,-4.498413,-3.728413,-3.278413,-3.338413,-3.8984132,-4.618413,-5.628413,-7.018413,-6.158413,-6.438413,-6.728413,-7.0884132,-7.198413,-8.168413
9.081587,6.9515867,4.371587,1.9215869,2.451587,1.961587,-0.9284131,-1.2284131,2.5915868,4.9715867,2.1015868,1.2715869,-0.77841306,-3.278413,-9.178413,-8.118413,-2.498413,-2.538413,-2.6784132,-2.608413,-4.698413,-1.918413,-0.3584131,-0.6584131,-0.19841309,0.6315869,1.441587,1.4915869,0.72158694,0.5615869,0.37158692,-0.4584131,0.27158692,0.60158694,0.8915869,0.3915869,1.691587,-0.6884131,-1.3384131,-4.038413,-3.358413,-3.1584132,-2.7084131,-3.228413,-2.988413,-3.038413,-2.6684132,-2.348413,-3.4584131,-4.738413,-6.858413,-8.798413,-9.608413,-7.418413,-7.5484133,-7.328413,-7.128413,-7.938413
9.091587,8.721587,8.9415865,8.781587,11.571587,4.671587,2.0415869,0.43158692,-1.3584131,-3.288413,2.201587,3.021587,2.0915868,1.1415869,-1.548413,-3.4284132,-8.148413,-4.3384132,-2.278413,-0.6884131,0.9415869,2.0715868,2.431587,3.3315868,2.711587,2.8415868,4.371587,2.5515869,-0.51841307,0.46158692,-0.8584131,0.14158691,1.4215869,0.6915869,1.191587,0.6815869,-0.4584131,-0.7384131,-1.5084131,-2.6584132,-2.6584132,-3.1784132,-2.558413,-2.4084132,-1.1184131,-0.6884131,-1.2284131,-0.58841306,-2.048413,2.941587,-2.3884132,-1.6284131,-1.038413,-4.788413,-7.788413,-2.548413,-6.168413,-7.418413
10.321587,10.031587,9.651587,8.651587,5.521587,10.171587,9.331587,0.011586914,2.511587,3.891587,3.6015868,4.1615868,5.7215867,4.331587,2.6015868,0.8815869,-1.5884131,-2.4184132,0.3915869,-1.8484131,-3.6984131,2.1015868,4.981587,6.031587,5.711587,4.871587,6.261587,4.621587,1.091587,0.3215869,-0.4984131,0.6415869,1.6715869,-0.37841308,-0.7184131,0.67158693,-0.108413085,0.041586913,-1.1284131,-1.7684131,-1.3484131,-3.3984132,-3.1584132,-2.228413,-0.8884131,1.4015869,2.8015869,2.141587,1.1115869,0.8115869,1.8115869,-0.9984131,-3.108413,-2.558413,-1.3284131,-1.7584131,-1.038413,-5.808413
