json/gfs_20240718_00.json
{"header": { "discipline":0, "disciplineName":"Meteorological products", "gribEdition":2, "gribLength":79603, "center":7, "centerName":"US National Weather Service - NCEP(WMC)", "subcenter":0, "refTime":"2024-07-18T00:00:00.000Z", "significanceOfRT":1, "significanceOfRTName":"Start of forecast", "productStatus":0, "productStatusName":"Operational products", "productType":1, "productTypeName":"Forecast products", "productDefinitionTemplate":0, "productDefinitionTemplateName":"Analysis/forecast at horizontal level/layer at a point in time", "parameterCategory":2, "parameterCategoryName":"Momentum", "parameterNumber":3, "parameterNumberName":"V-component_of_wind", "parameterUnit":"m.s-1", "genProcessType":2, "genProcessTypeName":"Forecast", "forecastTime":0, "surface1Type":103, "surface1TypeName":"Specified height level above ground", "surface1Value":10.0, "surface2Type":255, "surface2TypeName":"Missing", "surface2Value":0.0, "gridDefinitionTemplate":0, "gridDefinitionTemplateName":"Latitude_Longitude", "numberPoints":65160, "shape":6, "shapeName":"Earth spherical with radius of 6,371,229.0 m", "gridUnits":"degrees", "resolution":48, "winds":"true", "scanMode":0, "nx":360, "ny":181, "basicAngle":0, "lo1":0.0, "la1":90.0, "lo2":359.0, "la2":-90.0, "dx":1.0, "dy":1.0 }, "data":
[rows 52 to 77 of 181, columns 59 to 117 of 360]
-0.7089307,-2.9989307,-3.7989306,-1.6589307,-1.7989306,-2.6889307,-3.0789306,-3.0489306,-4.2189307,2.1910694,0.14106934,0.82106936,-0.96893066,1.7910694,-0.08893067,4.961069,2.4610693,-0.37893066,3.5710692,-0.37893066,-1.4089307,-2.7389307,-3.2389307,0.14106934,-0.27893066,-0.6389307,0.84106934,0.48106933,0.35106933,-0.30893067,-0.33893067,-0.31893066,-0.45893067,-1.2489307,-1.8489307,-3.4089308,2.6910694,2.1710694,1.1310693,0.51106936,1.0210693,0.96106935,1.6410693,2.0510693,0.6810693,4.841069,3.3910694,-0.46893066,3.1610694,2.6210694,0.051069334,1.4610693,1.4210694,-1.1489307,-0.0089306645,1.9710693,1.5210693,2.6710694,2.5110693
-2.0489306,-2.3289306,-2.3889306,-1.1389307,-0.92893064,-1.7289307,-0.5689307,1.2710693,4.461069,-0.16893066,2.3510695,0.021069337,0.23106934,-1.1489307,1.3110694,0.72106934,2.9110694,0.49106935,-0.96893066,-0.5089307,-0.36893067,-0.06893066,-1.0889306,-1.6589307,0.31106934,0.34106934,0.89106935,-0.5789307,-1.6489307,-0.36893067,-1.9789307,-2.6489305,0.41106933,1.1510693,1.6710694,-1.3989307,-2.4089308,-0.37893066,-1.1189307,0.6810693,-0.36893067,-2.2089307,-0.058930665,-0.55893064,0.46106935,2.7910693,2.6610694,3.2510693,2.1810694,1.2510693,0.5010693,2.3010693,-0.45893067,-0.5689307,-1.6089307,-0.12893066,4.5710692,5.091069,3.9110694
1.3510693,0.9910693,-1.2289307,-1.9989307,-0.6889307,-2.7989306,1.8110694,0.91106933,0.9310693,0.95106936,1.1610694,-1.1389307,-0.098930664,-0.33893067,3.4510694,2.5610693,1.8310694,0.6110693,3.3510695,-0.6289307,-0.22893067,-0.7589307,-0.16893066,-0.90893066,-1.2489307,-2.7389307,-1.0889306,2.3110693,-2.0989306,-3.1089306,-0.9389307,3.9310694,2.1710694,2.0210693,1.2510693,-0.23893066,-0.61893064,-1.7089306,-1.8289306,1.5710694,2.4410694,-0.058930665,0.24106933,0.85106933,1.3010694,0.96106935,2.4610693,1.0510694,1.9910693,0.78106934,0.121069334,0.53106934,-0.59893066,-1.4189306,-2.1089306,0.6210693,4.5510693,2.7810693,1.9810693
-3.1289306,-2.4989307,-5.0289307,-1.2089306,0.7510693,-1.0089307,-0.64893067,-1.6889306,-1.7989306,-1.9189306,-0.18893066,-0.73893064,-1.5589306,-3.0789306,-0.61893064,1.2110693,2.2110693,0.94106936,-2.8489306,1.8210694,0.5510693,-0.13893066,-0.36893067,-0.46893066,-0.26893067,-4.8189306,0.38106933,-0.038930666,-1.2189307,2.5210693,-0.90893066,0.061069336,-0.25893065,-0.35893068,1.5710694,-0.27893066,-0.24893066,-0.8789307,0.9810693,0.40106934,2.0510693,1.0510694,1.5710694,0.43106934,1.1910694,1.7110693,1.0410694,0.8010693,1.2410693,0.82106936,1.0110693,0.69106936,0.69106936,-0.46893066,1.9010693,1.7010694,2.9810693,2.0610693,0.6710693
2.3710694,1.0610694,-8.408931,-8.34893,-1.7789307,-1.5489306,-1.7389307,-2.6689308,-2.5389307,-1.1589307,-1.2389307,0.90106934,0.38106933,-1.7589307,-1.1289307,-0.43893066,-0.058930665,2.0510693,1.6810694,0.19106933,1.0010693,-0.17893067,-1.0789306,-1.0389307,-1.6189307,-2.2489307,1.8010694,-0.17893067,0.82106936,0.7410693,0.9210693,0.32106933,-2.3489306,-1.4089307,0.35106933,1.4510694,2.4310694,1.1410693,1.6010693,1.0310693,0.9910693,-0.84893066,0.43106934,0.71106935,0.42106932,-0.22893067,0.9310693,0.38106933,0.27106935,-0.20893067,-0.73893064,-0.058930665,0.041069336,0.8010693,0.24106933,2.0910692,1.4810693,3.1610694,1.8010694
-3.2989306,-3.1089306,-9.168931,-10.30893,-3.8989305,-3.2389307,-4.6889305,-3.0189307,0.51106936,-2.6389306,1.2910694,-1.4889307,-0.28893065,1.7510693,-0.21893066,-0.7689307,-2.2989306,-0.058930665,0.96106935,1.3510693,2.6210694,4.0510693,2.0510693,-0.49893066,-1.3189306,1.9110694,0.8110693,0.9910693,1.0210693,1.2010694,1.0310693,1.0610694,2.1610694,1.8910693,2.5810692,-0.52893066,1.4810693,1.4910693,-0.36893067,0.49106935,0.21106933,0.29106933,0.40106934,-0.35893068,0.021069337,-0.40893066,-0.10893066,0.40106934,-0.89893067,0.001069336,-0.23893066,0.25106934,0.23106934,-0.18893066,-0.13893066,1.0810694,0.7310693,-1.9489306,-2.0789306
0.32106933,-1.6889306,-12.328931,-9.108931,-3.7889307,-0.06893066,-0.29893067,0.71106935,-0.0089306645,2.1610694,-0.55893064,-0.27893066,0.13106933,0.041069336,0.16106933,1.6410693,0.42106932,0.72106934,-1.0089307,1.0310693,0.51106936,2.2110693,3.2410693,3.0410693,1.8710693,2.8710694,0.8610693,0.26106933,-0.39893067,-0.5089307,0.88106936,3.3610694,1.9010693,0.82106936,-0.5089307,0.72106934,0.9210693,0.16106933,-0.45893067,-0.44893065,-0.06893066,-0.41893065,-0.71893066,-1.0989307,-0.7089307,-0.45893067,-1.2289307,-0.10893066,-0.12893066,1.1810694,1.5410694,0.41106933,0.001069336,-2.3389306,0.83106935,4.0510693,5.2710695,3.3310692,0.121069334
-2.2289307,-4.9189305,-5.4989305,-4.4889307,-0.8789307,0.97106934,4.0010695,2.9810693,4.0610695,0.14106934,3.7310693,0.15106934,3.6310694,3.7910693,2.6210694,2.1210694,2.4010694,2.1710694,-0.67893064,0.011069336,0.57106936,2.9010694,1.4810693,2.1010695,2.4410694,2.3110693,1.0610694,1.7410693,1.8310694,1.6510693,2.2510693,1.1110693,0.44106933,1.9910693,2.0010693,1.5610694,0.8110693,-0.27893066,0.35106933,0.97106934,0.60106933,-0.8189307,-1.7489307,-0.15893066,0.26106933,-1.3089306,-1.0089307,-2.1789308,-0.71893066,-1.5689306,-0.60893065,1.5810694,-0.85893065,-0.7089307,3.3010693,5.3710694,4.7510695,1.7710693,3.4410694
-0.79893064,-0.31893066,0.40106934,-5.8989305,2.9610693,3.4310694,-1.0989307,3.6110694,1.2710693,-0.48893067,2.1510694,0.95106936,3.3510695,3.7010694,3.6510694,2.2710693,1.6110693,0.9310693,0.09106933,-0.90893066,0.25106934,0.97106934,1.2410693,1.4410694,1.4610693,1.9610693,1.9210694,0.5410693,0.85106933,1.4010693,1.5610694,2.2010694,0.31106934,1.0110693,0.70106936,0.78106934,-0.098930664,0.9210693,0.30106935,0.94106936,0.63106936,1.3810693,1.0810694,0.5410693,-0.15893066,-0.7589307,0.29106933,0.8010693,-2.1589308,1.3210694,1.5110693,1.0610694,0.91106933,6.0810695,6.3510695,5.5710692,2.0710692,1.7410693,2.5610693
-4.5289307,-1.4089307,-0.8789307,-10.568931,-8.798931,-7.7189307,3.1010695,0.051069334,1.3210694,2.7210693,1.2610693,3.3910694,3.0410693,1.6410693,3.9810693,2.5510693,1.8710693,2.1710694,0.061069336,0.64106935,1.0410694,-0.48893067,-1.3989307,0.83106935,0.6110693,0.44106933,2.2910693,1.5610694,3.2210693,1.8010694,2.1410694,2.5210693,2.4010694,1.4610693,0.26106933,1.7010694,-0.28893065,-0.44893065,1.3910693,0.57106936,0.69106936,0.8110693,0.061069336,0.5610693,-0.10893066,0.63106936,-0.20893067,0.47106934,1.5510694,2.1210694,0.78106934,1.1610694,2.8410692,2.2410693,5.9710693,2.0210693,1.7310693,4.0110693,3.9310694
-3.1589308,-0.9989307,-4.3589306,-3.7289307,-6.6289306,-0.55893064,1.5010693,2.1710694,0.97106934,4.8110695,3.9110694,3.3210692,2.3810694,2.5210693,2.2010694,2.3110693,1.3410693,0.39106932,-0.64893067,-0.21893066,-1.0689306,-1.4989307,-1.0889306,-0.41893065,-0.79893064,-1.1189307,-0.66893065,-0.028930664,0.45106933,1.7610693,2.0810692,-0.28893065,0.96106935,1.1710694,0.5410693,-0.44893065,-1.1189307,-1.1189307,-0.098930664,0.24106933,-0.11893067,0.20106934,-0.08893067,1.0610694,0.88106936,0.72106934,1.3110694,2.6810694,3.5010693,1.7910694,1.4910693,2.7210693,0.24106933,1.6710694,4.5710692,0.49106935,4.2010694,3.6510694,3.2710693
-0.10893066,1.4910693,2.3710694,2.3710694,-1.5789306,2.0110693,3.4010694,2.6010695,0.78106934,4.1610694,4.1210694,2.8410692,1.1110693,1.6110693,2.2610693,1.1210693,1.6110693,0.76106936,0.77106935,0.41106933,-0.67893064,0.29106933,-0.71893066,-0.53893065,-1.8789307,-1.3589307,-2.3889306,-1.0889306,-0.80893064,-1.0789306,-1.4189306,-1.4589306,-1.2889307,-1.7989306,-1.3389306,-0.92893064,0.78106934,0.85106933,-0.84893066,-0.098930664,0.061069336,0.29106933,0.89106935,1.0310693,1.5710694,4.2810693,2.5510693,6.651069,4.961069,3.5110693,1.1410693,1.5310693,0.51106936,3.4110694,5.1610694,0.96106935,5.4710693,2.9910693,1.7510693
0.89106935,0.95106936,0.9310693,2.0610693,0.46106935,0.17106934,1.2610693,-1.1889306,0.021069337,0.51106936,2.3010693,1.1610694,0.8110693,4.651069,1.9910693,0.89106935,-2.1189306,0.6710693,1.0710694,0.22106934,-0.43893066,-0.6989307,-0.42893067,-1.0889306,-1.4389306,-0.17893067,0.84106934,0.35106933,0.38106933,-0.83893067,-0.80893064,-1.2989306,2.1510694,0.90106934,0.16106933,-0.14893067,-0.23893066,-0.49893066,0.5510693,-0.35893068,-0.07893066,0.34106934,1.0210693,1.4510694,1.9810693,2.5510693,1.8110694,2.4910693,1.7510693,1.6010693,1.4310694,1.6110693,2.6110694,2.9610693,2.6510694,2.4110694,3.0710692,2.0110693,0.38106933
0.31106934,1.4510694,3.3010693,2.6710694,0.31106934,1.4410694,0.41106933,-1.3889307,-3.6089306,1.2610693,0.5410693,3.7210693,3.0010693,5.1210694,1.8010694,2.0610693,1.6110693,-0.5089307,-0.41893065,1.5410694,1.2410693,-0.098930664,-0.5189307,-1.1489307,1.5110693,1.0810694,1.1010693,1.7310693,2.0910692,2.0310693,1.7210693,1.1810694,-1.2989306,0.41106933,-1.0489306,-0.9389307,-0.21893066,0.34106934,-0.018930664,-0.71893066,0.041069336,-0.34893066,0.7910693,0.41106933,0.27106935,1.0510694,0.5410693,0.11106934,1.3110694,1.9110694,1.0510694,0.25106934,1.3810693,0.7510693,2.4010694,0.53106934,2.4110694,1.2110693,0.84106934
2.8410692,8.381069,5.881069,3.8210692,1.7510693,0.53106934,-0.25893065,-2.9889307,-2.9689307,-0.8189307,0.57106936,1.5710694,0.94106936,1.9410694,1.6410693,2.6410694,2.0810692,0.89106935,-0.85893065,1.5210693,1.5510694,0.6710693,-0.65893066,1.3010694,1.8210694,1.4410694,2.1210694,2.0910692,1.0710694,1.2810693,1.2810693,1.1510693,0.9310693,-0.54893064,0.33106935,0.30106935,0.121069334,0.37106934,0.44106933,-0.13893066,-0.6989307,0.30106935,0.34106934,0.43106934,-0.22893067,0.10106934,0.27106935,0.11106934,0.49106935,-0.30893067,1.2910694,0.90106934,-0.6289307,-0.22893067,-0.028930664,0.95106936,0.051069334,0.6810693,1.1410693
1.9410694,10.881069,7.5610695,5.9110694,3.8910694,0.66106933,-1.9989307,-2.1289306,-1.7389307,0.49106935,0.061069336,1.9710693,3.5710692,3.5310693,3.4210694,3.3310692,1.5210693,-0.34893066,-1.7989306,2.8610694,0.18106933,0.5410693,0.5610693,1.2110693,0.76106936,-0.8289307,-0.6389307,0.30106935,0.83106935,0.28106934,0.78106934,0.7310693,0.32106933,-0.07893066,-0.27893066,0.081069335,0.7510693,1.9410694,-0.028930664,0.23106934,0.44106933,0.46106935,0.40106934,-0.32893068,-0.39893067,-0.39893067,-0.7089307,-0.39893067,0.30106935,0.9310693,0.15106934,-1.5489306,0.94106936,0.021069337,3.2810693,0.45106933,0.45106933,0.6110693,3.1610694
1.4910693,3.2710693,4.1610694,3.1810694,1.1710694,3.6510694,2.9910693,-1.2989306,-5.1989307,-1.5489306,1.1410693,3.8610694,2.3310692,3.9110694,4.1410694,0.91106933,0.23106934,1.0010693,0.78106934,-0.028930664,-1.9489306,0.48106933,-0.84893066,1.6310693,0.5010693,0.18106933,0.011069336,-0.91893065,-1.4789307,-0.92893064,-1.3289306,-0.34893066,1.0010693,-0.90893066,-0.19893067,0.20106934,3.8410692,3.4110694,0.15106934,0.49106935,0.26106933,-0.14893067,0.20106934,-0.21893066,-0.19893067,-0.7089307,-0.55893064,-1.3789307,-1.6489307,0.09106933,1.0410694,0.76106936,0.8710693,0.40106934,4.2810693,4.3210692,2.3810694,3.5410693,4.3310695
1.0710694,0.90106934,0.5410693,4.9910693,5.5310693,3.6110694,4.111069,2.8810694,4.2310696,4.0810695,4.361069,4.9510694,2.3410692,4.5010695,3.5510693,1.8610693,-1.9489306,0.40106934,-0.34893066,-0.058930665,-0.41893065,2.1210694,1.5110693,1.2410693,-0.47893065,0.9910693,0.47106934,-2.3289306,-1.9489306,-2.9489307,-1.6589307,1.4710693,3.2310693,2.3810694,0.041069336,-0.53893065,4.7210693,4.401069,0.9310693,0.34106934,0.15106934,-0.33893067,0.19106933,0.021069337,0.011069336,0.20106934,-0.46893066,-2.2089307,-0.16893066,3.9810693,4.591069,3.7710693,5.591069,6.4710693,6.171069,5.4810696,3.7310693,3.0110693,3.5710692
0.9310693,1.1310693,3.1110694,6.4310694,7.8010693,6.4910693,5.9710693,4.5810695,3.3310692,3.9010694,4.4510694,4.6210694,4.591069,5.8110695,3.4410694,2.1210694,0.29106933,-0.52893066,-0.6289307,-0.5789307,-0.58893067,0.121069334,0.72106934,-0.17893067,1.9210694,-1.0889306,-1.6689306,-2.7589307,-4.4989305,-4.7789307,2.9510694,3.4110694,3.0710692,3.5310693,4.921069,-0.48893067,2.6110694,2.8410692,-0.33893067,0.15106934,0.121069334,-0.11893067,0.24106933,-0.10893066,0.37106934,-0.38893068,-0.61893064,-1.7889307,5.341069,2.2910693,3.8010693,6.2810693,7.0710692,7.6410694,6.7310696,7.2910695,6.0710692,4.6810694,3.5910692
0.57106936,3.4710693,7.4810696,8.831069,8.551069,7.941069,5.9310694,5.151069,4.4810696,4.2410693,3.5610693,3.6510694,3.5810692,4.4810696,3.9110694,1.6410693,1.2010694,1.5110693,1.3310694,0.83106935,0.121069334,0.21106933,0.25106934,0.9210693,-0.18893066,-0.9389307,-4.8589306,-3.0989306,-2.6089306,-3.1989307,2.6110694,3.7710693,6.1010695,6.7010694,6.2010694,2.5510693,1.1610694,0.69106936,-0.0089306645,0.40106934,0.09106933,1.0410694,-0.038930666,0.17106934,-0.048930664,-0.19893067,0.061069336,-1.1089307,2.1810694,5.901069,1.2610693,1.0910693,6.3110695,7.651069,7.1610694,7.2210693,6.7710695,5.7210693,3.8210692
2.8110693,6.9110694,9.19107,9.301069,9.371069,8.74107,7.0610695,5.6410694,4.5810695,4.5810695,4.0310693,3.7710693,3.6310694,2.9410694,2.0410693,0.14106934,0.64106935,1.7010694,1.6310693,0.64106935,-0.37893066,0.25106934,0.011069336,-0.77893066,-0.92893064,3.0610693,0.31106934,0.91106933,0.7310693,-0.89893067,2.3010693,9.69107,7.3110695,7.8510695,7.7010694,7.631069,0.90106934,0.19106933,0.19106933,0.46106935,0.52106935,0.9910693,0.7510693,1.2210693,-1.5089307,-0.35893068,0.45106933,0.44106933,0.5410693,2.8110693,0.66106933,5.9810696,5.6810694,5.341069,8.001069,8.23107,7.3710694,5.671069,3.9610693
9.681069,9.77107,9.721069,10.74107,9.86107,8.69107,7.4710693,6.4510694,5.8210692,4.631069,3.9110694,3.4510694,2.5810692,2.2210693,2.0110693,1.0810694,2.4410694,1.6010693,0.71106935,0.65106934,-0.26893067,-0.24893066,-0.35893068,0.031069336,0.19106933,-4.848931,0.13106933,0.35106933,2.9710693,5.0210695,5.4810696,6.401069,7.381069,7.5310693,8.48107,8.221069,2.8310692,2.9610693,0.7910693,1.3710693,0.88106936,2.2210693,-0.18893066,-1.3489307,-1.1689306,1.2210693,1.6210693,0.16106933,0.24106933,1.5310693,3.3310692,7.5410695,5.5010695,6.0810695,8.36107,7.961069,7.0610695,6.0610695,3.9310694
10.78107,11.351069,11.291069,11.471069,10.801069,9.03107,7.2910695,7.0010695,6.401069,5.6010695,4.361069,3.3210692,2.9410694,3.4410694,2.8010693,1.5110693,0.7410693,0.5610693,0.30106935,-0.17893067,-0.40893066,0.041069336,0.13106933,0.7910693,2.5310693,2.4310694,3.4010694,1.5510694,3.8710694,6.091069,6.881069,7.401069,8.52107,9.471069,6.6810694,7.2810693,3.2610693,6.6210694,5.9910693,1.5810694,0.39106932,2.8410692,1.4310694,0.33106935,2.5810692,3.3610694,4.6610694,1.1110693,0.9910693,0.11106934,1.3710693,7.341069,6.5010695,6.861069,8.951069,8.221069,7.7810693,6.4810696,5.8710694
11.211069,11.69107,11.28107,10.631069,9.24107,8.601069,7.671069,7.1410694,6.3710694,5.3910694,4.6410694,3.7010694,3.2010694,2.6710694,1.4710693,-1.6389307,0.021069337,1.1510693,1.3410693,1.1110693,0.8610693,0.66106933,2.3810694,1.1310693,-0.53893065,0.021069337,0.5510693,4.191069,6.5710692,6.421069,8.131069,7.961069,8.721069,9.081069,6.901069,6.8910694,6.691069,6.4310694,5.111069,0.24106933,0.44106933,0.72106934,1.3110694,0.94106936,2.6410694,3.3210692,2.8710694,0.7510693,0.57106936,1.3010694,0.45106933,9.751069,8.371069,5.631069,9.251069,8.90107,7.1010695,6.381069,4.8110695
11.261069,11.931069,11.621069,10.501069,9.701069,9.581069,8.221069,6.5010695,5.5810695,4.941069,4.5410695,3.0510693,2.9510694,2.3210692,0.38106933,-1.5689306,0.14106934,-0.73893064,2.2910693,0.9810693,-0.16893066,0.9210693,0.95106936,1.3210694,2.0310693,3.1010695,6.0510693,7.861069,7.2410693,6.9110694,8.871069,7.941069,8.621069,7.6810694,7.0610695,7.671069,7.2710695,7.1410694,7.2710695,4.5410695,0.15106934,2.0110693,1.4310694,0.41106933,3.4810693,1.3810693,2.2310693,1.6010693,0.9310693,1.3310694,2.4110694,5.9810696,4.3110695,9.24107,8.891069,8.621069,7.4910693,5.9910693,4.2910695
12.78107,11.73107,10.69107,9.921069,8.49107,7.4510694,7.0010695,6.461069,5.691069,5.131069,3.8710694,2.8110693,2.6210694,1.5810694,1.4810693,1.5310693,-0.39893067,1.2410693,0.97106934,1.1310693,0.7510693,1.7410693,6.0010695,4.401069,3.5810692,6.1810694,6.4510694,6.6410694,4.9710693,5.711069,9.03107,8.181069,7.2710695,7.0610695,7.091069,6.8110695,7.131069,7.1610694,5.6610694,4.091069,1.0210693,1.9810693,3.5910692,2.8310692,3.0810692,3.2010694,1.6710694,2.0010693,3.1210694,1.5910693,1.1210693,3.6910694,8.251069,8.82107,8.8110695,7.441069,7.6810694,5.7610693,4.2410693
