json/gfs_20240721_06.json
{"header": { "discipline":0, "disciplineName":"Meteorological products", "gribEdition":2, "gribLength":79628, "center":7, "centerName":"US National Weather Service - NCEP(WMC)", "subcenter":0, "refTime":"2024-07-21T06:00:00.000Z", "significanceOfRT":1, "significanceOfRTName":"Start of forecast", "productStatus":0, "productStatusName":"Operational products", "productType":1, "productTypeName":"Forecast products", "productDefinitionTemplate":0, "productDefinitionTemplateName":"Analysis/forecast at horizontal level/layer at a point in time", "parameterCategory":2, "parameterCategoryName":"Momentum", "parameterNumber":3, "parameterNumberName":"V-component_of_wind", "parameterUnit":"m.s-1", "genProcessType":2, "genProcessTypeName":"Forecast", "forecastTime":0, "surface1Type":103, "surface1TypeName":"Specified height level above ground", "surface1Value":10.0, "surface2Type":255, "surface2TypeName":"Missing", "surface2Value":0.0, "gridDefinitionTemplate":0, "gridDefinitionTemplateName":"Latitude_Longitude", "numberPoints":65160, "shape":6, "shapeName":"Earth spherical with radius of 6,371,229.0 m", "gridUnits":"degrees", "resolution":48, "winds":"true", "scanMode":0, "nx":360, "ny":181, "basicAngle":0, "lo1":0.0, "la1":90.0, "lo2":359.0, "la2":-90.0, "dx":1.0, "dy":1.0 }, "data":
[rows 78 to 103 of 181, columns 118 to 176 of 360]
7.3949537,6.4849534,2.9949536,3.6049535,4.9449534,1.7649536,4.2849536,0.8949536,4.8849535,5.5549536,4.7449536,3.7149537,4.6649537,5.0049534,6.0949535,8.294953,7.0549536,4.9949536,1.1549536,1.3149536,1.2349536,2.0149536,1.3049536,1.1649536,0.8349536,-0.07504639,-0.33504638,-0.0050463867,1.5549536,2.6449537,2.0949535,1.0649536,0.86495364,-0.095046386,-0.9150464,-1.1350464,-0.81504637,-0.4750464,-0.7450464,-0.4450464,-1.1750464,-1.7450464,-1.2950463,-0.9250464,-1.1350464,-1.4050463,-0.9950464,-0.6250464,-1.2950463,-1.3650464,-1.6150464,-1.5550464,-1.4050463,-0.9950464,-1.2450464,-1.5650464,-2.1650465,-1.8650464,-1.4950464
6.4049535,5.3949537,6.0149536,5.9149537,3.9649537,8.154954,1.9849536,3.1549537,3.6149535,3.6449537,2.9949536,4.1649537,5.4849534,5.8249536,4.7149534,4.6849537,6.524954,3.9349537,1.9049536,-0.025046386,-2.5750463,-0.6050464,0.7049536,0.5949536,-0.0050463867,-0.3850464,-0.17504638,0.5349536,1.3249536,1.0149536,2.0949535,1.6849536,0.9149536,0.074953616,-0.6050464,-0.8450464,-0.5250464,-0.7050464,-1.7950463,-0.81504637,-2.1250465,-0.9250464,-1.2150464,-1.0050464,-0.82504636,-0.8050464,-1.1950464,-1.6150464,-1.5750464,-1.6350464,-1.1550463,-1.2050464,-0.69504637,-0.50504637,-1.3450464,-1.7050464,-1.9450464,-2.4750464,-2.6550465
5.7849536,2.9349537,5.3049536,5.3649535,5.4849534,1.9749537,1.8149536,6.834954,0.2649536,-0.30504638,4.8249536,6.2349534,5.4849534,5.024954,4.9549537,6.0049534,5.564954,2.3349535,0.6249536,-1.3550464,-2.0450463,-2.5350463,-0.21504639,0.024953613,-0.22504638,-0.11504639,-0.035046387,-0.5350464,-0.8450464,0.15495361,1.6549536,0.8249536,0.5749536,-0.40504637,-0.7850464,-1.4650464,-2.0750463,-1.8650464,-1.9750464,-1.5850464,-1.5350463,-1.1350464,-1.2750463,-0.8050464,-1.3750464,-1.1250464,-1.9350464,-1.9450464,-1.9350464,-1.4250464,-0.33504638,-0.8450464,-0.42504638,-1.3350464,-1.7250464,-1.5650464,-1.7150464,-2.0150464,-1.9150463
3.4949536,5.0049534,5.314954,5.1449537,5.2049537,-0.23504639,0.6449536,-1.6950464,-0.9750464,2.4449537,6.8649535,6.9549537,6.2249537,5.084954,4.5949535,5.0549536,2.9549537,0.7149536,-0.4550464,-1.0850464,-2.6450465,-2.5850463,-1.2050464,-0.3450464,-0.88504636,-1.0750464,-0.8950464,-1.7850463,-1.4750464,-0.0050463867,-0.4750464,0.12495361,-0.045046385,-0.49504638,-1.4550464,-2.6450465,-3.4250464,-2.5950463,-2.4450464,-1.8450464,-1.7050464,-1.3750464,-1.1450464,-1.4150463,-1.4750464,-1.0550464,-1.3850464,-2.3150463,-3.3850465,-1.1350464,0.80495363,-0.3250464,-0.63504636,-1.2650464,-1.5050464,-1.4250464,-1.6250464,-1.5850464,-1.3550464
1.3349537,3.5549536,5.854954,5.774954,6.3649535,2.5449536,2.3949537,1.3249536,2.4449537,8.864954,7.8449535,7.3649535,5.7249537,5.1549535,5.1349535,3.9949536,0.024953613,-1.6750464,-1.9950464,-4.435046,-2.0250463,-3.0350463,-2.6750464,0.31495363,-0.18504639,-0.56504637,-0.095046386,0.2249536,0.28495362,0.14495361,0.0049536135,0.10495362,-0.4750464,-0.6150464,-1.8150464,-2.6850464,-3.4350464,-3.7350464,-2.0150464,-1.6650463,-0.4150464,-1.1850464,-1.8050464,-1.0450463,-1.1650463,-0.4750464,-1.1250464,-2.4250464,-2.0850463,-0.3150464,1.5849537,-0.4850464,-0.4150464,-1.0250463,-0.08504639,-0.37504637,-0.24504639,-0.76504636,-1.3050464
2.1249535,4.4849534,6.104954,5.854954,2.1849537,4.7849536,3.4249537,-0.18504639,1.2549536,9.124953,8.664953,7.4049535,6.294954,5.2849536,3.4949536,2.4849536,-2.6650465,-2.0150464,-3.9050465,-4.165046,-2.2850463,-2.7250464,-2.8950465,0.14495361,0.9449536,0.09495361,1.3349537,1.6949536,1.6449536,1.6349536,0.6649536,0.35495362,-1.0050464,-1.8350464,-2.0950463,-2.5550463,-3.2250464,-2.5650463,-1.3050464,-1.2650464,-1.8750464,-1.9650464,-1.5650464,-0.21504639,-0.035046387,-0.065046385,-0.24504639,-1.7550464,-1.7250464,0.09495361,1.3749536,-0.57504636,-0.75504637,-0.50504637,-0.17504638,0.5449536,0.20495361,-0.5450464,-1.5750464
-2.6750464,2.6049535,6.9049535,4.084954,4.9049535,4.354954,2.6249535,3.2349536,10.094954,8.414953,8.404954,8.014954,6.104954,6.7349534,4.5049534,-1.9750464,-1.0650464,1.9949536,1.9549537,1.9449536,1.1249536,0.19495362,-2.9650464,-1.3450464,-0.015046387,1.3149536,2.7849536,4.2649536,3.2549536,2.0849535,1.0449536,0.4049536,-0.30504638,-1.3350464,-1.5250463,-1.7350464,-2.0650463,-1.4350464,-1.5050464,-1.0250463,-1.2950463,-1.1750464,-1.1950464,0.3349536,0.16495362,0.32495362,0.16495362,-0.7050464,-2.4150465,-0.46504638,0.4049536,-0.11504639,-0.9850464,-0.5850464,0.13495362,0.86495364,0.24495362,-0.3850464,-0.40504637
2.2449536,5.8049536,6.314954,4.9549537,4.6849537,3.3449535,1.9149536,6.0949535,8.684954,7.024954,8.894954,8.194954,7.7049537,7.584954,5.8049536,5.7649536,5.1449537,5.814954,5.3849535,4.9449534,3.9349537,0.024953613,-1.2250464,-2.2950463,-1.2850463,0.73495364,3.6649537,5.3249536,4.6449537,2.8049536,1.8749536,0.8749536,-0.2650464,0.47495362,0.08495361,0.18495362,-0.94504637,-1.2650464,-1.0050464,-0.76504636,-0.42504638,0.7749536,0.6949536,0.74495363,-0.2950464,0.24495362,0.7149536,-0.025046386,0.20495361,0.4049536,0.09495361,-0.50504637,0.5749536,-0.07504639,0.23495361,0.3049536,0.7749536,1.3049536,1.2649536
4.0349536,5.564954,6.0949535,4.3949537,4.7649536,4.4549537,2.7349536,4.9749537,10.164953,8.444954,7.2149534,7.8849535,8.904954,8.104954,7.3949537,6.1449537,5.4649534,5.5149536,5.9749537,2.9949536,1.3249536,-0.8050464,-2.4950464,-1.5750464,-1.7150464,-0.6550464,3.1749537,5.794954,5.8649535,3.5949535,2.3249536,2.0049536,0.6049536,0.4649536,-2.3550463,-1.1350464,-0.56504637,0.06495361,0.5049536,0.6649536,0.8549536,1.1149536,0.74495363,0.18495362,0.25495362,0.55495363,0.35495362,0.6549536,0.9449536,1.0449536,0.4849536,0.3649536,0.28495362,0.3949536,-0.065046385,0.3349536,1.0349536,1.8349537,2.4649537
2.2449536,6.4749537,6.544954,1.2349536,2.7149537,5.314954,2.7849536,2.3049536,10.374953,8.3849535,1.5449536,9.834953,6.7549534,4.1549535,3.1649537,3.7849536,4.3049536,4.294954,1.5749536,-0.7950464,0.4249536,0.35495362,-2.0950463,-3.1550465,-2.6150465,-0.12504639,1.4249536,5.0549536,4.5749536,3.7249537,3.0849535,2.5949535,1.6249536,0.98495364,-0.1350464,0.2949536,-0.6750464,0.4649536,1.1449536,1.1749536,0.4849536,0.12495361,0.37495363,1.2049537,0.15495361,1.5849537,1.0449536,0.3049536,0.5849536,0.6249536,0.7849536,0.15495361,0.23495361,0.3649536,-0.095046386,0.9049536,1.3149536,2.1949537,2.8049536
0.47495362,4.6849537,6.8449535,1.6649536,1.2549536,6.2849536,2.0349536,-0.63504636,10.624953,8.774954,0.7649536,10.744953,6.7349534,3.2749536,1.4949536,3.4949536,2.7449536,1.7049537,0.4949536,-0.50504637,0.4949536,-0.3450464,-2.9950464,-2.3750465,-1.7950463,0.37495363,0.7249536,4.6149535,3.2949536,3.2749536,2.6549537,2.5849535,2.4649537,1.6149536,1.5849537,1.2949536,0.7049536,1.4949536,1.3849536,1.4149536,1.0849537,1.5349536,1.9349536,1.0549536,0.8749536,0.7949536,1.4449536,1.4449536,1.4349536,1.1849536,1.1349536,0.74495363,0.2249536,0.37495363,0.5649536,0.8549536,1.2249537,1.6349536,1.7849536
3.1949537,6.2449536,4.9549537,0.074953616,-2.1850464,2.3149536,2.8749535,7.4949536,9.274954,8.514954,2.0349536,9.404954,7.7849536,5.7449536,0.8749536,-0.8650464,2.2749536,2.0849535,0.5849536,-1.2450464,3.2549536,0.3349536,-2.3650465,-0.76504636,0.98495364,1.1449536,2.9149537,2.1349535,2.4849536,3.9949536,3.4949536,2.5149536,2.0149536,2.7049537,1.4449536,1.3449537,1.3849536,2.2249537,1.1149536,0.67495364,1.7549536,2.1349535,2.1349535,1.6849536,1.5849537,1.2349536,0.92495364,0.6049536,0.86495364,1.1749536,0.8449536,0.8949536,0.47495362,0.5049536,0.14495361,0.99495363,1.0249536,1.4949536,1.3749536
8.494953,6.2349534,0.6949536,-1.4550464,-1.7950463,0.13495362,8.264954,4.4249535,7.0049534,8.374953,0.74495363,9.534954,10.114954,1.1549536,-0.9750464,1.3949536,1.4149536,-0.3250464,-2.0350463,-3.6450465,-4.9650464,-0.50504637,4.4949536,3.6249535,4.3449535,4.2849536,2.6349535,3.7949536,3.7749536,4.084954,3.5749536,3.0849535,2.0749536,2.3349535,1.8149536,1.8849536,1.8249536,1.8349537,1.2649536,1.9849536,1.6649536,2.1149535,1.7849536,1.5249536,1.6849536,0.9549536,1.5849537,1.4249536,1.1949536,0.4549536,0.20495361,0.09495361,0.38495362,0.6249536,0.7849536,0.6049536,1.2349536,0.8249536,1.3949536
7.334954,3.6049535,-1.9450464,-3.5250463,-0.51504636,5.4849534,8.684954,1.9349536,6.6449537,9.824954,1.3149536,4.9249535,8.774954,3.3449535,0.21495362,0.044953614,1.1749536,0.8249536,-0.5550464,-1.2150464,2.8749535,2.4549537,5.0949535,6.044954,4.4749537,4.064954,4.6749535,4.3449535,3.7349536,4.1349535,4.5349536,4.3449535,3.1349535,2.3849535,2.7249537,2.1249535,1.8149536,1.6049536,2.1049535,2.5149536,2.7849536,2.0649536,3.7849536,2.5549536,2.7749536,2.8349535,3.1849537,1.5849537,0.8849536,1.0849537,0.5349536,0.21495362,-0.4150464,-0.07504639,0.4349536,0.4349536,0.6349536,0.5249536,1.2549536
8.8849535,-0.21504639,0.2649536,-0.37504637,-0.4750464,6.604954,7.854954,4.1249537,0.17495361,9.684954,4.2649536,0.6549536,5.9749537,8.694954,2.8149536,-0.24504639,-0.0050463867,-0.2550464,0.67495364,0.114953615,-1.1350464,-1.9050463,2.9849536,1.4949536,3.3949537,2.9849536,4.6549535,4.1449537,4.1249537,3.5049536,5.1249537,3.7649536,3.1349535,2.9149537,3.4849536,3.2449536,2.6149535,2.5749536,3.4549537,2.7549536,3.4549537,3.8049536,2.5649536,4.2349534,4.3849535,4.3749537,3.1649537,3.0449536,2.3049536,1.1549536,1.2149537,0.2749536,0.15495361,-0.2850464,-0.045046385,0.8149536,1.0549536,0.98495364,1.0449536
8.074954,1.1849536,-0.56504637,2.1649537,0.9449536,6.794954,7.1349535,8.054954,-0.5950464,7.814954,8.454953,2.9649537,4.8449535,9.424953,8.404954,2.8249536,-0.11504639,-2.5250463,-0.4150464,0.21495362,0.2949536,0.024953613,0.25495362,-0.39504638,0.014953613,2.3249536,-0.50504637,2.6549537,4.8749537,4.9149537,6.9349537,5.7549534,3.2949536,3.3649535,3.5349536,3.9749537,4.4349537,3.7249537,3.9849536,4.104954,4.3849535,4.6849537,4.3049536,4.3749537,4.7149534,3.8049536,3.2949536,2.0149536,1.7749536,1.6049536,1.0649536,0.8949536,0.6349536,0.15495361,0.47495362,1.0049536,1.0749536,0.09495361,0.74495363
4.4049535,4.4249535,1.4749537,3.4549537,0.8849536,3.6149535,6.1249537,6.544954,6.854954,5.1349535,6.3749537,6.3949537,7.5149536,9.224954,8.094954,1.8049536,7.9149537,1.3349537,1.0349536,-0.015046387,-0.7450464,-1.3650464,-0.6750464,-0.065046385,-0.4750464,-0.43504637,-2.1550465,1.0049536,4.9949536,5.5949535,6.7249537,8.174953,5.7449536,1.2049537,0.2249536,5.0949535,4.8749537,4.9249535,4.1149535,4.584954,4.544954,4.1749535,4.104954,4.5549536,3.6549537,3.2849536,3.9649537,2.7049537,2.3349535,1.9249536,0.4549536,0.8949536,0.3049536,0.10495362,-0.12504639,-0.76504636,0.7649536,0.7649536,0.4849536
6.6249537,7.7449536,0.32495362,4.2549534,5.7049537,2.9949536,5.1549535,6.8649535,6.9349537,7.0149536,7.3049536,7.1849537,7.2449536,8.074954,8.774954,6.8649535,6.354954,6.9249535,3.8349535,4.4249535,0.34495363,0.6049536,0.98495364,0.044953614,-0.21504639,-1.1250464,-1.1950464,-2.2550464,-0.7150464,5.9349537,11.274954,10.704953,8.334953,-0.7350464,0.7249536,3.8449535,2.1149535,4.604954,4.8749537,4.854954,4.4049535,3.0549536,3.5149536,4.1449537,3.9849536,3.6149535,3.9449537,3.5349536,3.2649536,3.0149536,1.9949536,1.5949537,1.6349536,0.80495363,0.92495364,0.38495362,-0.4850464,-0.7250464,0.074953616
6.104954,4.5549536,0.4949536,2.1449537,3.3149536,4.1249537,3.1249535,4.9549537,6.7349534,7.6349535,7.3049536,7.1949534,4.5949535,6.4549537,7.8849535,8.154954,4.6349535,8.534954,6.064954,3.1549537,4.9149537,-0.75504637,0.10495362,0.054953612,-0.24504639,0.8449536,0.4849536,1.3849536,2.0049536,-0.49504638,10.714953,4.0949535,2.0749536,2.8849535,5.354954,5.1749535,5.1349535,0.7549536,5.0949535,4.7149534,4.544954,3.6949537,4.354954,4.2849536,3.8949537,3.5649536,3.1749537,2.5149536,2.9149537,3.5049536,3.2849536,2.5149536,1.1249536,0.9549536,0.2649536,0.3649536,0.4849536,0.08495361,-1.0050464
3.9349537,3.0549536,2.4049537,1.7149537,2.0749536,1.0849537,3.6549537,-0.6750464,4.2649536,7.6249537,7.6349535,6.9749537,8.234954,4.524954,7.2649536,8.004953,7.0049534,6.6949534,7.5349536,5.564954,5.9149537,2.5749536,1.1349536,0.4349536,0.74495363,0.034953613,0.13495362,1.6249536,0.15495361,-0.8050464,3.9649537,6.9549537,9.344954,9.774954,8.124953,6.6949534,6.3849535,4.5749536,4.6949534,1.0349536,3.7349536,4.294954,4.8249536,4.2149534,4.4649534,4.104954,4.1449537,2.5649536,2.8349535,3.7749536,3.3849535,2.9249537,2.1049535,1.7349536,1.1649536,0.5249536,0.37495363,0.73495364,0.0049536135
-2.2450464,2.1749537,-1.5350463,-2.9750464,0.114953615,-0.3450464,-0.065046385,1.3849536,-1.5550464,6.4949536,6.5049534,6.6149535,5.3449535,5.9749537,5.8249536,6.2549534,6.7549534,7.4649534,7.7049537,7.7349534,3.4049537,3.1649537,3.5649536,2.0549536,1.7149537,1.7949536,6.0149536,7.7849536,3.4949536,-0.8950464,-0.82504636,5.6849537,4.9549537,10.994953,9.684954,7.9149537,6.7149534,5.604954,6.4249535,2.6049535,5.6749535,1.8949536,3.7649536,4.6849537,3.9449537,4.6149535,3.9949536,2.7449536,2.4749537,3.6649537,3.8049536,2.9849536,2.1049535,1.4749537,0.7749536,0.73495364,0.6949536,0.9749536,0.31495363
2.2149537,0.6349536,2.8649535,2.7649536,3.0049536,0.5149536,1.2149537,-1.0350463,2.3649535,3.9949536,4.9649534,5.6649537,5.4849534,4.8049536,4.4349537,4.3849535,5.0349536,5.6349535,6.5149536,7.1349535,6.6849537,6.9149537,5.9849534,3.7949536,3.6749537,3.1549537,7.6849537,8.534954,9.174953,2.4349537,-0.6050464,0.7849536,-1.6650463,10.434954,11.184954,9.304954,7.4249535,7.2649536,6.7849536,6.6949534,5.4049535,4.3249536,3.6849537,0.7949536,3.8549535,3.6549537,3.3649535,2.4949536,2.1349535,3.0149536,3.5749536,3.9549537,2.8449535,2.7449536,2.4549537,1.6449536,1.6449536,1.3249536,1.3049536
4.2549534,5.8049536,3.6349535,1.9349536,2.5649536,8.004953,4.774954,1.7249537,2.9849536,4.1649537,1.6849536,3.2849536,3.6949537,3.8349535,4.0149536,4.2449536,3.5949535,4.6549535,5.8049536,6.1249537,5.9449534,6.0749536,5.584954,3.3949537,5.314954,7.8649535,7.9049535,8.214953,8.404954,7.8849535,3.1849537,1.4249536,4.4249535,4.0049534,10.724954,10.654954,10.894954,9.644954,8.274954,8.144954,7.3049536,7.3649535,4.2049537,3.0249536,3.6749537,3.3549535,2.6849537,2.4949536,2.0749536,2.3549535,3.0049536,3.5449536,3.0449536,2.1349535,2.3249536,2.0349536,2.1249535,1.9149536,0.8449536
2.7349536,2.0949535,1.8949536,2.4349537,3.5449536,1.6049536,1.4449536,1.6349536,1.6449536,2.9049537,2.4549537,1.5949537,-1.6150464,0.7549536,0.4049536,2.6749537,3.0649536,3.7649536,5.274954,5.9549537,4.2849536,5.4849534,4.9149537,3.1449537,-0.14504638,7.3449535,7.3049536,7.334954,7.1349535,7.354954,6.5949535,6.1749535,7.0349536,8.244953,9.024954,9.444954,10.414953,9.984954,10.024954,9.854954,8.624953,8.014954,5.7249537,5.354954,3.1449537,3.4449537,1.4849536,1.6549536,1.0749536,2.3749535,2.4049537,2.2849536,2.2249537,2.0149536,1.6749536,1.4849536,1.5949537,1.9949536,1.8949536
1.2849536,1.4249536,1.7649536,1.9949536,1.8149536,1.4549537,1.3549536,1.3049536,1.7249537,1.7649536,2.0849535,2.2149537,1.7149537,-4.0350466,-3.0750463,0.23495361,-3.6950464,-4.3550463,2.7749536,5.3849535,3.1949537,3.1249535,4.524954,4.8649535,-1.0050464,3.7449536,6.4549537,6.2249537,6.7449536,6.6149535,6.6349535,6.4349537,6.8849535,6.7649536,8.214953,9.154954,9.214953,9.814954,9.044953,9.204953,9.064954,8.824954,6.7649536,5.294954,4.3049536,2.8349535,1.7349536,0.16495362,1.3549536,1.3649536,1.7149537,1.8749536,1.8449537,1.5349536,0.4349536,1.3049536,0.9649536,0.68495363,1.0749536
0.86495364,1.2649536,1.3149536,1.3849536,2.5349536,1.7649536,0.8749536,0.3949536,1.6149536,2.6849537,1.5949537,-0.3150464,-2.3250463,1.4349536,1.6449536,2.0049536,1.7749536,2.8549535,4.1249537,4.7549534,4.5749536,3.3349535,3.2149537,4.334954,1.3049536,1.7549536,4.6349535,6.0749536,6.7449536,6.084954,6.4049535,5.8649535,6.7249537,7.044954,7.2149534,7.524954,8.314954,8.574954,8.734954,8.934954,8.674953,8.814954,8.214953,6.5349536,5.5049534,4.4549537,2.8349535,0.19495362,0.13495362,0.61495364,0.55495363,0.68495363,0.86495364,0.7749536,-0.39504638,0.25495362,-0.14504638,-0.6850464,0.55495363
